자치구,대여소명,기준년월,대여건수,반납건수
강남구,2301. 현대고등학교 건너편,202207," 2,170 "," 2,183 "
강남구,2302. 교보타워 버스정류장(신논현역 3번출구 후면),202207," 1,140 "," 1,143 "
강남구,2303. 논현역 10번출구,202207," 1,329 "," 1,196 "
강남구,2304. 대현그린타워,202207, 288 , 104 
강남구,2305. MCM 본사 직영점 앞,202207, 334 , 342 
강남구,2306. 압구정역 2번 출구 옆,202207," 2,084 "," 2,031 "
강남구,2307. 압구정 한양 3차 아파트,202207, 463 , 438 
강남구,2308. 압구정파출소 앞,202207," 1,158 "," 1,162 "
강남구,2309. 청담역(우리들병원 앞),202207, 530 , 261 
강남구,2310. 청담동 맥도날드 옆(위치),202207, 544 , 573 
강남구,2311. 학동로 래미안 아파트 앞,202207, 308 , 156 
강남구,2312. 청담역 13번 출구 앞,202207, 714 , 593 
강남구,2313. 금원빌딩 앞,202207, 788 , 859 
강남구,2314. 청담나들목입구,202207, 638 , 639 
강남구,2315. 봉은사역 5번출구 옆,202207, 937 , 932 
강남구,2317. 삼성도로공원,202207, 778 , 794 
강남구,2318. 삼성중앙역4번출구(문화센터더 리빌),202207, 531 , 271 
강남구,2319. 포스코사거리 서측(수협 삼성동 지점),202207, 779 , 779 
강남구,2320. 도곡역 대치지구대 방향,202207, 836 , 860 
강남구,2321. 학여울역 사거리,202207, 736 , 723 
강남구,2323. 주식회사 오뚜기 정문 앞,202207, 683 , 637 
강남구,2324. 천주교 대치 2동 교회 옆,202207," 1,498 "," 1,505 "
강남구,2325. 대치삼성아파트 앞 교차로,202207," 1,040 ", 978 
강남구,2326. 대치동 삼성로,202207, 515 , 347 
강남구,2327. 뱅뱅사거리 랜드마크타워 앞,202207," 1,366 "," 1,365 "
강남구,2328. 르네상스 호텔 사거리 역삼지하보도 7번출구 앞,202207, 781 , 677 
강남구,2329. 르네상스호텔사거리 역삼지하보도 2번출구,202207, 484 , 419 
강남구,2330. 역삼월드메르디앙아파트 앞,202207, 698 , 681 
강남구,2331. 동영문화센터앞,202207, 541 , 477 
강남구,2332. 선릉역3번출구,202207," 1,618 "," 1,619 "
강남구,2333. 양재역 3번출구 주변,202207," 1,492 ", 769 
강남구,2334. 삼호아파트 2동 ( 간선도로),202207, 240 , 212 
강남구,2335. 3호선 매봉역 3번출구앞,202207," 2,321 "," 2,371 "
강남구,2336. 강남세브란스교차로  래미안그레이튼 104동 앞,202207, 527 , 466 
강남구,2337. 대모산입구역 2번출구 앞,202207, 500 , 453 
강남구,2339. 현대아파트 정문 앞,202207, 620 , 611 
강남구,2340. 삼호물산버스정류장(23370) 옆,202207," 2,412 "," 2,571 "
강남구,2341. 일원역 4~5번 출구 사이,202207, 722 , 319 
강남구,2342. 대청역 1번출구  뒤,202207," 1,611 "," 1,693 "
강남구,2343. 세곡사거리 대왕파출소 앞,202207, 156 , 161 
강남구,2344. 리엔파크 2단지 앞,202207, 668 , 672 
강남구,2347. 두산건설 본사,202207, 178 , 79 
강남구,2348. 포스코사거리(기업은행),202207," 2,176 "," 2,258 "
강남구,2349. 역삼빌딩 앞(하나은행 옆),202207, 312 , 257 
강남구,2350. 래미안그레이튼102동앞,202207, 302 , 306 
강남구,2351. 청소년수련관(수영장)앞,202207, 393 , 329 
강남구,2352. 서울본부세관(건설회관 앞),202207, 198 , 125 
강남구,2353. 강남구청역 2번출구 뒤,202207, 447 , 433 
강남구,2354. 청담역 2번출구,202207, 304 , 304 
강남구,2356. 강남구청,202207, 739 , 391 
강남구,2357. 르네상스호텔사거리 역삼지하보도 3번출구 앞 (더 오번 빌딩 명동칼국수 앞),202207, 412 , 341 
강남구,2358. 구룡초사거리 (현대아파트10동 앞 ),202207, 584 , 538 
강남구,"2359. 국립국악중,고교 정문 맞은편",202207, 952 , 962 
강남구,2360. 도곡1동 주민센터 교차로,202207, 695 , 681 
강남구,2362. 신사동 가로수길 입구,202207, 959 , 914 
강남구,2363. 강남 을지병원 교차로,202207, 312 , 294 
강남구,2364. 도산공원교차로,202207, 615 , 598 
강남구,2365. K+ 타워 앞,202207, 851 , 883 
강남구,2368. 도곡동 경남아파트 건너편,202207, 339 , 316 
강남구,2369. KT선릉타워,202207," 1,212 "," 1,192 "
강남구,2370. 한티역 3번출구,202207, 570 , 354 
강남구,2371. 한국우편사업진흥원,202207, 248 , 115 
강남구,2372. 대치역 사거리,202207," 1,082 "," 1,118 "
강남구,2373. 개포동역 사거리,202207, 659 , 651 
강남구,2375. 수서역 1번출구 앞,202207," 1,034 "," 1,168 "
강남구,2376. 수서역 6번출구 앞,202207, 351 , 414 
강남구,2377. 수서역 5번출구,202207," 3,072 "," 3,304 "
강남구,2380. 삼성동베이직하우스앞,202207, 470 , 359 
강남구,2381. 언주역 6번출구앞,202207, 478 , 481 
강남구,2382. 역삼동 sk뷰 501동앞,202207, 452 , 452 
강남구,2383. 보금자리정원,202207, 364 , 413 
강남구,2384. 자곡사거리,202207," 1,602 "," 1,761 "
강남구,2385. 학동역,202207, 655 , 595 
강남구,2386. 크린랩 본사,202207, 224 , 176 
강남구,2387. 래미안강남힐즈 사거리,202207, 931 , 937 
강남구,2388. 강남구 도시관리공단,202207, 631 , 254 
강남구,2389. 경기여자고등학교 후문 (삼성로3길 입구),202207, 709 , 711 
강남구,2390. 구룡마을 입구 (래미안블레스티지 아파트),202207, 339 , 322 
강남구,2391. 구룡터널 입구(개포1단지아파트),202207, 1 , 2 
강남구,2392. 구룡산 입구 (구룡산 서울둘레길 입구),202207, 145 , 82 
강남구,2393. 구룡사 앞 교차로 (보도육교),202207, 109 , 102 
강남구,2394. 개포래미안포레스트아파트 107동 앞,202207, 759 , 694 
강남구,2395. 개포1단지아파트 입구 (보도육교),202207, 173 , 94 
강남구,2396. 영동3교 북단(우성캐릭터 앞 보도),202207, 595 , 588 
강남구,2398. 더라움,202207, 212 , 211 
강남구,2401. 밀알학교 입구 (삼성서울병원 입구),202207, 291 , 211 
강남구,2403. 공무원연금매점 교차로 (개포주공9단지 입구),202207, 222 , 221 
강남구,2404. 대모산입구역 4번 출구 앞,202207," 1,619 "," 1,672 "
강남구,2405. 청담공원앞 교차로,202207," 1,085 ", 358 
강남구,2406. 논현동 광명빌딩 앞,202207, 490 , 297 
강남구,2407. 역삼.서초.삼성 세무서 앞 (역삼빌딩 앞),202207," 1,616 "," 1,599 "
강남구,2408. 강남한양수자인아파트,202207," 1,089 "," 1,047 "
강남구,2409. 역삼동 디오슈페리움 (우성아파트 사거리),202207, 919 , 917 
강남구,2410. 포스코피앤에스타워 (역삼역 3번출구 부근),202207, 667 , 574 
강남구,2411. 세곡동 성당,202207, 957 ," 1,008 "
강남구,2412. 일원1동 주민센터,202207," 1,238 "," 1,331 "
강남구,2413.도곡역 1번 출구,202207," 1,086 "," 1,068 "
강남구,2414. 도곡역 아카데미스위트 앞,202207," 1,727 "," 1,773 "
강남구,2415.한티역 롯데백화점 앞,202207," 1,157 "," 1,157 "
강남구,2416.한티역 6번 출구,202207, 616 , 445 
강남구,2417.선정릉 디캠프(D.CAMP)앞,202207, 301 , 294 
강남구,2418.봉은사역 7번 출구 ,202207, 887 , 893 
강남구,"2419.봉은사역 1,2번 출구 ",202207, 760 , 736 
강남구,2420.학여울역 사거리(LG베스트샵 앞),202207, 964 , 856 
강남구,2421. 신논현역 4번출구,202207, 879 , 686 
강남구,2422.수서동 성당 맞은편,202207, 642 , 782 
강남구,2423.영희초교 사거리(래미안개포루체하임),202207," 1,200 "," 1,342 "
강남구,2425.세곡동 사거리(대왕초등학교 정류장),202207, 197 , 203 
강남구,2426.강남한신휴플러스 6단지,202207, 637 , 645 
강남구,2427.개포고등학교 정문앞,202207, 386 , 386 
강남구,2428.롯데리아 개포점앞,202207, 437 , 460 
강남구,2429.압구정로데오역 6번출구,202207," 1,054 "," 1,040 "
강남구,2430.강남파이낸스센터앞(역삼역2번출구),202207, 659 , 525 
강남구,2431.대치역 7번출구,202207," 1,641 "," 1,688 "
강남구,3602. 한국지역난방공사강남지사,202207, 348 , 386 
강남구,3604. 삼성중앙역 5번출구,202207, 889 , 569 
강남구,3606. 신사동주민센터 옆,202207, 882 , 887 
강남구,3609. 언주초등학교 입구,202207, 685 , 591 
강남구,3610. 윗반마을 입구,202207, 126 , 121 
강남구,3611. 방죽마을 입구,202207, 320 , 328 
강남구,3612. 은곡마을,202207, 598 , 616 
강남구,3614. 은마아파트 입구 사거리,202207," 1,299 "," 1,310 "
강남구,3615. 서울 논현동우체국 앞,202207, 256 , 232 
강남구,3616. 역삼중학교 앞(체육관 방향),202207, 319 , 273 
강남구,3618. 서울율현초교 삼거리,202207, 802 , 936 
강남구,3620. 청담역 11번 출구,202207, 331 , 80 
강남구,3621. 휘문고교 사거리,202207, 357 , 261 
강남구,3622. 은마아파트입구 사거리(1),202207, 253 , 209 
강남구,3623. 일원에코파크 앞(개포로 방면),202207, 696 , 749 
강남구,3624. 대모산입구역 7번 출구 앞,202207, 317 , 186 
강남구,3627. 압구정나들목,202207," 2,074 "," 2,102 "
강남구,3628. 역삼1동 주민센터,202207," 1,159 "," 1,156 "
강남구,3629. 청담사거리(신한오피스텔빌딩 앞),202207, 695 , 792 
강남구,3630. 개포우성6차아파트 정문 앞,202207, 399 , 346 
강남구,3634. 국악고교 앞 교차로,202207, 361 , 360 
강남구,3636. 삼성중앙역·플래티넘아파트 정류소,202207, 571 , 575 
강남구,3637. 세곡데이케어센터,202207, 240 , 222 
강남구,3638. 신청담나들목,202207, 507 , 515 
강남구,3640. 일원1동주민센터앞 사거리,202207, 510 , 522 
강남구,3641. 대청역,202207, 588 , 599 
강남구,3642. LH강남힐스테이트아파트,202207, 719 , 332 
강남구,3643. 더시그넘하우스 앞,202207, 618 , 626 
강남구,3644. 상록수아파트,202207, 621 , 318 
강남구,3646. 선정릉역 4번 출구,202207, 327 , 324 
강남구,3647. 구룡역 1번 출구,202207, 270 , 210 
강남구,3648. 구룡역 4번 출구,202207, 175 , 172 
강남구,3649. 구룡역 5번 출구,202207, 209 , 194 
강남구,3651. 개포동역 4번출구,202207," 1,110 "," 1,126 "
강남구,4901.KT&G타워 옆(상상마당 대치아트홀),202207, 445 , 371 
강남구,4902. 구역삼세무서 교차로,202207, 915 , 913 
강남구,4903. 신사스퀘어,202207, 334 , 336 
강남구,4905. 강남경찰서,202207," 1,274 "," 1,277 "
강남구,4906. 섬유센터 앞,202207," 1,576 "," 1,580 "
강남구,4907. 극동스포츠 앞,202207, 420 , 421 
강남구,4908. SB타워 앞,202207, 198 , 183 
강남구,4909. 노보텔 앰배서더 앞,202207, 99 , 31 
강남구,4911. 도곡동 골프 로데오거리,202207, 48 , 48 
강남구,4913. 레베쌍트 빌딩 앞,202207, 30 , 31 
강남구,4914. 도심공항타워 앞,202207, 7 , 7 
강동구,1001. 광진교 남단 사거리(천호공원 방면),202207," 2,163 "," 2,164 "
강동구,1002. 해공공원(천호동),202207," 3,085 "," 3,111 "
강동구,1003. 해공도서관앞,202207," 1,252 "," 1,262 "
강동구,1004. 삼성광나루아파트 버스정류장,202207," 1,992 "," 2,671 "
강동구,1006. 롯데캐슬 115동앞,202207, 346 , 341 
강동구,1007.암사동 선사유적지,202207, 239 , 213 
강동구,1008. 암사역 3번출구(국민은행앞),202207," 4,505 "," 5,517 "
강동구,1009. 천호역4번출구(현대백화점),202207," 5,642 "," 5,628 "
강동구,1010. 강동세무서,202207," 3,325 "," 3,313 "
강동구,1011. LIGA 아파트 앞,202207," 3,590 "," 3,539 "
강동구,1012. 서울 상운차량,202207," 1,631 "," 1,616 "
강동구,1013. 강동구청역 1번 출입구,202207," 2,545 "," 2,520 "
강동구,1015. 샛마을 근린공원,202207," 1,080 "," 1,075 "
강동구,1016. 해뜨는 주유소옆 리엔파크 109동앞,202207, 954 , 951 
강동구,1017. 둔촌고교입구 교차로(길동주민센터 방면),202207," 2,385 "," 2,358 "
강동구,1018. 둔촌 주공 GS 맞은편,202207, 943 , 945 
강동구,1019. 다성이즈빌아파트(호원대 대각선 맞은편),202207," 4,346 "," 4,514 "
강동구,1020. 강동경찰서,202207," 4,391 "," 4,421 "
강동구,1021. 강일동 리슈빌 빌딩앞,202207," 2,055 "," 2,509 "
강동구,1022. 길동 사거리(초소앞),202207," 2,150 "," 2,150 "
강동구,1023. 한국종합기술사옥 앞,202207," 2,933 "," 2,909 "
강동구,1024.  강동구청 앞,202207," 3,583 "," 3,591 "
강동구,1025. 상일초등학교,202207, 848 , 821 
강동구,1026. 대명초교 입구 교차로,202207, 811 , 798 
강동구,1027. 프라자 아파트 앞,202207," 1,514 "," 1,483 "
강동구,1028. 포레스 주상복합 빌딩,202207," 2,013 "," 2,003 "
강동구,1029. 성내어울터,202207," 3,393 "," 3,371 "
강동구,1030. 미호 플랜트 앞,202207," 1,641 "," 1,650 "
강동구,1031. 올림픽로 836(아리수로),202207, 669 , 864 
강동구,1032. 선사고등학교,202207, 685 , 790 
강동구,1033. 고덕동 아남아파트,202207," 1,005 ", 938 
강동구,1034. 고덕동 래미안 힐스테이트,202207, 493 , 457 
강동구,1035. 고덕역 4번출구,202207," 2,229 "," 1,539 "
강동구,1036. 고덕동 주양쇼핑,202207," 1,353 "," 1,336 "
강동구,1037. 강일리버파크 6단지,202207, 415 , 453 
강동구,1038. 강일 다솜 어린이 공원,202207, 350 , 417 
강동구,1039. 고덕초등학교,202207, 269 , 276 
강동구,1041. 묘곡초등학교,202207, 739 , 735 
강동구,1042. 강일리버파크 2~5단지,202207, 813 , 916 
강동구,1044. 굽은다리역,202207," 5,408 "," 5,503 "
강동구,1047. 강동 한신휴플러스,202207," 2,626 "," 2,764 "
강동구,1048. 둔촌어린이공원,202207," 2,959 "," 3,054 "
강동구,1049. 강일리버파크 10단지,202207, 917 ," 1,002 "
강동구,1050.  둔촌역 3번 출입구,202207," 5,267 "," 5,294 "
강동구,"1051. 강일중,선사고 버스정류장(신암중학교 방면)",202207," 1,731 "," 1,752 "
강동구,1052. 리싸이클시티,202207, 120 , 110 
강동구,1053. 동명근린공원 진입로 (아리수로),202207, 520 , 483 
강동구,1054. 말우물 어린이 공원,202207, 374 , 440 
강동구,1056. 강일리버파크 7~11단지,202207, 660 , 737 
강동구,1057. 능골근린공원,202207, 902 , 921 
강동구,1058. 고덕숲 아이파크 1,202207, 369 , 370 
강동구,1059. 래미안 강동팰리스(102동),202207," 1,406 "," 1,376 "
강동구,1060. 천일초교 사거리,202207," 1,215 "," 1,206 "
강동구,1061. 천호초교 입구 사거리(일주빌딩),202207," 1,842 "," 1,847 "
강동구,1062. 고덕숲 아이파크 2,202207, 237 , 241 
강동구,1063.강동롯데캐슬퍼스트 아파트(관리동),202207, 737 , 735 
강동구,1064.중앙보훈병원역 1번출구,202207, 575 , 313 
강동구,1065.보훈병원 후문옆(더 원커피),202207, 408 , 411 
강동구,1066.생태공원앞 교차로(조명탑),202207, 183 , 180 
강동구,1067.한영중고앞사거리,202207, 543 , 517 
강동구,1068.명일파출소,202207, 986 , 798 
강동구,1069.강동경희대학교병원 입구,202207, 519 , 476 
강동구,1070.(시립)고덕평생학습관,202207, 900 , 896 
강동구,1071.명일근린공원공동체텃밭,202207, 251 , 249 
강동구,1072.고덕역 5번출구,202207," 1,666 "," 1,648 "
강동구,1073. SSTS 몰 앞,202207," 1,093 "," 1,123 "
강동구,1074.대명초교입구 사거리,202207," 1,547 "," 1,528 "
강동구,1075.천동초교 삼거리,202207," 1,718 "," 1,769 "
강동구,1076. 천동초교입구사거리 버스정류장(십자성마을 방면),202207," 2,322 "," 2,367 "
강동구,1077.강동역 1번출구 앞,202207," 2,377 "," 2,371 "
강동구,1078.둔촌사거리,202207," 3,454 "," 3,467 "
강동구,1079.강일동입구교차로,202207, 633 , 649 
강동구,1080.엘웨딩,202207," 1,369 "," 1,373 "
강동구,1081.트레빌빌딩,202207," 1,591 "," 1,556 "
강동구,1082.중앙보훈병원역3번출구,202207, 138 , 119 
강동구,1083.광문고교사거리(아이파크),202207, 710 , 677 
강동구,1084. 윤선생빌딩(JYP사옥),202207," 3,223 "," 3,881 "
강동구,1085.래미안 솔베뉴(고덕로),202207, 932 , 739 
강동구,1086.래미안 솔베뉴(구천면로),202207," 1,156 "," 1,166 "
강동구,1088.풍납사거리(강동),202207," 1,754 "," 1,727 "
강동구,1089.고덕 래미안힐스테이트(201동),202207, 313 , 268 
강동구,1090.상일동역 2번출구 앞,202207," 2,911 "," 2,942 "
강동구,3539. 서원마을,202207, 279 , 260 
강동구,3652. 한영외국어고등학교,202207, 215 , 193 
강동구,3653. 강동리버스트4단지아파트 404동 앞,202207, 575 , 576 
강동구,3654. 강동리버스트4단지아파트 405동 앞,202207, 475 , 573 
강동구,3655. 둔촌신성미소지움아파트,202207, 599 , 552 
강동구,3656. 둔촌푸르지오아파트,202207," 1,869 "," 1,857 "
강동구,3657. 서울천호동우체국,202207," 2,415 "," 2,397 "
강동구,3658. 프라이어팰리스아파트,202207," 1,035 "," 1,032 "
강동구,3659. 명일초등학교 옆,202207, 341 , 346 
강동구,3661. 명일동신동아아파트 앞,202207, 512 , 509 
강동구,3663. 암사정수센터교차로(강동롯데캐슬퍼스트아파트),202207, 407 , 373 
강동구,3664. 맥도날드 서울둔촌DT점 앞,202207," 2,977 "," 3,039 "
강동구,3665. 고덕센트럴 아이파크상가 앞,202207, 805 , 821 
강동구,3668. 성내삼성아파트,202207," 3,664 "," 4,070 "
강동구,3671. 둔촌동역교차로,202207," 2,607 "," 2,644 "
강동구,3672. 고덕중학교 후문,202207, 391 , 382 
강동구,3673. 강동리버스트6단지,202207, 686 , 738 
강동구,3674. 강동리버스트7단지,202207, 540 , 680 
강동구,3675. 강동리버스트8단지,202207, 629 , 706 
강동구,3676. 강동리엔파크9단지,202207, 743 , 796 
강동구,3677. 강동구음식물재활용센터,202207, 121 , 120 
강동구,3680. 강동역3번출구,202207," 3,758 "," 3,752 "
강동구,3681. 길동 마루빌딩,202207," 4,299 "," 4,581 "
강동구,3682. 길동 동호빌딩,202207, 535 , 542 
강동구,3683. KT&G강동지사,202207," 1,750 "," 1,843 "
강동구,3684. 고덕자이(105동 앞),202207," 1,591 "," 1,626 "
강동구,3685. 강동리엔파크14단지(1401동 앞),202207," 1,496 "," 1,553 "
강동구,3686. 고덕 래미안 힐스테이트(101동),202207, 767 , 761 
강동구,3687. 신명초교입구 교차로,202207," 2,194 "," 2,485 "
강동구,3688. 상일동산(동아아파트앞 교차로),202207, 471 , 476 
강동구,3689. 강일역 3번출구,202207," 1,543 "," 1,404 "
강동구,3690. 강일역 4번출구,202207, 610 , 364 
강동구,3691. 둔촌역 2번출구,202207, 687 , 684 
강동구,3692. 둔촌오륜역 1번 출구,202207, 601 , 587 
강동구,3694. 강동리엔파크 13단지(1303동 앞),202207, 886 , 891 
강동구,3698. 명일역 3번출구 옆,202207," 1,418 "," 1,415 "
강동구,3699. 상일파출소 옆,202207," 1,233 "," 1,239 "
강동구,3700. 강변그대가리버뷰 입구 맞은편,202207, 586 , 663 
강북구,"1501. 미아역 3번,4번 출구 사이",202207," 1,935 "," 1,943 "
강북구,1503. 강북구청사거리(수유역 8번출구),202207," 2,742 "," 2,731 "
강북구,1504. 삼양시장오거리,202207, 657 , 661 
강북구,1506. 강북문화예술회관,202207," 1,571 "," 1,564 "
강북구,1509. 서울북부수도사업소,202207, 730 , 807 
강북구,1510. 번동주공5단지 관리사무소 앞,202207, 465 , 479 
강북구,1511. 번동 금호어울림아파트102동앞,202207, 549 , 545 
강북구,1512. 강북중학교 앞,202207," 2,468 "," 2,489 "
강북구,1513. 강북구청 뒷편,202207, 443 , 434 
강북구,1514. 강북구청 사거리 버스정류소 앞,202207," 1,461 "," 1,449 "
강북구,1515. 송천동 주민센터,202207, 728 , 738 
강북구,1516. 우이초등학교 후문 옆,202207, 694 , 682 
강북구,1518. 수유2동은행빌딩 앞,202207, 752 , 737 
강북구,1519. 장미원시장 건너편,202207, 980 , 928 
강북구,1520. 수유중앙시장,202207," 1,448 "," 1,456 "
강북구,1522. 월드전기조명인테리어(우이동),202207, 292 , 293 
강북구,1525. 미아동 복합청사,202207, 643 , 644 
강북구,1526. 강북종합시장 앞,202207," 1,042 "," 1,049 "
강북구,1527. 미아역 1번 출구 뒤,202207," 1,165 "," 1,159 "
강북구,1528. 삼각산동 주민센터,202207," 1,029 ", 388 
강북구,1529. 미아동 한국전력공사,202207," 1,973 "," 1,951 "
강북구,1530. 광산사거리,202207," 2,040 "," 2,035 "
강북구,1531. 미아사거리 1번 출구,202207," 2,913 "," 3,071 "
강북구,1532. 번3동 주민센터 교차로,202207, 881 ," 1,031 "
강북구,"1533. 번동 주공3, 4단지 교차로",202207," 1,333 "," 1,466 "
강북구,1535. 효성인텔리안 앞,202207," 2,032 "," 2,030 "
강북구,1536. 번동 두산위브 101동 옆,202207, 919 , 775 
강북구,1537. 북한산 우이역,202207, 638 , 585 
강북구,1538. 솔밭공원역,202207, 466 , 474 
강북구,1539. 4.19민주묘지역,202207, 580 , 572 
강북구,1540. 가오리역,202207," 1,240 "," 1,222 "
강북구,1541. 삼양역,202207, 239 , 187 
강북구,1542. 삼양사거리역,202207, 556 , 555 
강북구,1543. 수유1동 주민센터,202207, 661 , 658 
강북구,1546. 송천동우체국,202207, 577 , 652 
강북구,1547. 꿈의숲 롯데캐슬,202207, 592 , 336 
강북구,1548. 북서울 꿈의숲 서문,202207, 704 , 348 
강북구,1550.삼각산아이원아파트(105동 옆),202207, 135 , 23 
강북구,1551.4.19탑 앞,202207, 681 , 659 
강북구,1552. 강북구청사거리,202207," 2,001 "," 2,011 "
강북구,1553.서울북부고용노동지청,202207, 934 , 883 
강북구,1554.번동사거리,202207, 866 , 842 
강북구,1557.신창교,202207," 1,104 "," 1,130 "
강북구,1558.강북문화정보도서관,202207, 409 , 309 
강북구,1560. 도봉세무서 앞,202207," 1,195 "," 1,189 "
강북구,1564.4.19민주묘지역 1번출구,202207," 1,139 "," 1,146 "
강북구,1565.수유사거리,202207," 1,693 "," 1,684 "
강북구,1568.4.19민주묘지 입구사거리,202207, 861 , 845 
강북구,1569.수유역2번출구,202207," 3,731 "," 3,690 "
강북구,1571.북서울 꿈의 숲 입구,202207, 501 , 543 
강북구,1572. 우이동 먹거리마을,202207, 210 , 143 
강북구,1573.현대성우아파트 옆,202207, 460 , 431 
강북구,1574.송중초등학교 옆,202207, 866 , 884 
강북구,3703. 삼양입구사거리,202207, 413 , 418 
강북구,3707. 드래곤타워 앞,202207," 1,185 "," 1,139 "
강북구,3711. 월계2교 교차로,202207, 703 , 771 
강북구,3714. 송천센트레빌,202207, 292 , 237 
강북구,3718. 번동3단지 버스정류장,202207, 952 ," 1,280 "
강서구,1101. 개화동상사마을종점 버스정류장,202207, 344 , 462 
강서구,1102. 방화사거리 마을버스 버스정류장,202207," 3,718 "," 3,888 "
강서구,1103. 방화역 4번출구앞,202207," 3,717 "," 3,737 "
강서구,1105. 방화근린공원,202207, 648 , 572 
강서구,1106. 신방화사거리,202207," 4,883 "," 5,307 "
강서구,1108. 공항시장역 2번출구 뒤,202207," 1,977 "," 1,992 "
강서구,1109. 공항시장역 4번출구,202207," 1,268 "," 1,322 "
강서구,1111. 마곡엠밸리6_7단지 마곡중학교,202207," 2,898 "," 2,709 "
강서구,1112. 마곡엠밸리4단지 정문,202207," 5,602 "," 5,565 "
강서구,1113. 서남환경공원 버스정류장,202207," 2,667 "," 2,584 "
강서구,1117. 등촌5단지아파트 버스정류장,202207," 5,096 "," 5,119 "
강서구,1118. 증미역 3번출구뒤(등촌두산위브센티움오피스텔),202207," 3,541 "," 3,801 "
강서구,1119. 염창동 한마음아파트 앞,202207," 2,158 "," 1,948 "
강서구,1120. 대림경동아파트앞,202207," 2,632 "," 2,678 "
강서구,1121. 가양레포츠센터 앞,202207," 1,906 "," 1,974 "
강서구,1122. 황금내근린공원,202207," 3,205 "," 3,324 "
강서구,1124. 발산역 6번 출구 뒤,202207," 6,786 "," 6,835 "
강서구,1125. 명덕고교입구(영종빌딩),202207," 5,698 "," 5,946 "
강서구,1126. 우장산역 1번출구옆(우장산아이파크105동앞),202207," 2,797 "," 1,755 "
강서구,1127. 화곡역 버스정류장,202207," 2,884 "," 2,879 "
강서구,1128. 화곡역 6번출구,202207," 2,348 "," 2,392 "
강서구,1129. 화곡역 1번 출구 앞,202207," 2,832 "," 2,858 "
강서구,1130. 화곡본동시장 버스정류장,202207, 839 , 736 
강서구,1131. 꿈돌이공원 앞,202207, 576 , 601 
강서구,1132. 등촌역 7번출구,202207," 2,746 "," 2,844 "
강서구,1135. 강서구의회,202207," 2,965 "," 2,766 "
강서구,1136. 등촌2파출소,202207," 1,286 ", 912 
강서구,1137. 등촌2동주민센터,202207, 622 , 433 
강서구,1139. 용문사 버스정류장,202207," 1,898 "," 1,916 "
강서구,1140. 목동사거리 버스정류장,202207," 2,464 "," 2,546 "
강서구,1141. 곰달래 문화복지센터 1-1,202207," 1,829 "," 2,543 "
강서구,1145. 곰달래 문화복지센터 1-2,202207," 1,162 "," 1,392 "
강서구,1146. 곰달래사거리,202207," 2,086 "," 2,777 "
강서구,1148. 볏골공원,202207," 1,717 "," 1,635 "
강서구,1149. 신방화역환승주차장,202207," 5,191 "," 5,179 "
강서구,1150. 송정역 1번출구,202207," 2,723 "," 2,808 "
강서구,1151. 마곡역1번출구,202207," 3,329 "," 3,361 "
강서구,1152. 마곡역교차로,202207," 5,315 "," 5,372 "
강서구,"1153. 발산역 1번, 9번 인근 대여소",202207," 9,596 "," 9,782 "
강서구,1155. 기쁜우리복지관,202207," 2,727 "," 2,821 "
강서구,1157. 강서구청,202207," 3,850 "," 4,779 "
강서구,1158. 가양역 8번출구,202207," 6,576 "," 6,664 "
강서구,1159. 서서울모터리움 앞,202207," 1,028 ", 996 
강서구,1160. 양천향교역 7번출구앞,202207," 7,256 "," 7,249 "
강서구,1161. 강서면허시험장 앞,202207, 470 , 320 
강서구,1162. 공항초등학교건너편,202207," 3,234 "," 3,226 "
강서구,1163. 방화동강서기동대앞,202207," 3,738 "," 3,856 "
강서구,1165. 마곡중학교 후문,202207," 1,551 "," 1,255 "
강서구,1166. 강서구립등빛도서관,202207," 5,409 "," 5,409 "
강서구,1167. 마곡수명산파크3단지 교차로,202207," 4,799 "," 4,749 "
강서구,1168. 마곡엠밸리10단지 앞,202207," 1,891 "," 1,665 "
강서구,1169. 염창역 1번 출구,202207," 2,763 "," 2,844 "
강서구,1170. 강서구보건소,202207," 1,508 "," 1,136 "
강서구,1171. 염창동 새마을금고 건너편,202207," 1,357 "," 1,426 "
강서구,1172. 가양3동 주민센터,202207," 2,331 "," 2,871 "
강서구,1173. 강서구청사거리(SH타워),202207," 4,334 "," 4,004 "
강서구,1174. 강서구청사거리(부민병원),202207," 1,801 "," 1,798 "
강서구,1175. 대한항공 인력개발센터,202207," 1,901 "," 1,425 "
강서구,1177. 수명중․고교,202207," 2,215 "," 2,320 "
강서구,1178. 개화산역 2번 출구,202207," 1,175 "," 1,166 "
강서구,1180. 마곡엠밸리 15단지(1502동) 건너편,202207," 3,493 "," 3,472 "
강서구,1181. 농수산식품공사 (강서지사),202207, 387 , 397 
강서구,1182. KBS 스포츠월드,202207," 4,086 "," 4,108 "
강서구,1183. KC 대학교,202207, 555 , 386 
강서구,1184. 마곡13단지,202207," 4,241 "," 4,473 "
강서구,1185. 등촌9단지,202207," 1,747 "," 1,812 "
강서구,1186. 송정중학교,202207," 1,521 "," 1,690 "
강서구,1187. 강서수산물도매시장,202207, 993 ," 1,057 "
강서구,1188. 롯데중앙연구소,202207, 496 , 518 
강서구,1190. 마곡역 교차로(2번출구),202207," 1,930 "," 1,820 "
강서구,"1191. 마곡역 버스정류장(마곡나루역1번출구, 웰튼병원 방면)",202207," 4,158 "," 3,876 "
강서구,1192. 마곡수명산파크 209동 건너편,202207," 2,846 "," 2,568 "
강서구,1193. 마곡센트럴타워 1차,202207," 5,352 "," 5,664 "
강서구,1194. 센서텍㈜,202207," 1,921 "," 2,088 "
강서구,1195. 코오롱One&Only타워,202207," 4,600 "," 4,887 "
강서구,1196. 서울식물원(문화센터) 건너편,202207, 398 , 265 
강서구,1197. 엠펠리체 호텔 건너편,202207," 3,961 "," 3,930 "
강서구,1198. LG 사이언스파크,202207, 810 , 647 
강서구,1199. 우장산역 3번출구,202207," 2,631 "," 1,796 "
강서구,1200. 개화광역환승센터,202207, 313 , 320 
강서구,2701. 마곡나루역 5번출구 뒤편,202207," 9,935 "," 9,874 "
강서구,2702. 마곡 엠밸리2단지,202207," 1,930 "," 1,903 "
강서구,2703.서울도시가스 앞 ,202207," 1,376 "," 1,204 "
강서구,2704.홈플러스(강서점),202207," 3,464 "," 3,541 "
강서구,2706.강서공업고등학교 앞,202207," 2,672 "," 2,730 "
강서구,2707.한강아파트,202207," 1,914 "," 1,846 "
강서구,2708.강서한강자이타워 앞,202207," 4,102 "," 4,199 "
강서구,2709.강변아파트 310동 앞,202207," 1,538 "," 1,556 "
강서구,2710.라이품 공영주차장 앞,202207," 1,620 "," 1,359 "
강서구,2711.가로공원공영주차장 1번 출구,202207," 2,001 "," 2,103 "
강서구,2712.화곡터널입구교차로,202207," 1,127 ", 494 
강서구,2713.우장초등학교 앞,202207," 2,486 "," 2,639 "
강서구,2715.마곡나루역 2번 출구 ,202207," 16,674 "," 16,653 "
강서구,2716.롯데 R&D 센터,202207, 941 , 984 
강서구,2717.LG유플러스 마곡사옥,202207," 5,401 "," 6,105 "
강서구,2718.마곡수명산파크1단지,202207," 2,654 "," 2,388 "
강서구,2719.마곡문화공원,202207," 4,233 "," 4,967 "
강서구,2720.힐스테이트에코,202207," 4,649 "," 4,617 "
강서구,2721.등촌1-10단지 교차로,202207," 5,196 "," 5,062 "
강서구,2722.마곡 문영비지웍스,202207," 2,631 "," 2,465 "
강서구,2723.마곡 필네이처,202207," 3,785 "," 3,809 "
강서구,2724.(재)FITI시험연구원,202207," 2,071 "," 1,802 "
강서구,2725.서울식물원 식물문화센터,202207," 1,266 ", 993 
강서구,2727.서울식물원 잔디마당 앞,202207," 3,240 "," 3,540 "
강서구,2728.마곡나루역 3번 출구,202207," 9,262 "," 8,843 "
강서구,2729.넥센 유니버시티 앞,202207," 2,642 "," 2,626 "
강서구,2730.마곡메가박스 앞,202207," 3,289 "," 3,277 "
강서구,2731.명덕고교,202207," 1,192 "," 1,375 "
강서구,2732.마곡수명산 1-2단지 ,202207," 2,271 "," 2,033 "
강서구,2733.마곡13단지 정문 앞,202207," 4,662 "," 4,595 "
강서구,2735.마곡 공공청사,202207," 1,898 "," 1,899 "
강서구,2737.까치산역 3번 출구,202207," 2,082 "," 2,218 "
강서구,2739.수명산파크1단지교차로,202207," 4,394 "," 4,446 "
강서구,2740.마곡레포츠센터,202207," 2,682 "," 2,614 "
강서구,2741.마곡수명산파크5-6단지,202207," 2,108 "," 1,926 "
강서구,2742.강서구민올림픽체육센터,202207," 2,153 "," 2,258 "
강서구,2743.동신아파트 104동 앞,202207," 1,207 "," 1,210 "
강서구,2744.강서세무서 앞,202207," 4,622 "," 3,837 "
강서구,2745.수명초등학교,202207," 1,596 "," 1,540 "
강서구,2746.수명산파크 4단지 411동 앞,202207," 1,688 "," 1,584 "
강서구,3753. 공항중학교 버스정류장,202207," 1,324 "," 1,214 "
강서구,3754. 신방화역 8번출구,202207," 1,907 "," 1,901 "
강서구,3756. 마곡힐스테이트 정문,202207," 2,062 "," 1,943 "
강서구,3757. 신방화역 6번출구,202207," 2,468 "," 2,454 "
강서구,3758. 서울남부출입국관리소,202207," 1,559 "," 1,397 "
강서구,3759. 이대서울병원,202207," 2,162 "," 2,134 "
강서구,3760. 발산역 8번 출구,202207," 2,437 "," 2,357 "
강서구,3761. 나이아가라관광호텔,202207, 765 , 924 
강서구,3762. 마곡9단지 907동앞,202207," 1,728 "," 1,723 "
강서구,3763. 등촌태영아파트,202207," 1,370 "," 1,688 "
강서구,3764. 관문주유소(GS칼택스) 앞,202207," 2,306 "," 2,296 "
강서구,3765. 문소빌딩,202207, 837 , 826 
강서구,3766. 강서문화센터,202207, 417 , 372 
강서구,3767. 대원빌딩,202207," 2,458 "," 2,391 "
강서구,3769. 증미역 2번출구,202207," 3,198 "," 3,689 "
강서구,3770. 남부순환로 205,202207, 702 , 645 
강서구,3772. 길성그랑프리텔아파트,202207," 3,336 "," 3,385 "
강서구,3774. 마곡9단지 910동 상가앞,202207," 2,342 "," 2,336 "
강서구,3775. 가양오토갤러리,202207," 1,627 "," 1,634 "
강서구,3776. 김포공항교차로,202207, 736 , 816 
강서구,3778. 김포공항입구 교차로,202207," 2,289 "," 2,239 "
강서구,3780. 등촌서광아파트,202207," 4,749 "," 4,953 "
강서구,3781. 강서아동복지센터,202207, 181 , 212 
강서구,3782. 겸재정선미술관,202207," 1,806 "," 1,749 "
강서구,3783. 마곡금호어울림아파트,202207," 1,630 "," 1,617 "
강서구,3784. 벽산아파트,202207," 3,214 "," 3,275 "
강서구,3785. 마곡14단지 1408동앞,202207," 2,327 "," 2,092 "
강서구,3786. 강서힐스테이트 상가 앞,202207," 1,371 "," 1,049 "
강서구,3787. 가양나들목,202207, 900 , 892 
강서구,3788. 정곡나들목,202207," 2,367 "," 2,431 "
강서구,3789. 염창나들목,202207," 3,062 "," 3,543 "
강서구,3792. 화곡본동시장 입구,202207," 1,077 ", 988 
강서구,3793. 더리브골드타워,202207," 1,403 "," 1,393 "
강서구,3794. 안양천합수부(현대3차아파트),202207," 1,872 "," 2,078 "
강서구,3795. 공항신성빌딩 앞,202207," 1,118 "," 1,255 "
강서구,3796. 송정역 3번출구 앞,202207," 2,471 "," 2,464 "
강서구,3797. 마곡수명산파크7단지 710동 앞,202207, 735 , 728 
강서구,3798. 그랜드아이파크아파트 앞,202207," 5,903 "," 6,070 "
강서구,3799. 국립항공박물관,202207, 556 , 573 
강서구,3801. 이랜드글로벌R&D센터,202207," 1,019 "," 1,044 "
강서구,5052. 마곡역 7번출구,202207," 5,572 "," 5,820 "
강서구,5053. 신마곡벽산블루밍메트로오피스텔앞,202207," 2,302 "," 2,493 "
강서구,5055. 마곡역5번출구앞,202207," 1,886 "," 1,855 "
강서구,"5056. 마곡역4,5번출구",202207," 1,131 "," 1,202 "
강서구,5057. 마곡역4번출구,202207," 1,663 "," 1,585 "
강서구,5059. 화곡2동주민센터,202207," 1,409 "," 1,813 "
강서구,5061. 우장산동 가곡어린이공원앞,202207," 2,805 "," 2,816 "
강서구,5062. 마곡동 767-6,202207," 2,241 "," 2,233 "
강서구,5063. 서남환경공원(방화동도시개발2단지방향),202207," 1,574 "," 1,521 "
강서구,5064. 양천향교역8번출구,202207," 2,613 "," 2,620 "
강서구,5065. 허준박물관삼거리,202207," 1,427 "," 1,409 "
강서구,5066. 아망떼마곡전시장,202207," 1,831 "," 1,957 "
강서구,5067. 주원 리젠트 앞,202207, 923 , 999 
강서구,5070. 마곡13단지힐스테이트마스터 후문(1320동 앞),202207," 3,075 "," 3,094 "
강서구,5072. 김포공항입구 교통섬,202207, 454 , 422 
강서구,5073. 우장산역 헤링턴타워 앞,202207," 1,612 "," 1,441 "
강서구,"5074. 마곡엠밸리14단지 버스정류장(마곡엠밸리11,12단지상가방면)",202207," 3,377 "," 3,396 "
강서구,5075. 등촌역 1번출구,202207," 1,987 "," 1,977 "
강서구,5076. 메이필드호텔앞,202207," 1,032 ", 927 
강서구,5078. 왈도강서캠퍼스 앞,202207," 1,477 "," 1,517 "
강서구,5080. 가양역 1번출구,202207," 2,448 "," 2,498 "
강서구,5082. 가양역 7번출구,202207," 3,194 "," 3,446 "
강서구,5084. 강서우체국,202207, 516 , 427 
관악구,2102. 봉림교 교통섬,202207," 12,285 "," 12,551 "
관악구,2103. 신림동 우방아파트,202207," 1,931 "," 1,922 "
관악구,2104. 사당역 5번출구,202207," 1,701 "," 2,102 "
관악구,2105. 미성동 신림체육센터,202207," 1,862 "," 1,841 "
관악구,2106. 세이브마트,202207," 2,046 "," 2,762 "
관악구,2107. 도림천 신화교,202207," 3,063 "," 3,258 "
관악구,2108. 은천치안센터,202207," 1,822 "," 1,898 "
관악구,2109. 은천로입구 가로공원,202207," 3,672 "," 3,976 "
관악구,2111. 서울대입구역 1번출구,202207," 2,075 "," 2,066 "
관악구,2112. 서울대입구역 마에스트로,202207," 1,509 "," 1,491 "
관악구,2115. 관악구시설관리공단,202207," 2,062 "," 1,608 "
관악구,2116. 에이스에이존빌딩,202207," 1,143 "," 1,130 "
관악구,2119. 중앙동 동진빌딩,202207," 1,690 "," 1,710 "
관악구,2122. 낙성대로 입구,202207," 1,194 "," 1,183 "
관악구,2127. 난곡종점,202207, 664 , 441 
관악구,2128. 관악구청교차로,202207, 995 , 906 
관악구,2129. 낙성대 과학전시관,202207, 748 , 436 
관악구,2130. 영어마을 관악캠프,202207, 245 , 120 
관악구,2137. KT&G 관악지점,202207, 648 , 651 
관악구,2139. 서울신성초등학교,202207, 819 , 803 
관악구,2140. 신림1교 교차로,202207," 2,574 "," 2,561 "
관악구,2141. 미림여고입구 교차로,202207, 189 , 186 
관악구,2143. 서울산업정보학교,202207, 467 , 462 
관악구,2144. 난우길입구,202207," 1,012 "," 1,025 "
관악구,2145. 은천초등학교 육교,202207," 1,003 "," 1,004 "
관악구,2148. 낙성대역 3번출구 뒤,202207," 1,165 "," 1,134 "
관악구,2156. 신림푸르지오아파트,202207," 1,362 "," 1,334 "
관악구,2159. 인헌초교,202207, 662 , 569 
관악구,2164. 관악우체국,202207," 2,821 "," 2,868 "
관악구,2165. JK장평타워,202207, 458 , 369 
관악구,2167. 낙성대역 1번출구,202207, 940 , 901 
관악구,2169. 봉천역 2번출구,202207," 2,039 "," 2,103 "
관악구,2170. 조원동 강남힐병원,202207," 1,668 "," 1,746 "
관악구,2171. 서울대입구역 5번출구,202207," 2,008 "," 1,967 "
관악구,2172. 나들목공원,202207, 818 , 727 
관악구,2173. 당곡사거리,202207," 5,445 "," 5,538 "
관악구,2174. 삼성디지털프라자관악점,202207," 1,062 "," 1,059 "
관악구,2175. 신림동걷고싶은문화의거리입구,202207," 2,083 "," 2,125 "
관악구,2176. 보라매공원 보도육교,202207," 2,940 "," 2,938 "
관악구,2177. 신대방역 2번 출구,202207," 9,243 "," 9,718 "
관악구,2178. 서울대학교 정문,202207, 537 , 401 
관악구,2179. 양녕로 입구,202207," 1,617 "," 1,630 "
관악구,2183. 동방1교,202207," 5,028 "," 5,001 "
관악구,2184. 구암초등학교 버스정류장,202207, 289 , 92 
관악구,2185. 대학동 고시촌,202207," 1,039 ", 988 
관악구,2186. 낙성대입구삼거리,202207, 896 , 884 
관악구,2187. 현대시장사거리,202207," 1,447 "," 1,323 "
관악구,2189. 봉천역 4번출구,202207," 1,896 "," 1,908 "
관악구,2190.도원맨션,202207, 654 , 674 
관악구,2191.대학동주민센터 ,202207," 1,205 "," 1,176 "
관악구,2195.은천교회,202207," 1,300 "," 1,348 "
관악구,2196. 봉천역 3번출구,202207, 850 , 834 
관악구,2198.사랑의병원,202207," 1,058 "," 1,049 "
관악구,2199.신봉천주유소 A,202207, 237 , 220 
관악구,3306.서울신우초등학교,202207, 97 , 28 
관악구,3307.봉천고개 육교,202207, 589 , 85 
관악구,3310.영락고등학교,202207, 393 , 109 
관악구,3311.서울대입구역 4번 출구,202207," 1,264 "," 1,251 "
관악구,3802. 관악구민체육센터,202207, 829 , 809 
관악구,3803. 남서울중학교,202207," 1,487 "," 1,380 "
관악구,3804. 낙성대공원,202207, 397 , 270 
관악구,3806. 낙성대 교수아파트,202207, 456 , 179 
관악구,3807. 관악우체국 교차로,202207, 551 , 563 
관악구,3810. 신봉천주유소 B,202207, 328 , 316 
관악구,3811.신사로입구,202207," 2,311 "," 2,320 "
관악구,3812. KT관악지점,202207," 1,332 "," 1,259 "
관악구,3813. 낙성대역 5번출구,202207, 766 , 762 
관악구,3814. 난곡사거리 ,202207," 2,117 "," 2,131 "
관악구,3815. 광일빌딩,202207," 1,468 "," 1,601 "
관악구,3816. 관악 GSfresh,202207," 1,349 "," 1,136 "
관악구,3818. 은천교회 앞,202207," 1,448 "," 1,458 "
광진구,3500. 군자역2번출구,202207," 3,338 "," 3,349 "
광진구,3501. 광진구청 앞,202207," 3,676 "," 3,674 "
광진구,3502. 중곡역 1번출구,202207," 1,609 "," 1,594 "
광진구,3503. 광진유진스웰,202207, 260 , 119 
광진구,3504. 원일교회,202207," 3,065 "," 3,035 "
광진구,3505. 신양초교앞 교차로,202207, 929 , 933 
광진구,3506. 영동대교 북단,202207," 2,236 "," 2,232 "
광진구,3507. 어린이회관,202207," 1,052 ", 706 
광진구,3508. 화양사거리,202207, 844 , 834 
광진구,3509. 세종사이버대학교,202207," 3,683 "," 3,827 "
광진구,3510. 중곡SK아파트앞,202207, 759 , 705 
광진구,3516. 구의아리수정수센터앞,202207," 1,173 "," 1,110 "
광진구,3517. 용마사거리,202207," 2,226 "," 2,459 "
광진구,3518. 군자역 7번출구뒤,202207," 4,521 "," 4,601 "
광진구,3520. 광진경찰서,202207," 2,927 "," 2,931 "
광진구,3521. 현대홈타운 뒷길,202207, 430 , 433 
광진구,3523. 건국대학교 과학관(이과대) 앞,202207, 970 , 987 
광진구,3524. 세종대학교,202207, 293 , 289 
광진구,3528. 광진정보도서관,202207," 1,248 "," 1,714 "
광진구,3529. 어린이대공원정문,202207, 882 , 708 
광진구,3533. 건대입구역 사거리(롯데백화점),202207," 7,511 "," 7,762 "
광진구,3534. 건대입구역 5번출구 뒤,202207," 4,276 "," 4,321 "
광진구,3536. 중앙농협(자양동),202207," 2,806 "," 2,980 "
광진구,3537. 아차산 휴먼시아 아파트 옆,202207, 521 , 302 
광진구,3541. 커먼그라운드,202207," 4,633 "," 4,578 "
광진구,3542. 래미안 구의파크 스위트,202207," 2,955 "," 3,005 "
광진구,3543. 세종대학교(학술정보원),202207, 329 , 329 
광진구,3563.구의7단지현대아파트,202207, 212 , 214 
광진구,3564.나루마당,202207, 251 , 117 
광진구,3566.우성4차아파트,202207," 1,901 "," 1,905 "
광진구,3569.건대병원후문,202207," 4,901 "," 4,906 "
광진구,3570.구의역 리버비스타 오피스텔,202207," 3,820 "," 3,970 "
광진구,3571.화양 APT(횡단보도 옆),202207," 4,304 "," 4,295 "
광진구,3573.광나루안전체험관,202207," 2,177 "," 2,134 "
광진구,3575. 자양사거리(서원빌딩),202207," 4,307 "," 4,313 "
광진구,3578.중곡동 파크웨이빌딩,202207," 1,896 "," 1,838 "
광진구,3579.광진 캠퍼스시티,202207," 3,228 "," 3,230 "
광진구,3581.광진광장,202207," 2,275 "," 2,091 "
광진구,3582.화양동 우체국,202207," 2,703 "," 2,550 "
광진구,3586.군자역 비채온 오피스텔,202207," 1,950 "," 1,966 "
광진구,3587.우성식품 앞,202207," 1,641 "," 1,637 "
광진구,3588.세종대학교(영실관),202207, 549 , 531 
광진구,3853. 어린이대공원역 2번출구,202207, 741 , 664 
광진구,3860. 건국대학교 정문 앞,202207," 1,575 "," 1,485 "
광진구,3863. 동일로58길 입구,202207, 852 , 799 
광진구,3864. 광진소방서 앞,202207," 1,290 "," 1,244 "
광진구,3865. 이튼타워리버 2차,202207," 2,015 "," 2,019 "
광진구,3868. 자양한강도서관,202207," 2,066 "," 2,093 "
광진구,3873. 동서울우편집중국 앞,202207," 1,178 "," 1,163 "
광진구,3878. 장로회신학대학교 주기철 기념관,202207, 61 , 37 
광진구,3879. 중랑천 뚝방길 산책로 입구,202207," 1,607 "," 1,814 "
광진구,3880. 홍련봉 공원,202207, 718 , 573 
광진구,3881. 신자초교입구 교차로,202207," 3,392 "," 3,400 "
광진구,3882. 자양2동 주민센터,202207," 1,720 "," 1,735 "
광진구,3886.광진구 민방위교육센터,202207," 1,494 "," 1,514 "
광진구,500. 어린이대공원역 3번출구 앞,202207," 2,586 "," 2,543 "
광진구,501. 광진구의회 앞,202207," 2,659 "," 2,361 "
광진구,502. 뚝섬유원지역 1번출구 앞,202207," 12,252 "," 13,122 "
광진구,505. 자양사거리 광진아크로텔 앞,202207," 3,123 "," 3,087 "
광진구,515. 광양중학교 앞,202207, 895 , 873 
광진구,516. 광진메디칼 앞,202207," 1,844 "," 1,832 "
광진구,539. 군자교교차로,202207," 2,203 "," 2,217 "
광진구,540. 군자역 7번출구 베스트샵 앞,202207," 2,803 "," 2,812 "
광진구,542. 강변역 4번출구 뒤,202207," 2,160 "," 2,181 "
광진구,543. 구의공원(테크노마트 앞),202207," 2,433 "," 2,514 "
광진구,544. 광남중학교,202207," 1,257 "," 1,433 "
광진구,546. 잠실대교북단 교차로,202207," 2,219 "," 2,221 "
광진구,548. 자양나들목,202207," 2,616 "," 2,719 "
광진구,549. 아차산역 3번출구,202207," 3,193 "," 3,205 "
광진구,551. 구의삼성쉐르빌 앞,202207," 3,633 "," 3,636 "
광진구,552. 대림아크로리버 앞,202207," 1,069 "," 1,055 "
광진구,553. 중곡 성원아파트 앞,202207," 1,271 "," 1,292 "
광진구,555. 구의3동주민센터,202207, 697 , 686 
광진구,571. 세종대학교 대양AI센터,202207, 935 , 846 
광진구,572. 국립정신 건강센터 앞,202207, 568 , 258 
광진구,573. 구의문주차장 앞,202207," 2,097 "," 2,109 "
광진구,574. 아차산역4번출구,202207," 3,350 "," 1,664 "
광진구,575. 대원중고교 입구(대하빌딩),202207, 506 , 505 
광진구,576. 광나루역 3번 출구,202207," 2,482 "," 2,500 "
광진구,577. 광진청소년수련관,202207," 2,136 "," 2,228 "
광진구,584. 광진광장 교통섬,202207," 3,471 "," 2,605 "
광진구,588. 뚝섬 유원지역,202207," 2,665 "," 2,688 "
광진구,590. 건국대학교 (입학정보관),202207," 1,685 "," 1,685 "
광진구,591. 건국대학교 (행정관),202207, 531 , 532 
광진구,592. 건국대학교 학생회관,202207," 2,489 "," 2,546 "
광진구,593.자양중앙나들목,202207," 2,063 "," 2,241 "
구로구,1901. 신도림동주민센터 앞,202207," 2,366 "," 2,429 "
구로구,1904. 도림천역 1번 출구 앞,202207," 3,187 "," 3,176 "
구로구,1906. 신도림역 1번 출구 앞,202207," 6,325 "," 6,324 "
구로구,1907. 구일우성(아) 육교 밑,202207," 1,594 "," 1,618 "
구로구,1908. 해원리바파크 육교 밑,202207," 1,990 "," 2,097 "
구로구,1910. 낙원교회 맞은편,202207, 569 , 496 
구로구,1911. 구로디지털단지역 앞,202207," 9,130 "," 9,183 "
구로구,1912. 한신휴아파트 앞,202207," 2,614 "," 2,496 "
구로구,1913. 구로리공원,202207," 1,466 "," 1,553 "
구로구,1914. 대림역4번출구,202207," 3,730 "," 3,743 "
구로구,1916. 구로중학교앞,202207, 876 , 826 
구로구,1920. 서울미래초등학교 사거리,202207," 2,095 "," 1,722 "
구로구,1924. 삼부르네상스파크빌,202207," 1,514 ", 860 
구로구,1925. 동양미래대학교 정문 옆,202207," 4,397 "," 4,220 "
구로구,1928. 고척스카이돔구장 광장,202207," 1,079 ", 959 
구로구,1929. 고척근린공원 고척도서관 앞,202207," 1,401 "," 1,053 "
구로구,1930. 개봉지구대 개봉치안센터,202207," 1,167 "," 1,156 "
구로구,1931. 개봉역2번출구 A,202207," 1,476 "," 2,010 "
구로구,1933. 개봉푸르지오아파트 상가,202207," 1,922 "," 2,244 "
구로구,1936. 개봉역 1번 출구 자전거보관서쪽,202207, 855 ," 1,040 "
구로구,1937. 한진아파트 입구,202207," 1,259 "," 1,254 "
구로구,1941. 오류동역 2번출구,202207," 1,202 "," 1,491 "
구로구,1943. 온수역 북측,202207, 517 , 453 
구로구,1946. 구로역 광장,202207," 3,136 "," 3,250 "
구로구,1951. 천왕이펜하우스 4단지 후문,202207, 266 , 145 
구로구,1952. 천왕연지타운2단지 앞,202207," 1,445 "," 2,039 "
구로구,1953. 천왕역 4번출구 뒤,202207," 1,803 "," 1,256 "
구로구,1955. 디지털입구 교차로,202207," 4,370 "," 4,385 "
구로구,1956. 동아1차APT105동 버스정류장(신도림중학교 방면),202207," 2,139 "," 2,149 "
구로구,1957. 구일고등학교 정문 ,202207," 1,809 "," 2,041 "
구로구,1958. 강서수도사업소민원센터,202207," 2,140 "," 2,236 "
구로구,1959. 구로구의회 앞,202207," 1,988 "," 2,168 "
구로구,1960. 구로거리공원 동측(신도림역 방면),202207," 1,409 "," 1,277 "
구로구,1961. 신도림테크노근린공원,202207," 4,479 "," 4,659 "
구로구,1962. 가리봉동주민센터,202207," 1,933 "," 1,871 "
구로구,1964. 원메디타운 앞,202207," 1,635 "," 1,735 "
구로구,1965. 삼환로즈빌아파트 105동 옆,202207," 1,021 ", 941 
구로구,1966. 한마을아파트 정문상가,202207," 1,518 "," 1,543 "
구로구,1967. 참새공원(백곡경노당),202207, 498 , 530 
구로구,1968. 동인오피스텔 건너편 소공원,202207, 550 , 587 
구로구,1969. 궁동생태공원,202207, 227 , 231 
구로구,1971. 오정초교 앞 보도육교,202207, 416 , 349 
구로구,1973. 오리로와 서해안도로 교차로 앞,202207, 582 , 406 
구로구,1974. 신도림2차e편한세상아파트 203동 앞,202207," 1,992 "," 1,708 "
구로구,1975. 대림역 1번 출입구 밑,202207," 1,915 "," 1,899 "
구로구,1976. 남구로역 5번 출입구 앞,202207, 736 , 521 
구로구,1977. 천왕역 1번 출입구 앞,202207," 2,769 "," 2,361 "
구로구,1979. 구로1동우체국 앞,202207, 375 , 389 
구로구,1981. 천왕이펜하우스5단지 앞,202207, 979 ," 1,305 "
구로구,1983. 구로동롯데아파트,202207," 1,436 "," 1,294 "
구로구,1984. 구로구청,202207," 1,993 "," 2,223 "
구로구,1985. 구로도서관,202207," 4,897 "," 4,545 "
구로구,1986. 태평양물산빌딩,202207," 3,718 "," 3,934 "
구로구,1987. 개봉아이파크아파트 앞,202207," 1,301 "," 1,409 "
구로구,1988. 고척LIGA아파트 앞,202207," 2,506 "," 2,700 "
구로구,1991. 오류동역 맞은편,202207," 1,742 "," 1,981 "
구로구,1992. 구로구배드민턴실내체육관 앞,202207, 462 , 528 
구로구,1993. 금강수목원아파트 앞,202207, 870 , 879 
구로구,1994. 삼성전자 물류센터 앞,202207," 1,590 "," 1,547 "
구로구,1996. 구일역 1번 출입구 앞,202207," 2,702 "," 2,751 "
구로구,1998. 고척교 교차로,202207, 825 , 667 
구로구,1999. 수궁동 성당 주변,202207, 824 , 899 
구로구,2000. 신도림4차 e편한세상 아파트 1109동 앞,202207," 2,254 "," 1,777 "
구로구,2801. 대륭포스트타워1차,202207," 2,815 "," 2,772 "
구로구,2804.항동지구 6단지 602동 앞,202207, 292 , 384 
구로구,2805.구로자원순환센터 ,202207, 155 , 77 
구로구,2806.항동지구 4단지 입구,202207, 150 , 98 
구로구,2807.항동지구 1단지 105동 앞,202207, 227 , 253 
구로구,2808.항동지구 2단지 202동 앞,202207, 235 , 260 
구로구,2809.항동지구 11단지 1103동 앞,202207, 203 , 250 
구로구,2810.항동지구 3단지 311동 앞,202207, 142 , 214 
구로구,2812.항동프라자,202207, 489 , 560 
구로구,2813.항동지구 3단지 302동 앞,202207, 76 , 41 
구로구,2814.항동지구 10단지 1001동 앞,202207, 324 , 315 
구로구,2815.항동지구 7단지 정문,202207, 626 , 565 
구로구,2816.항동지구 8단지 803동옆(주차장입구),202207, 110 , 94 
구로구,2817.천왕이펜하우스5단지 앞,202207, 326 , 243 
구로구,2818.천왕이펜하우스3단지 앞,202207, 546 , 166 
구로구,2819.하늘숲초등학교 앞,202207, 907 ," 1,333 "
구로구,2820.신세기아파트 앞,202207, 883 , 943 
구로구,2821.청구아파트 앞,202207," 1,445 "," 1,489 "
구로구,2822.제니스스포츠 앞,202207, 561 , 613 
구로구,2823.중앙유통단지 앞,202207," 1,377 "," 1,354 "
구로구,2824.미래사랑어린이공원 앞,202207," 3,946 "," 3,876 "
구로구,2825.초롱타운 앞,202207, 470 , 496 
구로구,2826.가마산지하보도 옆,202207, 625 , 689 
구로구,3902. 항동지구5단지 501동 앞,202207, 284 , 379 
구로구,3903. 현대아파트 앞,202207, 557 , 627 
구로구,3904. 테크노마트 앞,202207," 3,731 "," 3,710 "
구로구,3905. 희훈타워빌 앞,202207," 2,411 "," 2,389 "
구로구,3906. 천왕차량사업소 입구,202207, 757 ," 1,047 "
구로구,3907. 신도림7차e편한세상아파트 806동 앞,202207," 1,816 "," 1,658 "
구로구,3908. 오류동 다숲오피스텔 앞,202207, 867 ," 1,091 "
구로구,3910. 목양전원교회 앞 로터리,202207, 329 , 347 
구로구,3911. 항동하버리안2단지아파트 후문,202207, 229 , 331 
구로구,3912. 삼호아파트 앞,202207, 645 , 618 
구로구,3914. 신도림쌍용플래티넘노블아파트 앞,202207," 2,444 "," 2,357 "
구로구,3915. 동선아파트 앞,202207, 166 , 188 
구로구,3917. 성공회대학교,202207, 567 , 316 
구로구,3918. 이좋은집오피스텔 앞,202207, 825 , 965 
구로구,3919. 구로역·NC신구로점 버스정류장(구로역 방면),202207," 1,902 "," 1,762 "
구로구,3920. 개봉역2번출구 B,202207, 300 , 331 
구로구,3922. 서울남부교정시설 앞,202207, 232 , 313 
구로구,3923. 구로공구상가 앞,202207, 449 , 380 
구로구,3924. 오류동 계림웨스트밸리 앞,202207, 47 , 45 
금천구,1804. 독산역 2번출구 자전거주차장,202207," 1,871 "," 1,871 "
금천구,1805. 서울디지털운동장 앞,202207," 1,157 "," 1,125 "
금천구,1806. 에이스하이엔드타워9차 앞,202207," 1,249 "," 1,231 "
금천구,1808. 에이스하이엔드타워8차 앞,202207," 1,542 "," 1,501 "
금천구,1809. LG전자 별관동(호서대 벤처타워 맞은편),202207, 829 , 794 
금천구,1812. 갑을그레이트밸리 앞,202207, 966 , 956 
금천구,1814. 두산위브아파트 옆 상가건물 앞,202207," 1,410 "," 1,400 "
금천구,1816. 금천폭포공원 앞,202207, 276 , 205 
금천구,1819. 금천구청 앞 자전거거치대,202207, 487 , 443 
금천구,1820. 신한은행 시흥대로금융센터지점,202207, 343 , 411 
금천구,1821. 홈플러스 시흥점 맞은편 다비치안경 앞,202207," 1,080 "," 1,154 "
금천구,1822. 서울 시흥동우체국 앞,202207, 785 , 996 
금천구,1823. 상신정비공업 앞,202207, 389 , 194 
금천구,1824. 독산근린공원 입구,202207," 1,798 "," 1,833 "
금천구,1825. 한신아파트 앞 육교 아래,202207, 660 , 754 
금천구,1826. 한신코아 앞,202207, 526 , 593 
금천구,1827. 독산보도육교 앞 자전거 보관소,202207," 2,016 "," 2,329 "
금천구,1828. 한양수자인아파트 앞,202207, 951 , 547 
금천구,1829. 홈플러스 금천점 앞,202207," 1,006 "," 1,084 "
금천구,1830. 빅마켓 금천점 앞,202207," 2,323 "," 2,396 "
금천구,1831. 메이퀸웨딩컨벤션 앞,202207, 694 , 698 
금천구,1833. 독산역 1번출구 앞 자전거보관소,202207," 1,171 "," 1,211 "
금천구,1834. 월드메르디앙 벤처센터 2차,202207," 1,501 "," 1,490 "
금천구,1835. STX V타워,202207, 886 , 856 
금천구,1836. 금천구립 독산도서관,202207, 258 , 124 
금천구,1839. 수출의 다리 아래,202207," 1,138 "," 1,126 "
금천구,1840. 솔브레인이엔지 뒤편,202207," 1,070 "," 1,100 "
금천구,1841. 가산동 주민센터,202207," 2,195 "," 2,258 "
금천구,1842. 한울중학교,202207, 188 , 91 
금천구,1843. 독산고등학교,202207, 539 , 501 
금천구,1845. 롯데캐슬골드파크1차 서문,202207, 676 , 606 
금천구,1846. 롯데캐슬골드파크1차 동문,202207," 1,430 "," 1,397 "
금천구,1847. 독산주공 14단지 버스정류소,202207, 273 , 234 
금천구,1848. 벽산 디지털밸리 5차,202207," 1,799 "," 1,873 "
금천구,1849. 대륭포스트타워5차,202207, 650 , 671 
금천구,1850. 코오롱테크노밸리,202207, 406 , 380 
금천구,1851. 가산디지털단지 7번출구,202207," 3,457 "," 3,332 "
금천구,1852. 혜명양로원 담장 옆,202207, 298 , 288 
금천구,1853. 서울디자인직업전문학교 앞,202207, 511 , 491 
금천구,1854. 가산아네스트 오피스텔 앞,202207, 972 , 561 
금천구,1855. 성지아파트 옆 도로변,202207, 222 , 351 
금천구,1856. 모두의학교,202207," 1,049 "," 1,038 "
금천구,1857. 주공14단지,202207, 363 , 361 
금천구,1858. 500번·507번 버스 종점 앞,202207, 304 , 360 
금천구,1859. 대륭테크노타운 18차,202207, 927 , 881 
금천구,1861.IBK기업은행 석수역 지점 앞,202207, 194 , 213 
금천구,1862.스타즈호텔독산 빌딩 앞,202207," 1,131 "," 1,052 "
금천구,1863.위너스 스포츠클럽 골프연습장옆,202207, 565 , 518 
금천구,1864.산호시티빌 옆,202207, 294 , 210 
금천구,1865.금천구청앞(M빌딩),202207, 455 , 431 
금천구,1866.서울안천초등학교 옆,202207, 206 , 228 
금천구,1867.대륭포스트타워6차 앞,202207," 4,655 "," 4,840 "
금천구,1868.우리은행 시흥남자동화점 앞,202207, 487 , 409 
금천구,1869.롯데캐슬골드파크3차 301동 앞,202207," 1,259 "," 1,239 "
금천구,1870.독산3동주민센터 앞,202207, 821 , 499 
금천구,3956. 대륭테크노타운21차 앞,202207, 990 , 964 
금천구,3958. 롯데캐슬2차 마을버스 정류장(18804) 뒤편,202207, 548 , 589 
금천구,3959. 시흥사거리(시흥동 994-3 앞),202207," 1,150 "," 1,349 "
금천구,3963. 에이스 하드웨어(시흥대로 396) 앞,202207, 991 ," 1,146 "
금천구,3966. 독산역1번출구 옆,202207," 2,631 "," 3,019 "
금천구,3967. 혜명양로원 담장 옆(2),202207, 228 , 207 
금천구,3968. 독산동 현대홈타운 금천과선교 앞,202207, 542 , 507 
금천구,3969. 독산역 롯데캐슬 104동 앞,202207, 639 , 670 
금천구,3970. 시흥4동주민센터 앞,202207, 345 , 327 
금천구,3971. 순흥안씨묘 건너편,202207, 105 , 79 
금천구,3972. 산기슭공원 앞,202207, 241 , 193 
금천구,3973. 독산2동주민센터 앞,202207, 257 , 240 
금천구,3974.  안천중학교,202207, 432 , 460 
금천구,3975.현대시티아울렛 가산,202207," 1,461 "," 1,447 "
금천구,3977. 말미사거리,202207, 897 , 913 
금천구,3980. 금천현대홈타운 후문 서부샛길,202207, 825 , 786 
금천구,3983. 금천구청역 1번 출구,202207, 995 ," 1,328 "
금천구,3984. 가산롯데아이티캐슬,202207," 1,154 "," 1,133 "
금천구,3985. 디폴리스 지식산업센터,202207, 971 , 926 
노원구,1601. 석계역 문화광장 내 자전거 보관소,202207," 5,220 "," 5,338 "
노원구,1602. 광운대역 앞,202207," 2,221 "," 2,382 "
노원구,1605. 헬스케어,202207," 1,805 "," 2,010 "
노원구,1606. 태릉입구역 3번출구 ,202207," 1,542 "," 1,552 "
노원구,1608. 공릉역 1번 출구 앞,202207," 3,904 "," 4,043 "
노원구,1610. 화랑대역 2번출구 앞,202207," 3,351 "," 3,466 "
노원구,1611. 과기대 입구(우),202207," 3,362 "," 3,208 "
노원구,1616. 하계2동 공항버스정류장 옆,202207," 2,564 "," 2,619 "
노원구,1617. 하계동 중평어린이공원 앞,202207," 3,228 "," 3,354 "
노원구,1619. 중계동 하나프라자빌딩 앞(중1-1),202207," 2,447 "," 2,430 "
노원구,1620. 중계동 노원구민체육센터 옆(중1-2),202207," 1,590 "," 1,570 "
노원구,1625. 상계역(4번출구),202207," 4,858 "," 4,848 "
노원구,1627. 수락산역 4번출구,202207," 1,489 "," 1,460 "
노원구,1628. 노일초등학교 앞,202207, 954 , 938 
노원구,1630. 수연빌딩 앞,202207," 1,421 "," 1,405 "
노원구,1634. 당고개공원 대여소,202207, 730 , 735 
노원구,1635. 상계3.4동 주민센터 대여소,202207, 531 , 383 
노원구,1636. 상계주공2단지 버스정류장 옆,202207," 3,097 "," 3,055 "
노원구,1637. KT 전화국 버스정류장 옆,202207," 5,856 "," 6,178 "
노원구,1639. 희성오피앙,202207," 1,644 "," 1,641 "
노원구,1640. 한내근린공원 북측,202207," 1,588 "," 1,888 "
노원구,1641. 한내근린공원 남측,202207, 823 ," 1,045 "
노원구,1642. 서울여대 남문,202207," 1,098 ", 848 
노원구,1643. 태릉입구역 8번출구,202207," 2,521 "," 2,542 "
노원구,1646. 삼육대 입구,202207, 610 , 597 
노원구,1650. 중계근린공원내,202207," 3,997 "," 3,973 "
노원구,1651. 상계동 우방유쉘아파트 앞,202207," 1,293 "," 1,300 "
노원구,1652. 파르코 앞,202207, 666 , 670 
노원구,1653. 노원역1번출구,202207," 5,794 "," 6,121 "
노원구,1654. 당고개입구 오거리,202207, 939 , 918 
노원구,1655. 공릉1단지아파트,202207," 2,619 "," 2,646 "
노원구,1656. 중앙하이츠 아파트 입구,202207," 2,445 "," 2,387 "
노원구,1657. 노원구청 ,202207," 2,045 "," 2,100 "
노원구,1659. 중계동 을지중학교,202207, 887 , 772 
노원구,1660. 서울시립과학관,202207, 540 , 454 
노원구,1661. 당현천근린공원,202207," 2,188 "," 2,141 "
노원구,1662. 노원역7번출구,202207," 3,311 "," 3,442 "
노원구,1663. 동해문화예술관앞,202207," 2,731 "," 2,728 "
노원구,1664. 노해근린공원내,202207, 647 , 640 
노원구,1665. 양지근린공원앞,202207," 1,342 "," 1,101 "
노원구,1666. 노원소방서인근,202207," 1,312 "," 1,146 "
노원구,1667. 중계중학교,202207," 1,983 "," 1,947 "
노원구,1668. 중계역 6번출구,202207," 2,465 "," 2,439 "
노원구,1669. 중계역 3번출구,202207," 2,323 "," 2,295 "
노원구,1670. 노원경찰서교차로,202207," 2,011 "," 1,961 "
노원구,1671. 인덕대학교,202207, 885 , 971 
노원구,1672. 상계동수락리버시티,202207, 924 , 954 
노원구,1674. 서울북부고용센터앞,202207," 4,060 "," 4,189 "
노원구,1675. 월계문화체육센터,202207, 282 , 260 
노원구,1677. 육군사관학교  앞,202207," 1,820 "," 1,960 "
노원구,1678. 성서대학교 밀알관,202207, 376 , 316 
노원구,1679. 삼육대 도서관,202207, 346 , 279 
노원구,1680. 삼육대 제3과학관,202207, 115 , 75 
노원구,1681. 현대6차 아파트,202207," 1,389 "," 1,187 "
노원구,1682. 중계종합사회복지관 교차로,202207," 1,409 "," 1,399 "
노원구,1683. 노원문화예술회관,202207," 2,022 "," 1,991 "
노원구,1684. 태릉입구역 5번출구,202207," 4,185 "," 4,151 "
노원구,1685. 불암고등학교 앞 횡단보도,202207," 1,569 "," 1,534 "
노원구,1686. 상계주공10단지 종합상가 앞,202207," 3,577 "," 3,554 "
노원구,1688. 마들역 7번출구,202207," 2,864 "," 2,884 "
노원구,1689. 마들역 3번출구,202207," 2,360 "," 2,479 "
노원구,1690. 도봉운전면허시험장 버스정류장 옆,202207," 1,937 "," 1,937 "
노원구,1691. 노원정보도서관,202207," 1,737 "," 1,735 "
노원구,1692. 온곡초교 교차로,202207," 3,469 "," 2,046 "
노원구,1693. 원자력 병원,202207, 579 , 353 
노원구,1696.수락리버시티4단지,202207, 929 , 963 
노원구,1697.상계주공2단지 219동,202207," 1,752 "," 1,747 "
노원구,2901.공릉동풍림아파트 101동,202207," 1,734 "," 1,835 "
노원구,2902.공릉풍림아파트 108동,202207," 1,313 "," 1,385 "
노원구,2903.월계초안아파트 1단지,202207, 859 , 873 
노원구,2904.중계3차청구아파트,202207," 1,416 "," 1,409 "
노원구,2907. 월계중학교,202207, 476 , 133 
노원구,2908. 광운대학교 중앙도서관,202207," 1,934 "," 1,899 "
노원구,2909. 석계역 3번 출구,202207," 1,940 "," 1,995 "
노원구,2910.도깨비시장,202207," 2,561 "," 2,608 "
노원구,2911.상계역중앙시장,202207," 1,487 "," 1,493 "
노원구,2912.대진고등학교,202207," 2,654 "," 2,491 "
노원구,2913.상계8동 주민센터,202207," 2,404 "," 2,735 "
노원구,2914.서울과학기술대학교(미래관),202207, 913 , 913 
노원구,2915.서울과학기술대학교(어학교육원),202207," 3,308 "," 2,805 "
노원구,2917.신창중학교 후문 맞은편 버스정류장,202207," 1,112 "," 1,319 "
노원구,2919.등나무 근린공원(시립북서울미술관 앞) ,202207," 4,201 "," 4,227 "
노원구,2920.상계중학교(당현2교사거리),202207," 1,158 "," 1,115 "
노원구,2921.중계역 2번출구,202207," 3,560 "," 3,789 "
노원구,4002. 상계주공 14단지 상가 앞,202207," 1,074 "," 1,159 "
노원구,4003. 상계초교 입구 교차로 명주빌딩 앞,202207," 2,127 "," 2,151 "
노원구,4004. 당고개입구오거리 당현천변,202207," 1,669 "," 1,667 "
노원구,4005. 중계2차 한화꿈에그린 101동 인근,202207," 1,333 "," 1,332 "
노원구,4007. 노원 을지대학교 병원,202207," 2,822 "," 2,970 "
노원구,4008. 하계 어린이 공원,202207," 2,335 "," 2,378 "
노원구,4009. 월계프라자,202207, 842 , 458 
노원구,4011. 월계 센트럴 아이파크,202207," 1,209 "," 1,658 "
노원구,4013. 중계 롯데마트,202207," 2,089 "," 2,035 "
노원구,4014. 당고개역 3번 출구,202207," 1,333 "," 1,332 "
노원구,4016. 노원 마들스타디움,202207," 1,238 "," 1,245 "
노원구,4017. 월계 청백1단지 아파트 정류장,202207, 666 , 316 
노원구,4018. 상계주공15단지 버스정류소,202207," 1,696 "," 1,711 "
노원구,4019. 상계주공10단지 버스정류소,202207, 653 , 642 
노원구,4020. 중계동 성모빌딩 앞 ,202207," 2,012 "," 2,005 "
노원구,4021. 중계본동 입구,202207, 203 , 90 
노원구,4023. 월계역 1번 출구,202207," 1,145 "," 1,362 "
노원구,4024. 꿈의숲 SK뷰 아파트,202207," 1,656 "," 1,743 "
노원구,4025. 한천교 동편,202207," 1,274 "," 1,398 "
노원구,4026. 상계주공1단지아파트,202207," 1,916 "," 1,912 "
노원구,4027. 한내 행복발전소 옆,202207," 3,612 "," 3,889 "
노원구,4028. 한일유앤아이아파트 105동 인근,202207," 1,464 "," 1,292 "
노원구,4029. 청소년수련관 후문,202207," 4,251 "," 4,402 "
노원구,4031. 청암예술학교 앞,202207," 1,639 "," 1,558 "
노원구,4032. 은행사거리 성모빌딩 앞,202207," 1,371 "," 1,365 "
노원구,4033. 녹천역 4번 출구 옆,202207, 689 , 829 
노원구,4034. 상계근린공원 운동장 앞,202207," 1,346 "," 1,505 "
노원구,4035. 휴플러스 수락한신아파트 101동 앞,202207, 696 , 692 
노원구,4036. 하계역 6번출구,202207," 2,221 "," 2,473 "
노원구,4037. 물넘이교,202207," 2,585 "," 2,516 "
노원구,4039. 서울시 북부여성발전센터,202207," 1,192 "," 1,158 "
노원구,4040. 공릉로 26길,202207, 346 , 348 
노원구,4041. 공릉역3번출구,202207," 2,576 "," 2,669 "
노원구,4042. 상계문화정보도서관,202207," 1,154 "," 1,175 "
노원구,4043. 상계주공13단지 1301동,202207, 376 , 345 
노원구,4044. 공릉산 백세문 입구,202207, 164 , 156 
노원구,4045. 은하수 공원,202207, 521 , 656 
노원구,4046. 경춘선 숲길,202207," 3,910 "," 4,099 "
노원구,4048. 신도1차아파트앞,202207," 1,674 "," 2,022 "
노원구,5301. 상계주공1단지 버스정류장 옆(대원빌딩 앞),202207," 2,852 "," 2,845 "
노원구,5305. 대륜E&S 서울지사 앞,202207, 583 , 632 
노원구,5306. 동신아파트 후문 옆,202207," 3,340 "," 3,417 "
노원구,5308. 상계신동아아파트,202207, 60 , 54 
노원구,5309. 월계 롯데캐슬아파트 뒤,202207, 175 , 188 
노원구,5310. 목련아파트,202207, 60 , 40 
도봉구,1702. 녹천역 1번출구 앞,202207, 779 , 818 
도봉구,1703. 도봉산광역환승센터앞 ,202207, 327 , 300 
도봉구,1705. 도봉구청 정문앞,202207," 1,671 "," 1,674 "
도봉구,1706. 방학동우체국 건너편,202207, 917 , 913 
도봉구,1707. 도봉구민회관,202207," 1,753 "," 1,740 "
도봉구,1708. 도봉보건소사거리,202207," 2,071 "," 2,075 "
도봉구,1709. 쌍문역4번출구 주변,202207," 1,213 "," 1,057 "
도봉구,1713. 쌍문동 이안아파트 앞,202207, 525 , 217 
도봉구,1714. 도봉문화정보도서관 삼거리,202207, 418 , 99 
도봉구,1715. 서울특별시교육청도봉도서관,202207," 1,242 "," 1,205 "
도봉구,1716. 창동역 1번출구 건너편,202207," 1,106 "," 1,101 "
도봉구,1717. 시립창동운동장 입구,202207, 505 , 426 
도봉구,1719. 신도봉사거리 버스정류장,202207," 1,060 "," 1,168 "
도봉구,1720. 도봉구청 옆(중랑천변),202207," 2,059 "," 2,071 "
도봉구,1721. 창동역 2번출구 ,202207," 4,342 "," 5,207 "
도봉구,1722. 창동청소년수련관,202207," 1,337 "," 1,257 "
도봉구,1723. 방학동학마을도서관,202207, 625 , 624 
도봉구,1725. 창1동주민센터,202207, 853 , 989 
도봉구,1726. 삼익세라믹아파트교차로,202207," 1,372 "," 1,345 "
도봉구,1727. 서울도봉초등학교인근,202207, 806 , 782 
도봉구,1728. 서울북부지방법원,202207, 356 , 328 
도봉구,1729. 도봉한신아파트 버스정류장,202207," 1,260 "," 1,294 "
도봉구,1730. 도봉산역 교차로 앞,202207, 235 , 233 
도봉구,1731. 도봉고등학교 맞은편,202207, 289 , 188 
도봉구,1732. 방학역사거리,202207, 719 , 795 
도봉구,1733. 방학사거리 (봄마당 앞),202207," 1,270 "," 1,288 "
도봉구,1734. 쌍문현대1차아파트 108동 앞,202207," 1,095 ", 914 
도봉구,"1735. 도봉역 1,2번 출구사이 건너편",202207," 1,223 "," 1,283 "
도봉구,1736. 버스정류장 앞,202207, 655 , 508 
도봉구,1737. 신창시장,202207," 2,113 "," 2,356 "
도봉구,1738. 창동주공17단지 상가앞,202207," 2,555 "," 2,783 "
도봉구,1741. 제일강산수산입구,202207," 1,599 "," 1,435 "
도봉구,1742. 북한산 코오롱 하늘채,202207," 2,059 "," 2,092 "
도봉구,1743.창동19단지아파트 관리사무소앞,202207," 1,650 "," 1,648 "
도봉구,1744.도봉소방서 옆,202207," 2,040 "," 2,024 "
도봉구,1746. 방학남부역 버스정류장,202207," 1,062 "," 1,079 "
도봉구,1748. 방학역 1번출구,202207," 1,144 "," 1,237 "
도봉구,1749. ESA아파트 상가 앞,202207," 1,550 "," 1,573 "
도봉구,1750. 창포원 남쪽 입구,202207, 844 , 989 
도봉구,1751. 창원초등학교 교차로,202207, 678 , 672 
도봉구,1752. 창동 주공 4단지 입구 옆,202207," 1,107 "," 1,223 "
도봉구,1754. 창동시장입구 사거리,202207," 1,079 "," 1,082 "
도봉구,1756.서울북부광역등기국,202207, 430 , 409 
도봉구,1757.솔밭공원역 1번출구 앞,202207, 447 , 435 
도봉구,1758.솔밭공원역 1번출구 주변,202207, 722 , 681 
도봉구,1759.서울북부지방법원 앞,202207, 705 , 684 
도봉구,1761.방학중학교 앞,202207, 531 , 509 
도봉구,1762.북한산 한신휴플러스APT앞,202207," 2,417 "," 2,201 "
도봉구,1765.쌍문역 1번출구 주변,202207," 1,236 "," 1,196 "
도봉구,1767.방학초등학교 앞,202207," 1,916 "," 2,536 "
도봉구,1768.신동아타워 버스정류소,202207, 669 , 666 
도봉구,1770.도봉한신아파트 주변,202207, 895 , 887 
도봉구,1771.성원APT버스정류소,202207, 965 , 818 
도봉구,1772.시립도봉노인복지관 버스정류소,202207, 813 , 767 
도봉구,1774.정의여중고 버스정류소,202207, 628 , 606 
도봉구,1775.신원리베르텔 앞,202207, 958 , 913 
도봉구,4054. 창동한신아파트 버스정류소,202207, 897 , 749 
도봉구,4058. 다락원체육공원 전망대 입구,202207, 625 , 667 
도봉구,4062. 평화도봉공원 주변,202207," 1,242 "," 1,248 "
도봉구,4064. 신창아파트 입구 앞,202207, 415 , 420 
도봉구,4065. 창동역 1번출구 앞,202207," 3,446 "," 3,520 "
도봉구,4073.방아골종합사회복지관,202207, 775 , 725 
도봉구,4074. 도봉구육아종합지원센터(창동),202207," 1,036 "," 1,441 "
도봉구,4076. 도봉통합복지센터 뒤 중랑천 변,202207," 3,130 "," 3,350 "
도봉구,4077. 도봉제1교,202207," 2,223 "," 2,418 "
도봉구,4078. 원당공원 앞,202207," 1,423 "," 1,425 "
도봉구,4080. 창동주공19단지앞 ,202207," 1,972 "," 1,966 "
도봉구,4083.도봉아이나라도서관 앞,202207, 969 , 991 
도봉구,4084. 도봉동실내스포츠센터,202207, 837 , 759 
도봉구,4086. 도봉로 534,202207, 314 , 255 
도봉구,4087. 우이교 교차로,202207," 1,243 "," 1,237 "
도봉구,4088. 김근태도서관,202207, 262 , 164 
동대문구,4102. 휘경1동주민센터 앞,202207," 1,419 "," 1,497 "
동대문구,4103. 휘경sk뷰아파트 앞,202207, 844 , 812 
동대문구,4104. 외대앞역 교차로,202207," 1,314 "," 1,358 "
동대문구,4105. 서울교통공사사거리 교통섬,202207," 1,375 "," 1,388 "
동대문구,4107. 장안동근린공원 입구,202207, 792 , 908 
동대문구,4108. 답십리파크자이아파트 앞,202207," 1,843 "," 1,867 "
동대문구,4110. 용두롯데캐슬리치아파트 앞,202207," 1,122 ", 986 
동대문구,4113. 한국국방연구원 앞,202207," 1,378 "," 1,578 "
동대문구,4114. 휘경여중고삼거리,202207," 1,661 "," 1,955 "
동대문구,4116. 이문e편한세상아파트 앞,202207, 582 , 724 
동대문구,4117. 휘경119안전센터 앞,202207," 1,769 "," 1,743 "
동대문구,4121. 서울문화재단 앞,202207," 2,042 "," 2,305 "
동대문구,4122. 청계9가교차로 앞,202207," 3,393 "," 3,529 "
동대문구,4123. 배봉초교 교차로,202207," 1,124 "," 1,195 "
동대문구,4125. 회기역 2-①번출구,202207," 2,343 "," 2,337 "
동대문구,600. 휘경2동 주민센터,202207, 803 , 797 
동대문구,601. 용신동주민센터,202207," 1,231 "," 1,270 "
동대문구,602. 장안동 사거리,202207," 4,553 "," 4,931 "
동대문구,604. 답십리초등학교 옆 공원,202207," 1,181 "," 1,286 "
동대문구,605. 신설동역8번출구,202207," 1,987 "," 2,014 "
동대문구,606. 휘경공고앞,202207, 653 , 714 
동대문구,607. 신이문역 2번출구,202207, 762 , 955 
동대문구,608. 전농삼성아파트,202207, 389 , 379 
동대문구,609. 제기2교,202207," 1,997 "," 2,102 "
동대문구,610. 동대문중 교차로,202207," 1,248 "," 1,246 "
동대문구,612. 시립동부병원 앞 사거리,202207," 2,420 "," 2,453 "
동대문구,613. 신설동역 10번출구 앞,202207," 3,006 "," 3,147 "
동대문구,614. 용두동 사거리,202207," 3,419 "," 3,344 "
동대문구,615. 용두동 래미안허브리츠아파트 앞,202207," 1,872 "," 1,902 "
동대문구,616. 서울시립대 앞,202207, 190 , 104 
동대문구,617. 청솔우성아파트 앞,202207," 1,179 "," 1,494 "
동대문구,621. 동대문중학교 옆,202207, 429 , 410 
동대문구,622. 전농사거리 교통섬,202207," 1,603 "," 1,770 "
동대문구,623. 서울시립대 정문 앞,202207," 1,978 "," 1,388 "
동대문구,624. 전농동 동아아파트 앞,202207," 1,987 "," 2,140 "
동대문구,625. 답십리초등학교 앞(현대시장 옆),202207," 1,331 "," 1,432 "
동대문구,626. 군자교 서측 녹지대,202207," 1,993 "," 2,030 "
동대문구,627. 장안동삼거리 교통섬,202207," 1,437 "," 1,521 "
동대문구,628. 휘봉고등학교 앞,202207," 1,016 "," 1,065 "
동대문구,630. 동대문구 보건소,202207," 2,721 "," 2,935 "
동대문구,631. 답십리역 1번출구,202207," 4,467 "," 4,807 "
동대문구,633. 청량리 기업은행 앞,202207," 3,703 "," 4,032 "
동대문구,634. 외국어대 정문 앞,202207," 3,677 "," 3,671 "
동대문구,635. 시조사 앞,202207," 2,126 "," 1,965 "
동대문구,636. 세종대왕기념관 교차로,202207, 747 , 834 
동대문구,637. KAIST 경영대학 앞,202207," 1,493 "," 1,218 "
동대문구,638. 서울시립대 정보기술관,202207, 601 , 462 
동대문구,639. 서울시립대 후문,202207, 929 , 620 
동대문구,640. 동대문경찰서 교차로,202207," 1,166 "," 1,436 "
동대문구,641. 용두역 4번출구,202207," 3,176 "," 3,271 "
동대문구,642. 신답역 사거리,202207," 2,299 "," 2,393 "
동대문구,643. 동대문구민체육센터 (육교아래),202207," 2,538 "," 2,888 "
동대문구,646. 장한평역 1번출구,202207," 5,841 "," 6,595 "
동대문구,647. 신이문역 1번출구,202207," 1,030 "," 1,088 "
동대문구,648. 장안동위더스빌옆,202207," 3,431 "," 3,518 "
동대문구,650. 중랑교사거리,202207, 202 , 178 
동대문구,652. 답십리 래미안엘파인아파트 입구,202207, 773 , 793 
동대문구,654. 전농동 텃골공원,202207, 903 , 834 
동대문구,656. 영휘원 교차로,202207, 939 ," 1,085 "
동대문구,657. 동대문롯데캐슬아파트 앞,202207," 1,981 "," 1,999 "
동대문구,658. 촬영소 사거리,202207," 1,582 "," 1,839 "
동대문구,659. 제기역1번출구,202207," 3,421 "," 3,293 "
동대문구,660. 동의보감타워,202207," 2,347 "," 2,381 "
동대문구,661. 경희대학교 청운관,202207," 1,382 "," 1,378 "
동대문구,663. 외대앞역 4번출구,202207," 1,691 "," 1,829 "
동대문구,664. 서울시립대 건설공학관,202207, 566 , 461 
동대문구,665.이문동 쌍용아파트 정문,202207," 1,233 "," 1,421 "
동대문구,666.이문대성유니드아파트 앞,202207, 879 ," 1,025 "
동대문구,667.청량차도 육교 밑,202207, 784 , 545 
동대문구,668.서울축산농협(장안지점),202207," 3,753 "," 4,129 "
동대문구,669.청계한신휴플러스앞 삼거리,202207," 1,821 "," 1,847 "
동대문구,670.삼육서울병원 버스정류장,202207," 3,423 "," 3,491 "
동대문구,671.대광빌딩,202207, 754 , 741 
동대문구,672.대광고등학교,202207," 1,064 "," 1,130 "
동대문구,673.안암골벽산아파트(후문),202207," 1,384 "," 1,343 "
동대문구,674.고대앞사거리 교통섬,202207," 1,766 "," 1,611 "
동대문구,676.FITI시험연구원 앞,202207," 1,140 "," 1,155 "
동대문구,678.장안힐스테이트(아) 앞,202207," 2,255 "," 2,362 "
동대문구,679.전농SK아파트 앞,202207, 327 , 324 
동대문구,680.꿈마루어린이도서관 앞,202207," 2,820 "," 2,723 "
동대문구,681.서울특별시 동부교육지원청(육교),202207, 273 , 273 
동작구,2002. 노들역 1번출구,202207," 4,432 "," 4,999 "
동작구,2003. 사육신공원앞,202207," 1,529 "," 1,551 "
동작구,2007. 유한양행앞,202207," 1,911 "," 2,034 "
동작구,2008. 노량진근린공원 대방공원,202207, 543 , 358 
동작구,2009. 보라매역 8번출구,202207," 1,275 "," 1,307 "
동작구,2012. 대림사거리(동작상떼빌아파트),202207," 1,260 "," 1,270 "
동작구,2013. 장승배기역 5번출구,202207," 2,061 "," 1,890 "
동작구,2015. 신대방삼거리역 6번출구쪽,202207," 2,816 "," 3,097 "
동작구,2016. 신대방삼거리역 3번출구쪽,202207," 1,696 "," 1,859 "
동작구,2020. 장승배기역2번출구뒷편쪽,202207, 935 , 930 
동작구,2024. 상도역 1번출구,202207, 729 , 679 
동작구,2025. 흑석역 1번출구,202207," 2,540 "," 3,337 "
동작구,2026. 흑석역 4번출구,202207, 686 ," 1,004 "
동작구,2027. 중앙대학교 정문 1,202207, 780 ," 1,085 "
동작구,2032. 이수역 11번출구쪽,202207," 2,247 "," 2,916 "
동작구,2033. 사당동 아르테스 웨딩앞,202207," 1,658 "," 1,726 "
동작구,2034. 사당역 7번출구쪽,202207," 1,066 "," 1,056 "
동작구,2036. 정금마을 마을버스정류장,202207, 902 , 955 
동작구,2037. 동작역 5번출구 동작주차공원,202207, 564 , 479 
동작구,2038. 동작역 7번출구,202207, 465 , 422 
동작구,2040. 비계 버스정류소,202207, 261 , 193 
동작구,2041. 사당중학교 버스정류소,202207, 441 , 388 
동작구,2048. 삼일초등학교 인근,202207, 863 , 548 
동작구,2050. 노량진역 5번출구,202207," 3,844 "," 4,385 "
동작구,2054. 삼익아파트,202207," 2,294 "," 2,297 "
동작구,2056. 동작구민 체육센터,202207," 1,985 "," 1,937 "
동작구,2057. 상도 아이파크 아파트,202207, 348 , 234 
동작구,2058. 동작경찰서,202207," 3,326 "," 3,736 "
동작구,2059. 보라매공원 정문,202207," 1,995 "," 2,063 "
동작구,2060. 남성역3번출구 뒤,202207," 2,065 "," 2,632 "
동작구,2061. 한강 현대아파트 건너편,202207, 209 , 149 
동작구,2062. 사당새마을금고,202207, 677 , 606 
동작구,2064. 흑석한강푸르지오 106동앞,202207, 287 , 198 
동작구,2065. 서울시여성가족재단,202207, 802 , 822 
동작구,2066. 양문교회 앞,202207," 1,612 "," 1,714 "
동작구,2067. 보라매역․동작세무서 버스정류장(강남중학교방면),202207," 2,245 "," 2,342 "
동작구,2068. 총신대 앞(육교),202207, 222 , 109 
동작구,2069. 숭실대 입구역3번 출구 앞,202207, 773 , 630 
동작구,2070. 노량진역 2번 출구 앞,202207," 1,924 "," 2,146 "
동작구,2071. 대림아파트 후문 상가 옆,202207, 819 , 150 
동작구,2077.노들역 3번출구,202207," 1,425 "," 1,611 "
동작구,2078.흑석 아크로리버하임(103동),202207, 252 , 93 
동작구,2079.중앙대학교 중앙광장,202207, 239 , 201 
동작구,2080. 대방지하보도(대방동경남아너스빌아파트),202207," 2,547 "," 2,637 "
동작구,2082.7호선 이수역7번출구,202207," 1,237 "," 1,232 "
동작구,2083.흑석롯데캐슬에듀포레(107동),202207, 485 , 481 
동작구,2084.e편한세상 상도노빌리티 앞,202207," 1,015 ", 898 
동작구,2085.강남중학교 앞,202207," 1,348 "," 1,324 "
동작구,2086.삼일수영장 앞,202207," 1,494 "," 1,198 "
동작구,2088.상도중앙하이츠빌 입구,202207, 501 , 427 
동작구,2089.사당역10번출구(금강빌딩),202207," 1,491 "," 1,663 "
동작구,2090.기아자동차 사당점 앞,202207," 1,587 "," 1,629 "
동작구,2091. 이수역9번출구,202207," 1,538 "," 1,604 "
동작구,2092.흑석한강푸르지오(110동),202207, 252 , 37 
동작구,2093.상도SH빌아파트 입구,202207, 269 , 42 
동작구,2094.숭실대학교(중문) ,202207, 650 , 113 
동작구,2095.경문고등학교 앞,202207," 1,084 "," 1,194 "
동작구,2096.서울특별시 동작관악교육지원청,202207, 97 , 34 
동작구,237. 보라매 두산위브 건너편,202207," 2,115 "," 2,140 "
동작구,4152. 상도효성해링턴플레이스,202207, 660 , 520 
동작구,4153. 흑석동효사정앞,202207, 330 , 177 
동작구,4158. 노량진근린공원,202207, 309 , 142 
동작구,4162. 노량진1동 청소년독서실,202207, 344 , 123 
동작구,4167. 구로교 아래,202207," 1,893 "," 1,529 "
동작구,4169. 신대방삼거리,202207," 1,800 "," 1,898 "
동작구,4171. 우성아파트 앞,202207," 3,269 "," 3,516 "
동작구,4173. 중대후문 마을버스정류장,202207, 741 , 703 
동작구,4175. 대방역2번출구,202207," 1,439 "," 1,507 "
동작구,4177. 롯데캐슬 101동 앞,202207, 281 , 213 
동작구,4178. 이수성결교회 옆,202207, 148 , 136 
동작구,4179. 보라매병원역 1번출구,202207, 783 , 794 
동작구,4180. 흑석동주민센터 입구,202207, 100 , 150 
마포구,102. 망원역 1번출구 앞,202207," 4,325 "," 4,343 "
마포구,103. 망원역 2번출구 앞,202207," 3,426 "," 3,417 "
마포구,104. 합정역 1번출구 앞,202207," 1,886 "," 1,709 "
마포구,105. 합정역 5번출구 앞,202207," 1,227 "," 1,198 "
마포구,106. 합정역 7번출구 앞,202207," 3,150 "," 3,123 "
마포구,107. 신한은행 서교동지점,202207," 2,652 "," 2,850 "
마포구,108. 서교동 사거리,202207," 2,305 "," 2,329 "
마포구,109. 제일빌딩 앞,202207," 1,476 "," 1,450 "
마포구,111. 상수역 2번출구 앞,202207," 1,090 "," 1,081 "
마포구,112. 극동방송국 앞,202207," 1,616 "," 1,621 "
마포구,113. 홍대입구역 2번출구 앞,202207," 6,357 "," 7,012 "
마포구,114. 홍대입구역 8번출구 앞,202207," 3,101 "," 3,123 "
마포구,118. 광흥창역 2번출구 앞,202207, 976 , 963 
마포구,119. 서강나루 공원,202207," 1,880 "," 1,934 "
마포구,120. 신수동 사거리,202207, 514 , 515 
마포구,121. 마포소방서 앞,202207," 1,013 "," 1,006 "
마포구,122. 신성기사식당 앞,202207," 1,115 "," 1,107 "
마포구,124. 서강대 정문 건너편,202207," 1,400 "," 1,196 "
마포구,125. 서강대 남문 옆,202207," 1,181 "," 1,178 "
마포구,126. 서강대 후문 옆,202207," 1,478 "," 1,446 "
마포구,127. 현대벤처빌 앞,202207, 454 , 332 
마포구,129. 신촌역(2호선) 6번출구 옆,202207," 1,118 "," 1,107 "
마포구,130. 신촌역(2호선) 7번출구 앞,202207," 2,584 "," 2,577 "
마포구,142. 아현역 4번출구 앞,202207, 713 , 696 
마포구,143. 공덕역 2번출구,202207," 1,390 "," 1,502 "
마포구,144. 공덕역 8번출구,202207," 3,397 "," 3,696 "
마포구,145. 공덕역 5번출구,202207," 1,341 "," 1,477 "
마포구,146. 마포역 2번출구 뒤,202207," 3,318 "," 3,630 "
마포구,147. 마포역 4번출구 뒤,202207," 3,586 "," 3,985 "
마포구,148. 용강동 주민센터 앞,202207," 2,181 "," 2,367 "
마포구,150. 서강대역 2번출구 앞,202207," 1,172 "," 1,164 "
마포구,153. 성산2교 사거리,202207," 2,295 "," 2,303 "
마포구,154. 마포구청역 ,202207," 3,171 "," 3,461 "
마포구,155. 가좌역1 번출구 앞,202207," 1,172 "," 1,133 "
마포구,156. 서울서부지방법원 앞,202207," 1,056 "," 1,137 "
마포구,157. 애오개역 4번출구 앞,202207," 2,168 "," 2,274 "
마포구,181. 망원초록길 입구,202207," 1,542 "," 1,544 "
마포구,182. 망원2빗물펌프장 앞,202207," 1,197 "," 1,160 "
마포구,183. 하늘채코오롱아파트 건너편,202207," 2,825 "," 2,581 "
마포구,184. 7번가피자 서교망원점,202207," 3,327 "," 3,470 "
마포구,185. 마포 신수공원 앞,202207," 1,025 ", 881 
마포구,186. 월드컵공원,202207," 2,395 "," 2,282 "
마포구,199. 서울 월드컵 경기장,202207," 1,368 ", 770 
마포구,3002.벽산상암스마트큐브 ,202207," 4,070 "," 4,083 "
마포구,3003.래미안신공덕3차아파트,202207, 93 , 49 
마포구,3005.마포구청 청사내,202207, 326 , 327 
마포구,3006. 상암월드컵파크5단지(상암중학교),202207, 474 , 444 
마포구,3007.MBC 앞,202207," 1,039 "," 1,044 "
마포구,3008.DMC역7번출구,202207, 959 , 694 
마포구,3009.서교동사거리(신),202207," 2,284 "," 2,435 "
마포구,3010.홍대입구역 3번출구,202207," 4,919 "," 4,929 "
마포구,3011.경의선(노고산동),202207," 1,869 "," 1,851 "
마포구,400. 상암한화오벨리스크 1차 앞,202207," 1,639 "," 1,691 "
마포구,401. 상암월드컵파크 10단지 앞,202207," 1,208 "," 1,216 "
마포구,402. 상암월드컵파크 9단지 앞,202207, 888 , 875 
마포구,403. 부엉이공원 앞,202207," 1,336 ", 638 
마포구,405. DMC빌 앞,202207, 946 , 965 
마포구,406. 상암월드컵파크 7단지 앞,202207, 884 , 844 
마포구,407. 마포구 육아종합지원센터,202207, 944 , 922 
마포구,408. LG CNS앞,202207, 984 , 971 
마포구,409. 누리꿈스퀘어 옆,202207," 2,818 "," 2,889 "
마포구,410. 상암중학교 옆,202207, 307 , 277 
마포구,411. DMC홍보관,202207," 1,600 "," 1,683 "
마포구,412. DMC산학협력연구센터 앞,202207," 1,701 "," 1,688 "
마포구,413. 상암월드컵파크 3단지 후문,202207, 759 , 744 
마포구,414. 상암동주민센터 옆,202207," 2,183 "," 2,205 "
마포구,415. DMC역 9번출구 앞,202207," 3,480 "," 3,310 "
마포구,416. 상암월드컵파크 1단지 교차로,202207, 929 , 580 
마포구,417. DMC역 2번출구 옆,202207," 2,289 "," 1,907 "
마포구,418. 월드컵경기장역 3번출구 옆,202207," 2,990 "," 2,973 "
마포구,419. 홈플러스 앞,202207," 3,150 "," 2,933 "
마포구,420. 서울시 공공자전거 상암센터,202207," 1,355 "," 1,049 "
마포구,4202. 프런트원(공덕역4번출구 앞),202207," 1,082 "," 1,205 "
마포구,4206. 광흥창역5번출구,202207, 983 , 997 
마포구,4207. 아만티호텔 앞,202207, 729 , 727 
마포구,4208. 스타벅스(동교동) 앞,202207," 1,098 "," 1,292 "
마포구,421. 마포구청 앞,202207," 2,508 "," 2,508 "
마포구,4210. 가좌행복주택 앞,202207," 1,330 "," 1,336 "
마포구,4211. 시석빌딩 앞,202207, 960 , 946 
마포구,4212. 한화오벨리스크 앞,202207, 998 , 903 
마포구,4213. 마포구중앙도서관 정문 앞,202207," 2,696 "," 2,619 "
마포구,4214. JTBC 앞,202207," 1,229 "," 1,253 "
마포구,4216. 망원정 앞,202207, 993 , 983 
마포구,4217. 한강공원 망원나들목,202207," 12,916 "," 13,638 "
마포구,4218. 디지털매직스페이스,202207," 2,491 "," 2,498 "
마포구,422. 문화비축기지,202207, 331 , 306 
마포구,4220. 신촌 청년주택,202207," 2,438 "," 2,449 "
마포구,4221. 솔리스타오피스텔(공덕동주민센터),202207, 487 , 154 
마포구,4222. 서울디자인고등학교 앞,202207," 1,975 "," 2,233 "
마포구,4224. 서부운전면허시험장,202207, 990 ," 1,011 "
마포구,4226. 마포프레스티지자이 1,202207," 1,599 "," 1,604 "
마포구,4233. 코오롱아파트사거리,202207," 3,917 "," 3,951 "
마포구,4234. 에스테반,202207, 438 , 342 
마포구,4238. 상암한샘빌딩앞,202207," 1,198 "," 1,156 "
마포구,4239. 성산2동 주민센터 ,202207, 242 , 198 
마포구,424. 롯데하이마트 (상암월드컵점) ,202207, 548 , 462 
마포구,4240. 아현문화건강센터,202207, 52 , 26 
마포구,4244. 당인리발전소 공원 앞,202207, 979 , 972 
마포구,4246. 상수역새마을금고,202207, 603 , 600 
마포구,4247. 서울서부지방법원등기국앞,202207, 450 , 456 
마포구,4248. 신촌 교보빌딩,202207, 507 , 478 
마포구,425. DMC첨단산업센터,202207, 795 , 796 
마포구,4251. 공덕역 경의선숲길 커뮤니티센터,202207, 744 , 726 
마포구,426. 서울신용보증재단,202207," 1,855 "," 1,916 "
마포구,427. 성산시영아파트,202207," 1,525 "," 1,611 "
마포구,432. 마포중앙도서관,202207, 287 , 115 
마포구,436. 이대역 5번출구,202207, 790 , 329 
마포구,437. 대흥역 1번출구,202207," 1,327 "," 1,325 "
마포구,438. 성산2-1 공영주차장,202207," 1,846 "," 1,775 "
마포구,439. 마포어린이공원,202207," 2,474 "," 2,677 "
마포구,440. 하늘공원 입구,202207, 810 , 649 
마포구,487.신석초교앞 교차로 교통섬,202207," 2,611 "," 2,948 "
마포구,488.푸르메병원,202207," 1,569 "," 1,567 "
마포구,489.구룡근린공원,202207, 560 , 368 
마포구,490.가온문화공원,202207," 2,071 "," 2,177 "
마포구,491.월드컵파크 4단지,202207, 503 , 401 
마포구,492.성산시영아파트 후문,202207," 1,799 "," 1,974 "
마포구,493.홍대입구역 6번출구,202207," 2,393 "," 2,394 "
마포구,494.신수동주민센터,202207, 456 , 455 
마포구,495.염리초등학교 앞,202207," 1,416 "," 1,608 "
마포구,497.합정동주민센터 앞,202207," 2,390 "," 2,138 "
마포구,498.연남동주민센터 앞,202207," 3,513 "," 3,697 "
서대문구,115. 마스타 빌딩 앞,202207," 1,003 ", 867 
서대문구,116. 일진아이윌아파트 옆,202207," 1,866 "," 1,894 "
서대문구,117. 홍은사거리,202207," 3,644 "," 3,715 "
서대문구,123. 문화촌 공원,202207," 2,500 "," 2,628 "
서대문구,128. 신촌역(2호선) 1번출구 옆,202207," 1,890 "," 1,876 "
서대문구,131. 증산2교,202207," 2,876 "," 3,214 "
서대문구,133. 해담는다리,202207," 2,534 "," 2,966 "
서대문구,134. 연세로 명물길,202207," 1,403 "," 1,392 "
서대문구,135. 명물길 원형무대 앞,202207, 832 , 828 
서대문구,137. 신촌기차역입구 교차로,202207, 727 , 427 
서대문구,138. 신촌동 제1공영주차장 앞,202207," 1,094 "," 1,089 "
서대문구,139. 연세대 정문 건너편,202207, 614 , 319 
서대문구,140. 이화여대 후문,202207, 893 , 865 
서대문구,141. 연대 대운동장 옆,202207, 745 , 553 
서대문구,159. 이대역 4번 출구,202207, 485 , 264 
서대문구,160. 북아현동 가구거리,202207, 728 , 509 
서대문구,161. 무악재역1번 출구,202207, 471 , 442 
서대문구,162. 봉원고가차도 밑,202207," 1,061 ", 376 
서대문구,163. 명지전문대학교 정문 앞,202207, 464 , 439 
서대문구,164. 북가좌1동 주민센터 ,202207, 549 , 461 
서대문구,165. 중앙근린공원,202207," 1,542 "," 1,268 "
서대문구,166. 가재울 초등학교,202207," 1,837 "," 1,890 "
서대문구,167. 연가초등학교 옆,202207, 688 , 166 
서대문구,169. 북가좌 삼거리,202207, 600 , 504 
서대문구,170. DMC파크뷰자이아파트 302동 앞,202207," 1,367 "," 1,445 "
서대문구,171. 임광빌딩 앞,202207, 476 , 474 
서대문구,173. 서대문역 8번출구 앞,202207, 520 , 511 
서대문구,175. 홍연2교옆,202207," 2,080 "," 2,261 "
서대문구,176. 명지대학교 도서관,202207," 2,518 "," 2,739 "
서대문구,177. 북가좌 초등학교,202207," 1,041 "," 1,044 "
서대문구,178. 증산3교 앞,202207," 1,857 "," 1,971 "
서대문구,179. 가좌역 4번출구 앞,202207," 1,801 "," 1,911 "
서대문구,180. 충정로역 7번출구 아래,202207," 1,115 ", 767 
서대문구,188. 홍은동 정원여중 입구,202207," 1,036 "," 1,066 "
서대문구,191. 서우빌딩,202207," 1,517 "," 1,686 "
서대문구,192. 연서어린이공원,202207, 766 , 780 
서대문구,194. 증산교 앞,202207," 2,467 "," 2,539 "
서대문구,195. 모래내고가차도 ,202207, 972 , 947 
서대문구,196. 연희교차로 인근,202207, 551 , 464 
서대문구,198. 충정2교,202207," 1,097 ", 699 
서대문구,3100. 북성초교,202207, 308 , 241 
서대문구,3101. 서대문구청,202207, 989 , 912 
서대문구,3102. 연희삼거리,202207," 1,324 "," 1,324 "
서대문구,3103. 홍제삼거리 북측,202207," 1,403 "," 1,479 "
서대문구,3104. e편한세상 신촌4단지 앞,202207, 886 , 874 
서대문구,3105. 홍은센트레빌 아파트 앞,202207, 464 , 164 
서대문구,3107. 연희초등학교 앞,202207, 591 , 594 
서대문구,3109.북한산더샾 106동 앞,202207, 371 , 357 
서대문구,3110.홍은 현대아이파크 아파트 202동 앞,202207, 933 , 943 
서대문구,3111.무악재역 4번 출구,202207, 290 , 201 
서대문구,3113.독립문역사거리,202207, 913 , 914 
서대문구,3114.충정로역 3번 출구,202207, 330 , 245 
서대문구,3115.북아현 치안센터 인근,202207, 880 , 813 
서대문구,3116.신촌역 4번출구,202207, 982 , 969 
서대문구,3117.이화여대 인문관 인근,202207, 360 , 335 
서대문구,3119.연희 브라운스톤 아파트 앞,202207," 2,227 "," 2,227 "
서대문구,3120.DMC엘가아파트 앞,202207," 1,460 "," 1,405 "
서대문구,3121.가좌삼거리,202207," 1,501 "," 1,479 "
서대문구,3122.북가좌삼거리2,202207, 901 , 866 
서대문구,3123.DMC파크뷰자이1단지 110동 앞,202207," 1,145 "," 1,158 "
서대문구,3125.연희파크푸르지오아파트 앞,202207," 1,643 "," 1,683 "
서대문구,3126.남가좌동 제2공영주차장,202207, 358 , 294 
서대문구,3127.홍은2파출소 옆,202207, 689 , 739 
서대문구,3128.동신병원 맞은편,202207," 1,353 "," 1,399 "
서대문구,3129.DMC래미안e편한세상203동옆,202207, 747 , 751 
서대문구,3130.가재울사거리,202207, 792 , 488 
서대문구,3131.연가교 교차로,202207," 1,206 "," 1,168 "
서대문구,3132.홍제교,202207, 692 , 692 
서대문구,3134.SK리쳄블(상수도사업본부),202207, 576 , 534 
서대문구,4253. 홍은도담도서관,202207, 723 , 687 
서대문구,4255. 래미안 루센티아 아파트 108동 앞,202207," 1,578 "," 1,163 "
서대문구,4262. 서대문자연사박물관 입구,202207, 274 , 273 
서대문구,4264. 홍남교 버스정류장,202207," 1,507 "," 1,693 "
서대문구,4265. 안산초등학교 앞,202207, 159 , 78 
서대문구,4266.국민연금공단충정로사옥,202207, 291 , 270 
서대문구,4267. 서대문역 2번 출구,202207," 1,667 "," 1,647 "
서대문구,4269. 연희IC 남측,202207, 652 , 632 
서대문구,4271. 충정로역 1번 출구,202207, 89 , 60 
서초구,2201. 본마을 정류소 앞,202207, 76 , 69 
서초구,2202.청계산입구역 1번출구,202207," 1,498 "," 1,494 "
서초구,2203. 청계산입구역 2번출구,202207, 353 , 254 
서초구,2205. 내곡3단지 어린이공원 앞,202207, 818 , 779 
서초구,2206. 언남초등학교 앞,202207," 1,098 "," 1,078 "
서초구,2207. 내곡파출소 뒤 정자,202207, 207 , 153 
서초구,2210. 반포1동 주민센터 앞,202207, 257 , 249 
서초구,2211. 서초구립반포도서관 앞,202207," 1,773 "," 1,750 "
서초구,2212.서초현대4차아파트 201동 맞은편,202207, 851 , 842 
서초구,2213. 고속터미널역 5번출구 앞,202207, 939 , 703 
서초구,2214. 신반포역 2번출구 앞,202207, 917 , 944 
서초구,2215. 반포종합운동장 입구,202207, 870 , 925 
서초구,2217.아크로리버뷰 부지 앞,202207," 2,461 "," 2,567 "
서초구,"2219. 고속터미널역 8-1번, 8-2번 출구 사이",202207," 4,345 "," 4,334 "
서초구,2220. 반포본동 주민센터 앞,202207," 1,554 "," 1,542 "
서초구,2221. 방일초교 마을버스 정류장,202207," 1,503 "," 1,604 "
서초구,2222.사당역 12번출구 뒤,202207," 2,510 "," 2,848 "
서초구,2223. 방배래미안 정문 앞,202207, 436 , 488 
서초구,2225.백석예술대학교 제3캠퍼스 앞,202207, 210 , 154 
서초구,2226. 신동아럭스빌아파트 앞,202207, 325 , 54 
서초구,2227.방배열린문화센터 앞,202207, 949 , 971 
서초구,2228.뒷벌공원 옆,202207," 1,273 "," 1,552 "
서초구,2229.로고스교회 맞은 편,202207, 690 , 759 
서초구,2230.이수역 4번 출구,202207," 2,296 "," 2,333 "
서초구,2231. 삼성타운(삼성생명) A동 맞은편,202207," 2,001 "," 1,996 "
서초구,2233. 서초신동아1차아파트 옆,202207, 761 , 739 
서초구,2235.KT 서초지사 앞,202207, 404 , 240 
서초구,2237.서울남부터미널 대합실 입구,202207, 976 , 684 
서초구,2239.교대역 6번출구,202207, 881 , 873 
서초구,2241.양재전화국 사거리,202207, 556 , 542 
서초구,2242.양재역 11번 출구 앞,202207, 842 , 842 
서초구,2243.서울가정법원,202207, 907 , 641 
서초구,2244.교육개발원입구 교차로,202207," 1,599 "," 1,592 "
서초구,2245.양재초등학교 맞은편,202207," 1,098 "," 1,117 "
서초구,2246. 서울시 품질시험소 앞,202207, 677 , 675 
서초구,2247.섬들근린공원,202207," 1,380 "," 1,543 "
서초구,2248. 서초리슈빌S 글로벌 앞,202207, 193 , 174 
서초구,2249. 우솔초등학교 맞은편,202207, 299 , 301 
서초구,2250. 서초유치원 맞은편,202207, 721 , 761 
서초구,2251. 더케이호텔 입구(양재2) ,202207," 1,042 "," 1,071 "
서초구,2252. 잔디마을 마을버스 정류장,202207," 2,233 "," 2,215 "
서초구,2255.시민의숲역 1번출구 옆,202207," 2,693 "," 2,700 "
서초구,2256.양재동 꽃시장 입구,202207, 337 , 322 
서초구,2257. 청계산 입구 삼거리,202207, 129 , 114 
서초구,2258.구룡사 삼거리,202207, 467 , 181 
서초구,2259. 잠원역 3번-4번 출구사이 ,202207," 1,125 "," 1,123 "
서초구,2262. 한신16차아파트 119동 앞,202207," 4,313 "," 4,743 "
서초구,2263. 바우뫼문화복지회관,202207, 832 , 816 
서초구,2264. 이수역 1번출구,202207," 2,719 "," 2,891 "
서초구,2265. 이수고가차도 남단,202207," 1,967 "," 2,138 "
서초구,2266. 서초역 3번출구,202207," 1,184 "," 1,130 "
서초구,2268. 서초4동주민센터 ,202207, 926 , 902 
서초구,2269. 주홍교 하부,202207, 317 , 193 
서초구,2270. 서초포레스타 7단지,202207, 461 , 446 
서초구,2271. 내방역 8번출구 앞,202207, 944 ," 1,016 "
서초구,2272. 교대입구 교차로,202207, 627 , 616 
서초구,2273. 일동제약 사거리,202207," 1,013 "," 1,009 "
서초구,2274. 양재시민의숲역 3번출구,202207," 1,528 "," 1,524 "
서초구,2275. 염곡치안센터 건너편,202207, 103 , 109 
서초구,2276. 영동1교 (양재천근린공원),202207," 1,159 "," 1,152 "
서초구,2277. 길마중4교 하부,202207," 1,230 "," 1,215 "
서초구,2279. 교대역 5번출구뒤,202207," 1,810 "," 1,795 "
서초구,2280. 서울서초고용센터앞,202207, 608 , 568 
서초구,2281. 연세사랑병원신관앞,202207, 549 , 554 
서초구,2282. 방배래미안아트힐 101동앞,202207, 67 , 18 
서초구,2283. 그룹한빌딩옆,202207, 315 , 105 
서초구,2284. CJ오쇼핑앞,202207, 222 , 97 
서초구,2285. LH서초3단지 301동 맞은편,202207, 379 , 368 
서초구,2286. 탑성마을입구,202207, 38 , 6 
서초구,2287. 능안마을입구,202207, 66 , 26 
서초구,2288. 안골마을입구,202207, 50 , 27 
서초구,2289. 남태령역 2번출구,202207, 147 , 54 
서초구,2293. SPC 앞,202207, 771 , 723 
서초구,2294. 두상빌딩 앞,202207," 1,441 "," 1,570 "
서초구,2297. 남부터미널역 1번출구,202207, 710 , 640 
서초구,2298. 래미안서초스위트앞,202207, 567 , 531 
서초구,2299. 한전아트센터 앞,202207, 972 , 892 
서초구,2501. 서초 포레스타5단지,202207, 724 , 702 
서초구,2502. 서초역1번출구 앞,202207, 587 , 518 
서초구,2503. 반포1동 서초빌딩 앞,202207, 948 , 945 
서초구,2504. 신사역 4번출구 뒤,202207," 1,090 ", 987 
서초구,2505. 우성아파트사거리 (기업은행앞),202207," 1,818 "," 1,815 "
서초구,2506. LG유플러스 (방배사옥),202207, 106 , 62 
서초구,2508. 양재이스타빌 앞,202207," 1,523 "," 1,577 "
서초구,2509. 심산기념문화센터,202207," 1,096 "," 1,124 "
서초구,2510. JW타워,202207, 179 , 160 
서초구,2511. 이수역 6번출구 앞,202207," 1,364 "," 1,386 "
서초구,2514.사평역 2번출구,202207, 666 , 644 
서초구,2515.서초초등학교 후문,202207," 1,227 "," 1,219 "
서초구,2516.본마을 노인복지센터 앞,202207, 290 , 294 
서초구,2517.서초3교(효령로69길 방면),202207, 250 , 240 
서초구,2518.서초3교(효령로70길 방면),202207, 645 , 642 
서초구,2519.서초2교(사임당로 방면),202207, 303 , 313 
서초구,2520.서초1교 (진흥아파트 방면),202207, 629 , 630 
서초구,2521.서초 크로바타워 앞,202207, 649 , 564 
서초구,2523.뉴코아 킴스클럽 앞,202207," 1,094 "," 1,105 "
서초구,2524.반포쇼핑타운 8동 앞,202207," 1,094 "," 1,073 "
서초구,2525.반포쇼핑타운 2동 앞,202207," 3,430 "," 3,548 "
서초구,2526.반포경남쇼핑 앞,202207, 300 , 308 
서초구,2527.반포중학교 앞(세화여고 맞은편),202207, 435 , 474 
서초구,2528.함지박 사거리,202207," 1,043 "," 1,126 "
서초구,2529.우리은행 방배동지점 앞,202207," 1,086 "," 1,152 "
서초구,2530.삼호3차아파트 앞,202207," 1,658 "," 1,670 "
서초구,2531.멤피스아파트 앞,202207," 1,324 "," 1,422 "
서초구,2532.국립국악원 앞,202207, 322 , 63 
서초구,2533.한가람미술관 앞,202207, 331 , 282 
서초구,2535.신반포역 3번출구 뒤,202207, 378 , 389 
서초구,2536.서초종합체육관 입구,202207, 56 , 47 
서초구,2537.양재역 8번출구 앞,202207," 1,016 ", 948 
서초구,2538.사평리 공원,202207," 1,271 "," 1,226 "
서초구,2539.대한무역투자진흥공사 KOTRA 앞,202207, 683 , 676 
서초구,2540.반포천 앞,202207," 1,383 "," 1,410 "
서초구,2541.옛골 입구,202207, 128 , 43 
서초구,2542.신논현타워 앞,202207, 846 , 803 
서초구,2545.국립중앙도서관(국제회의장옆),202207, 283 , 125 
서초구,2547. 반포래미안 리오센트,202207, 588 , 601 
서초구,2548.반포1동 자율방범초소 옆,202207, 380 , 334 
서초구,2549.LH 서초 4단지 403동,202207, 613 , 574 
서초구,2550.양재동 꽃시장 건너편,202207, 748 , 727 
서초구,4303. 매헌역 2번출구앞광역버스 정류장앞(22-297),202207," 1,034 "," 1,040 "
서초구,4304. 서울고앞,202207, 386 , 387 
서초구,4305. 서일스포츠센터,202207, 278 , 252 
서초구,4306. 서래공원 앞,202207, 741 , 737 
서초구,4307. 고투몰 gate 15옆,202207, 800 , 793 
서초구,4309. 서초케이타운앞,202207, 261 , 239 
서초구,4310. 염곡동(염통골) 입구,202207, 182 , 180 
서초구,4312. 반포미도2차아파트 옆,202207, 419 , 420 
서초구,4313. 반포종합운동장,202207, 663 , 693 
서초구,4314. 탑성마을 버스정거장 옆,202207, 30 , 10 
서초구,4315. 이투스교육 앞,202207, 388 , 337 
서초구,4316. 고속터미널역 3번출구,202207, 664 , 508 
서초구,4317. 양재근린공원,202207," 1,552 "," 1,624 "
서초구,4318. 방배역 2번 출구,202207," 1,017 "," 1,066 "
서초구,4319. 삼성전자R&D어린이집 뒤,202207, 234 , 157 
서초구,4320. 신영체르니 아파트,202207, 563 , 636 
서초구,4322.서울추모공원 입구,202207, 33 , 10 
서초구,4323. 내곡도서관,202207, 197 , 189 
서초구,4324. 세화고등학교,202207, 147 , 154 
서초구,4327. 몽마르뜨공원입구,202207, 254 , 120 
서초구,4329. SC제일은행 양재동지점 앞,202207, 479 , 438 
서초구,4332. 이수교차로,202207," 1,267 "," 1,280 "
성동구,3511. 응봉역 1번출구,202207," 4,864 "," 5,117 "
성동구,3513. 상왕십리역 1번출구,202207," 2,576 "," 1,913 "
성동구,3514. 왕십리교회옆,202207," 3,478 "," 3,509 "
성동구,3515. 서울숲 관리사무소,202207," 1,969 "," 1,815 "
성동구,3525. 금호스포츠센터앞,202207, 805 ," 1,068 "
성동구,3527. 왕십리 자이아파트,202207, 30 , 19 
성동구,3530. 왕십리자이아파트 후문(삼거리),202207, 366 , 342 
성동구,3531. 논골사거리(금호도서관 입구),202207, 326 , 64 
성동구,3532. 왕십리KCC스위첸아파트,202207, 133 , 107 
성동구,3538. 서울숲 IT캐슬,202207, 40 , 38 
성동구,3544.한양대역 3번 출구,202207," 1,630 "," 1,661 "
성동구,3545.한양대역 1번출구,202207, 862 , 855 
성동구,3547.상왕십리역 6번 출입구,202207, 590 , 507 
성동구,3548.뚝섬역 6번출구,202207," 2,206 "," 2,172 "
성동구,3549.건영아파트 앞,202207," 2,111 "," 2,128 "
성동구,3550.금호나들목,202207," 1,528 "," 1,680 "
성동구,3551.성동도로사업소,202207, 359 , 408 
성동구,3552.서울숲 공영주차장앞,202207," 1,050 "," 1,010 "
성동구,3553.마장역3번출구,202207, 781 , 721 
성동구,3555.양지사거리(센트라스APT 115동앞),202207, 328 , 168 
성동구,3556.신금호파크자이APT앞,202207, 411 , 80 
성동구,3557.서울숲리버뷰자이APT105동 앞,202207, 743 , 739 
성동구,3558.마장동 금호어울림APT앞,202207, 993 , 804 
성동구,3559.성동구민종합체육센터 앞,202207," 3,623 "," 3,687 "
성동구,3560.성동구 견인차량 보관소 앞,202207," 2,071 "," 2,182 "
성동구,3561.행당동 삼부APT후문,202207, 378 , 240 
성동구,3600.사근빗물펌프장 건너편,202207," 3,511 "," 3,789 "
성동구,4353. 코오롱디지털타워 3차앞,202207," 2,764 "," 2,792 "
성동구,4360. 르노삼성자동차 성수사업소 앞,202207," 1,313 "," 1,223 "
성동구,4362. 행당중학교 후문,202207, 858 , 853 
성동구,4363. 신금호역 2번출구 앞,202207, 102 , 75 
성동구,4367. kt 행당빌딩 앞,202207," 1,199 "," 1,225 "
성동구,4370. 서울숲IT캐슬 앞,202207, 922 , 905 
성동구,4373. 서울숲 지식산업센터,202207," 1,822 "," 1,815 "
성동구,4377. 우영테크노센터 앞,202207," 2,158 "," 2,202 "
성동구,4381. 더스페이스타워 앞,202207," 1,972 "," 1,979 "
성동구,4382. 페코텍글로벌허브빌딩 앞,202207," 2,895 "," 2,968 "
성동구,4383. 푸조비즈타워 앞,202207," 1,975 "," 2,241 "
성동구,4385. 용답동 우체국 주변,202207, 428 , 397 
성동구,506. 금호 어울림 아파트 앞,202207," 1,043 "," 1,058 "
성동구,507. 성수아이에스비즈타워 앞,202207, 750 , 761 
성동구,508. 성수아카데미타워 앞,202207," 2,351 "," 2,208 "
성동구,509. 이마트 버스정류소 옆,202207," 4,980 "," 5,004 "
성동구,510. 서울숲 남문 버스정류소 옆,202207," 1,278 "," 1,227 "
성동구,511. 서울숲역 5번 출구 옆,202207," 1,817 "," 1,793 "
성동구,512. 뚝섬역 1번 출구 옆,202207," 3,160 "," 3,103 "
성동구,513. 뚝섬역 5번 출구 정류소 옆,202207," 1,616 "," 1,608 "
성동구,514. 성수사거리 버스정류장 앞,202207," 2,643 "," 2,631 "
성동구,518. 청계천 박물관 앞,202207, 834 , 811 
성동구,519. 양지사거리,202207," 1,248 "," 1,161 "
성동구,520. 상왕십리역 4번 출구 앞,202207, 895 , 890 
성동구,521. 왕십리역 11번 출구 앞,202207," 1,929 "," 1,925 "
성동구,522. 금호역 1번출구 앞,202207, 498 , 509 
성동구,523. 옥수동성당 옆,202207, 227 , 83 
성동구,524. 래미안금호하이리버 아파트 102동 옆,202207, 498 , 471 
성동구,525. 한양대병원사거리,202207," 2,247 "," 1,727 "
성동구,526. 용답토속공원 앞,202207, 633 , 655 
성동구,529. 장한평역 8번 출구 앞,202207," 2,555 "," 2,195 "
성동구,530. 청계벽산아파트 앞,202207," 1,614 "," 1,661 "
성동구,533. 금남시장 교차로,202207, 553 , 686 
성동구,534. 금호사거리,202207, 455 , 462 
성동구,535. 응봉삼거리,202207, 593 , 414 
성동구,536. 행당역 2번출구 앞,202207," 1,086 "," 1,176 "
성동구,537. 한양대후문역 부근,202207," 1,736 "," 1,725 "
성동구,538. 답십리역 8번출구 앞,202207," 1,005 "," 1,150 "
성동구,550. 서울시설공단 앞,202207," 1,800 "," 1,853 "
성동구,556. 달맞이공원,202207, 141 , 139 
성동구,557. 도선동 주민센터 앞,202207," 1,734 "," 1,834 "
성동구,558. 성동광진 교육지원청 앞,202207," 1,703 "," 1,684 "
성동구,559. 왕십리역 4번 출구 건너편,202207," 2,670 "," 2,727 "
성동구,560. 비전교회 앞,202207," 2,707 "," 2,723 "
성동구,561. 서울숲역 2번출구 앞,202207," 2,535 "," 2,559 "
성동구,562. 군자지하보도 앞,202207," 1,355 "," 1,208 "
성동구,563. 성동세무서 건너편,202207," 2,332 "," 2,456 "
성동구,564. 금호역 3번출구,202207, 174 , 146 
성동구,565. 옥수역 3번출구,202207," 5,499 "," 6,270 "
성동구,567. 성수역 2번출구 앞,202207," 5,712 "," 5,384 "
성동구,568. 청계8가사거리 부근,202207," 3,308 "," 3,556 "
성동구,569. 응봉현대아파트 정류소,202207, 295 , 297 
성동구,578. 성동세무서 부근,202207," 1,901 "," 1,945 "
성동구,579. 마장역 4번출구,202207," 1,444 "," 1,444 "
성동구,582. 경일중학교 앞,202207," 2,296 "," 2,304 "
성동구,583. 청계천 생태교실 앞,202207," 4,927 "," 5,483 "
성동구,585. 성수2가1동 공영주차장 인근,202207," 4,523 "," 4,537 "
성동구,586. 마장동 주민센터,202207," 1,077 "," 1,112 "
성동구,587. 유니베라 앞,202207," 2,871 "," 2,880 "
성동구,589. 성수역3번출구,202207," 5,468 "," 5,458 "
성동구,594. 중랑물재생센터(서울새활용플라자),202207, 571 , 556 
성동구,9979. 테스트 대여소,202207, 1 , 1 
성동구,9980. 에이텍,202207, 3 , - 
성북구,1302. 한성대입구역6번출구 뒤,202207, 877 , 866 
성북구,1303. 돈암초교 입구,202207, 923 , 919 
성북구,1304. 만해공원,202207, 325 , 63 
성북구,1305. 성북구청,202207," 1,311 "," 1,327 "
성북구,1306. 한성대입구역2번출구,202207," 2,336 "," 2,327 "
성북구,1308. 안암로터리 버스정류장 앞,202207," 5,333 "," 5,983 "
성북구,1314. 정릉꿈에그린1단지 201동 앞,202207, 361 , 442 
성북구,1315. 고려사대부속중고 정문,202207, 489 , 495 
성북구,1316. 고려사대부속중고 건너편 ,202207, 406 , 393 
성북구,1318. 길음역 3번출구 뒤,202207," 1,720 "," 1,706 "
성북구,1319. 종암사거리 분수대,202207," 1,540 "," 1,556 "
성북구,1321. 국민은행 종암동지점 앞,202207," 2,828 "," 3,020 "
성북구,1322. 래미안라센트아파트 103동 앞,202207," 1,615 "," 1,722 "
성북구,1323. 월곡역 입구 육교 밑,202207, 446 , 452 
성북구,1325. 상월곡역 4번출구,202207, 687 , 534 
성북구,1326. 상월곡역 1번출구,202207," 1,135 ", 925 
성북구,1327. 상월곡역 3번출구,202207," 1,737 "," 1,836 "
성북구,1328. 월곡역 3번출구,202207," 3,108 "," 3,261 "
성북구,1332. 석계역 5번출구 건너편,202207," 2,309 "," 2,667 "
성북구,1333. 석관초등학교 앞,202207," 1,518 "," 1,772 "
성북구,1334. 석관동주민센터 앞,202207," 1,252 "," 1,252 "
성북구,1336. 성북3교 위,202207," 1,743 "," 1,737 "
성북구,1337. 돈암성당 옆,202207," 2,506 "," 2,502 "
성북구,1338. 용문2교 옆,202207," 1,892 "," 1,894 "
성북구,1339. 삼성전자서비스 성북센터,202207," 1,200 "," 1,194 "
성북구,1340. 광운초등학교 앞,202207, 876 , 858 
성북구,1342. 성북쉼터 앞,202207, 178 , 61 
성북구,1343. 한성대7번출구 앞,202207, 970 , 940 
성북구,1344. 아리랑시네센터 앞,202207, 646 , 357 
성북구,1346. 길음8골어린이공원 옆,202207," 1,052 "," 1,019 "
성북구,1347. 길음래미안아파트817동 상가 앞,202207, 653 , 656 
성북구,1348. 성북제일새마을금고 본점 앞,202207, 897 , 879 
성북구,1349. 월계2교 버스정류장 앞,202207, 927 ," 1,112 "
성북구,1351. 안암2교 옆,202207," 2,732 "," 2,780 "
성북구,1352. e 편한세상 보문아파트 내,202207, 119 , 108 
성북구,1353. 금호어울림센터힐 내,202207, 376 , 380 
성북구,1354. 고려대학교 2번출구,202207," 2,347 "," 2,247 "
성북구,1355. 보문2교,202207," 3,219 "," 3,540 "
성북구,1357. 북한산보국문역,202207, 565 , 507 
성북구,1358. 정릉도서관 앞,202207, 843 , 883 
성북구,1359. 장위뉴타운 꿈에 숲 코오롱 하늘채 앞,202207," 1,707 "," 1,728 "
성북구,1360. 정릉역,202207, 863 , 876 
성북구,1361. 홍익중고 입구,202207," 1,322 "," 1,060 "
성북구,1362. 보문역6번출구 앞,202207," 1,927 "," 1,959 "
성북구,1363. 보문4교 인근,202207," 3,114 "," 3,224 "
성북구,1364. 성북동 치안센터 앞,202207, 979 , 942 
성북구,1365. 선잠단지 앞,202207, 330 , 251 
성북구,1366. 일신초등학교 옆,202207, 402 , 422 
성북구,1367. 길음문화복합미디어센터,202207, 657 , 653 
성북구,1368. 성신여대입구 교차로,202207," 1,201 "," 1,220 "
성북구,1369. 미아사거리,202207," 1,988 "," 1,969 "
성북구,1370. 복자사랑 피정의 집,202207, 336 , 170 
성북구,1372. KEB은행 고대점,202207," 1,227 "," 1,228 "
성북구,1373. 성북구보건소 건너편,202207, 912 , 909 
성북구,1375. 생명의 전화 종합복지관 앞 교차로,202207," 1,478 "," 1,455 "
성북구,1376. 한국과학기술연구원 중문,202207, 366 , 273 
성북구,1377. 한국과학기술연구원 북문,202207, 310 , 285 
성북구,1379.길음뉴타운푸르지오아파트 3단지,202207, 128 , 8 
성북구,1380.월곡역 5번출구 앞,202207," 1,993 "," 2,275 "
성북구,1381.석계역 4번출구 뒤,202207," 2,272 "," 2,210 "
성북구,1382.래미안월곡아파트 입구,202207," 1,480 "," 1,470 "
성북구,1384.성신여대입구역 5번출구,202207," 2,170 "," 2,179 "
성북구,1385.성신여대입구역 3번출구 앞,202207," 1,819 "," 1,806 "
성북구,1386.동선고가차도 초입,202207, 551 , 546 
성북구,1388. 돈암초교입구 버스정류장(한성대입구역 방면),202207," 1,050 "," 1,035 "
성북구,1390.석관래미안아트리치,202207," 1,786 "," 2,139 "
성북구,1391.성북청소년센터,202207, 544 , 643 
성북구,1392.돈암삼성풍림아파트,202207, 254 , 36 
성북구,1393.돈암육교 하단,202207, 298 , 112 
성북구,1394.길음뉴타운 래미안9단지,202207," 1,168 "," 1,177 "
성북구,1395.래미안장위포레카운티(102동),202207, 953 , 974 
성북구,1396.래미안장위퍼스트하이(513동),202207," 1,495 "," 1,785 "
성북구,4406. 장곡초등학교 앞,202207," 1,099 "," 1,015 "
성북구,4408. 돌곶이역 앞,202207," 2,404 "," 2,524 "
성북구,4411. 동산어린이공원 앞,202207," 1,124 "," 1,156 "
성북구,4414. 안암역 3번 출구,202207, 938 , 930 
성북구,4415. 미아초교버스승강장,202207, 140 , 77 
성북구,4417. 성북청소년문화의집,202207, 73 , 21 
성북구,4418. 종암동 동덕여대 제2생활관 앞,202207," 1,969 "," 2,431 "
성북구,4419. 성북구 한예종 캠퍼스 본관,202207, 526 , 431 
성북구,4420. 성북구 한예종 캠퍼스 별관,202207, 398 , 438 
송파구,1201. 가락시장역 3번 출구,202207," 2,841 "," 2,869 "
송파구,1203. 밀리아나2빌딩 앞,202207," 2,655 "," 2,639 "
송파구,1204. 거여역 3번출구,202207," 2,068 "," 2,072 "
송파구,1205. 종합운동장역 4번출구,202207," 2,079 "," 1,746 "
송파구,1206. 9호선종합운동장역 9번출구,202207," 1,670 "," 1,575 "
송파구,1207. 마천중앙시장,202207," 1,127 "," 1,186 "
송파구,1208. 풍납현대아파트쉼터,202207," 2,331 "," 2,338 "
송파구,1209. 잠실나루역 (2번 출구 쪽),202207," 3,275 "," 3,250 "
송파구,1210. 롯데월드타워(잠실역2번출구 쪽),202207," 10,849 "," 10,842 "
송파구,1211. 방이삼거리,202207," 5,007 "," 5,025 "
송파구,1212. 송파역 2번 출구앞,202207," 1,982 "," 1,981 "
송파구,1213. 백토공원 앞,202207, 448 , 441 
송파구,1214. 오금역 7번 출구 인근,202207," 1,392 "," 1,388 "
송파구,1215. 올림픽공원역 1번출구 앞,202207," 2,375 "," 2,370 "
송파구,1217. 송파파인타운 7단지,202207," 1,086 "," 1,094 "
송파구,1218. 방이역 4번출구,202207," 3,578 "," 3,577 "
송파구,1220. 잠실근린공원,202207," 2,800 "," 3,081 "
송파구,1221. 삼전역 4번출구,202207," 2,369 "," 2,518 "
송파구,1222. 잠실새내역 5번 출구 뒤,202207," 4,825 "," 4,819 "
송파구,1224. 아시아지하보도 2번 출구,202207," 1,879 "," 1,804 "
송파구,1226. 잠실4동 주민센터 옆,202207," 2,140 "," 2,130 "
송파구,1227. 거여역 8번출구 뒤,202207," 1,978 "," 1,995 "
송파구,1228. 마천사거리 ,202207," 1,300 "," 1,453 "
송파구,1229. 송파체육문화회관 앞,202207," 1,694 "," 1,695 "
송파구,1230. 송파중학교 정문,202207, 864 , 811 
송파구,1231. 잠실역 6번출구,202207," 2,843 "," 2,985 "
송파구,1232. 잠실주공 521동 건너편,202207," 3,504 "," 3,536 "
송파구,1233. 잠실3거리(갤러리아팰리스),202207," 1,412 "," 1,359 "
송파구,1235. 잠실트리지움310동 옆,202207," 2,406 "," 2,438 "
송파구,1239. 문정 법조단지3,202207, 616 , 554 
송파구,1240. 문정 법조단지4,202207, 779 , 743 
송파구,1241. 문정 법조단지5,202207, 571 , 492 
송파구,1242. 문정 법조단지6,202207, 98 , 81 
송파구,1243. 문정 법조단지7,202207," 2,879 "," 2,919 "
송파구,1244. 문정 법조단지8,202207," 3,260 "," 3,258 "
송파구,1245. 문정 법조단지9,202207," 1,967 "," 1,936 "
송파구,1246. 문정 법조단지10,202207," 2,206 "," 2,205 "
송파구,1247. 문정 법조단지11,202207," 1,078 "," 1,004 "
송파구,1248. 방이초등학교,202207," 3,083 "," 2,669 "
송파구,1249. 아주중학교건너편,202207," 1,844 "," 2,074 "
송파구,1250.문정2동 주민센터,202207, 194 , 171 
송파구,1251. 석촌역 2번출구,202207," 3,790 "," 3,790 "
송파구,1253. 오금역 3번 출구 뒤,202207," 1,069 "," 1,066 "
송파구,1256. 문정현대아파트 교차로,202207, 991 , 978 
송파구,1257. 가락시장역 사거리,202207," 1,785 "," 1,781 "
송파구,1258. 가락미륭아파트 앞,202207, 514 , 474 
송파구,1259. 방이역 1번출구,202207," 2,024 "," 2,015 "
송파구,1260. 방이동 한양3차아파트 옆,202207," 1,611 "," 1,598 "
송파구,1262. 송파여성문화회관 앞,202207," 3,090 "," 3,080 "
송파구,1263. 장지공영차고지,202207, 412 , 424 
송파구,1264. 천호역 10번 출구 앞,202207," 4,432 "," 4,451 "
송파구,1265. 문정동 근린공원,202207," 1,643 "," 1,670 "
송파구,1266. 문정동 글샘 공원,202207, 907 , 758 
송파구,1267. 올림픽공원 남2문 앞,202207," 1,400 "," 1,206 "
송파구,1268. 몽촌토성역 1번출구 옆,202207," 2,154 "," 2,058 "
송파구,1269. 리센츠아파트 ,202207," 2,312 "," 1,859 "
송파구,1271. 송파도서관,202207," 1,208 "," 1,218 "
송파구,1274. 영파여고 앞,202207," 1,627 "," 1,584 "
송파구,1275. 거여초등학교 옆,202207, 760 , 876 
송파구,1277. 성내6교,202207," 1,411 "," 1,622 "
송파구,1278. 송파구청 교차로,202207," 2,345 "," 2,342 "
송파구,1279. 마천금호어울림 1차아파트 건너편,202207, 446 , 445 
송파구,1280. 송파파크데일 2단지입구 앞 주차장,202207, 816 , 772 
송파구,1282. 송파소방서 맞은편(성내4교),202207," 2,363 "," 2,561 "
송파구,1283. 오금공원 사거리,202207, 217 , 171 
송파구,1285. 위례별 유치원 뒤,202207, 562 , 558 
송파구,1286. 위례중앙푸르지오 1단지 앞,202207," 1,524 "," 1,526 "
송파구,1287. 위례아이파크 101동 맞은편,202207, 597 , 578 
송파구,1288. 문정중교 사거리,202207," 1,468 "," 1,117 "
송파구,1289. 풍납토성 서성벽터B,202207, 481 , 486 
송파구,1290. 위례송파꿈에그린아파트24단지 앞 성벽 다리 밑,202207, 375 , 366 
송파구,1291. 서울체육고등학교 앞,202207, 689 , 684 
송파구,1293. 석촌호수 서호 사거리,202207," 3,998 "," 3,989 "
송파구,1295. 잠실역 8번출구,202207," 4,888 "," 4,877 "
송파구,1296. 석촌호수교차로 (송파나루근린공원 앞),202207, 809 , 803 
송파구,1297. 석촌호수교차로(동호 팔각정 앞),202207," 2,387 "," 2,377 "
송파구,1299. 송파소방서 (방이119안전센터),202207, 852 , 837 
송파구,1300. 오륜사거리,202207," 1,007 "," 1,088 "
송파구,2601. 석촌호수 아뜰리에,202207," 3,330 "," 3,321 "
송파구,2603. 송파 글마루 도서관,202207," 1,028 "," 1,005 "
송파구,2604. 풍납토성 서성벽터A,202207," 1,705 "," 1,823 "
송파구,2605. 복정역 1번 출구 앞,202207," 1,619 "," 1,666 "
송파구,2606. 위례동주민센터 맞은편 근린공원,202207," 3,216 "," 3,235 "
송파구,2608. 송파구청,202207," 6,915 "," 6,940 "
송파구,2609. 보성중고등학교 후문 앞,202207, 262 , 257 
송파구,2610. 송리단길,202207," 4,426 "," 4,426 "
송파구,2611. 송파지역자활센터 뒤,202207," 2,468 "," 2,634 "
송파구,2612. 문정·가락 대여소 앞,202207, 41 , 35 
송파구,2613. 잠실나들목,202207," 2,753 "," 2,789 "
송파구,2614. 가락고등학교 앞,202207, 528 , 511 
송파구,2615. 테라타워2,202207," 3,050 "," 3,031 "
송파구,2616. 거여동 사거리,202207, 656 , 643 
송파구,2617. 가락삼환아파트 앞,202207, 722 , 664 
송파구,2618. 삼전역 1번출구,202207," 2,134 "," 2,190 "
송파구,2619. 석촌고분역 4번출구,202207," 2,611 "," 2,704 "
송파구,2620. 송파나루역 4번 출구옆,202207," 6,415 "," 6,504 "
송파구,2621. 한성백제역 2번 출구,202207," 3,036 "," 3,011 "
송파구,2622. 올림픽공원역 3번출구,202207," 6,672 "," 6,634 "
송파구,2623.석촌동 주민센터,202207," 3,714 "," 3,674 "
송파구,2625.가락종합 사회복지관,202207, 771 , 796 
송파구,"2626.경찰병원역 1,2번 출구 사이",202207," 1,050 "," 1,051 "
송파구,2627.문정시영아파트 5동 앞 공원,202207, 901 , 574 
송파구,2628.문정역 1번출구,202207," 2,924 "," 2,945 "
송파구,2630.서울방이동 고분군,202207," 2,350 "," 2,293 "
송파구,2631.배명고등학교,202207, 854 ," 1,027 "
송파구,2632.석촌고분역 2번 출구,202207," 3,463 "," 3,490 "
송파구,2633.송파학사 옆,202207," 1,450 "," 1,357 "
송파구,2634.위례포레샤인아파트 2318동,202207, 968 , 997 
송파구,2635.잠실새내역 1번출구,202207," 2,764 "," 2,628 "
송파구,2637. 아시아지하보도 14번 출구,202207," 2,949 "," 2,911 "
송파구,2638.쌍용아파트,202207," 2,278 "," 2,322 "
송파구,2639.석촌역 8번출구,202207," 4,340 "," 4,313 "
송파구,2641.송파역 4번출구,202207," 3,530 "," 3,556 "
송파구,2642.마천동 성내천 쉼터,202207," 1,485 "," 1,547 "
송파구,2643.풍납중학교 측면,202207, 370 , 351 
송파구,2644. 성내5교,202207," 1,672 "," 1,727 "
송파구,2645.잠실나들목2(엘스아파트136동),202207, 868 , 863 
송파구,2646.레이크펠리스101동앞,202207," 3,996 "," 4,029 "
송파구,2647.잠실 자전거 수리센터 앞,202207," 3,425 "," 3,461 "
송파구,2648.헬리오시티 112동 앞,202207," 1,733 "," 1,642 "
송파구,2649.오금공원사거리2,202207, 351 , 305 
송파구,2650.위례22단지 2208동 다리앞,202207, 523 , 531 
송파구,2651.경찰병원역 3번출구 앞,202207," 1,578 "," 1,549 "
송파구,2652.송파 레미니스1단지 102동 앞,202207," 1,274 "," 1,152 "
송파구,2653.올림픽공원사거리(선수촌아파트),202207," 1,887 "," 1,869 "
송파구,2654.올림픽선수촌아파트 136동 앞,202207, 989 , 862 
송파구,2655.송이공원,202207, 880 , 814 
송파구,2656.풍납동 아이파크 107동 앞,202207," 1,536 "," 1,525 "
송파구,2657.송파 파인타운 11단지 ,202207," 1,028 ", 994 
송파구,2658.가락몰 업무동,202207," 1,779 "," 1,830 "
송파구,2659.서울친환경유통센터,202207, 233 , 220 
송파구,4452. 삼성SDS,202207," 3,073 "," 3,142 "
송파구,4453. 위례중앙푸르지오 201동 앞,202207," 2,392 "," 2,389 "
송파구,4454. 위례 포레샤인 1809동 부근,202207, 354 , 243 
송파구,4456. 위례포레샤인 2310동 부근,202207," 1,084 "," 1,090 "
송파구,4457. 아산병원 기숙사 부근,202207," 3,940 "," 4,063 "
송파구,4458. 가락2동주민센터 인근,202207, 704 , 705 
송파구,4460. 올림픽훼미리아파트 112동 앞,202207," 1,446 "," 1,485 "
송파구,4461. 한양3차아파트 3동 앞,202207, 255 , 248 
송파구,4462. 가락중학교 앞,202207, 845 , 830 
송파구,4463. 방이역 2번 출구,202207, 930 , 931 
송파구,4464. 올림픽공원 북2문,202207," 2,262 "," 2,327 "
송파구,4465. 건영아파트앞 사거리,202207," 2,377 "," 2,366 "
송파구,4467. 한림연예예술고등학교,202207," 1,322 "," 1,194 "
송파구,4468. 가락1동주민센터 ,202207," 1,387 "," 1,366 "
송파구,4469. 거여동 어울림아파트  102동앞,202207, 755 , 748 
송파구,4472. 송파파크데일 1단지 115동 건너편,202207, 640 , 628 
송파구,4473. 마천금호어울림 1차 102동앞,202207, 279 , 278 
송파구,4474. 가락현대 1차 11동 앞,202207, 545 , 536 
송파구,4475. 송파파인타운 4단지 403동,202207, 627 , 583 
송파구,4478. 문정근린공원2,202207," 1,501 "," 1,497 "
송파구,4479. 문정중학교,202207, 195 , 196 
송파구,4480. 가락시장 남1문 사거리,202207, 866 , 873 
송파구,4481. 올림픽공원 북2문 2,202207," 3,407 "," 3,453 "
송파구,4483. 잠실나들목4,202207," 2,184 "," 2,273 "
송파구,4484. 잠실나루역4번출구뒤,202207," 1,946 "," 1,934 "
송파구,4485. 잠실나루역 고가하부,202207, 736 , 544 
송파구,4486. 홈플러스 잠실점,202207," 2,412 "," 2,400 "
송파구,4488. 문현중.고등학교 사이,202207, 259 , 231 
송파구,4490. 송파파인타운 10단지 1005동,202207, 493 , 461 
송파구,4491. 장지역 1번출구,202207," 1,826 "," 1,771 "
송파구,4493. 마천사거리 2,202207, 673 , 746 
송파구,4496. 잠실 파크리오 120동 앞,202207," 1,668 "," 1,656 "
송파구,4497. 아시아선수촌아파트 교차로,202207," 1,078 "," 1,104 "
송파구,4499. 세양청마루 101동 앞,202207, 677 , 440 
송파구,4500. 풍납나들목,202207," 1,656 "," 1,696 "
송파구,4852. 서울복합물류 게이트 1,202207," 1,725 "," 1,732 "
송파구,4853. 송파 안전체험교육관,202207, 139 , 137 
송파구,4854. 가락시장역 2번 출구,202207," 1,371 "," 1,375 "
송파구,4855. 거여5단지 503동 앞,202207," 1,101 "," 1,097 "
송파구,4856. 올림픽공원 서1문 앞,202207, 940 , 938 
송파구,4857. 올림픽공원 장미광장,202207, 589 , 559 
송파구,4859. 잠실나루 나들목,202207," 1,987 "," 1,978 "
송파구,4860. 가락쌍용2차아파트 103동,202207, 865 , 854 
송파구,4862. 성내교 남단,202207, 557 , 532 
송파구,4863. 잠실나들목5,202207, 739 , 767 
송파구,4864. 송파사거리,202207," 3,770 "," 3,777 "
송파구,4865. 한성백제역 1번출구 뒤,202207," 3,692 "," 3,676 "
송파구,4867. 가락대림아파트 앞,202207," 1,317 "," 1,283 "
송파구,4868. 석촌호수 서호 남단,202207," 3,364 "," 3,344 "
송파구,4869. 잠실나들목6,202207, 907 , 940 
송파구,4870. 몽촌토성역 3번 출구,202207," 5,938 "," 5,914 "
송파구,4871. 오금동 대림아파트 정문,202207, 787 , 769 
송파구,4872. 개롱역 3번 출구 뒤,202207," 1,270 "," 1,288 "
송파구,4873. 개롱역사거리 2번 출구,202207," 1,387 "," 1,386 "
송파구,4874. 탄천1교 하부보도,202207, 686 , 757 
송파구,4875. 위례포레샤인13단지,202207," 1,104 "," 1,080 "
송파구,4876. 삼전동주민센터 앞,202207," 2,377 "," 2,855 "
송파구,4879. 마천청소년센터,202207, 274 , 272 
송파구,4880. 송파청소년센터,202207, 922 , 930 
송파구,4881. 거여동사거리 송파둘레길 입구,202207, 322 , 322 
송파구,4882. 위례포레샤인18단지 1802동,202207, 434 , 419 
송파구,4883. 위례포레샤인18단지 1812동,202207, 290 , 237 
송파구,4884. H비즈니스파크,202207," 1,711 "," 1,755 "
송파구,4885. 가든파이브 리빙관,202207, 389 , 390 
송파구,4886. 배명고등학교 건너편,202207, 946 ," 1,070 "
송파구,4887. 호돌이상가,202207, 814 , 836 
송파구,4888. 둔촌오륜역 2번출구,202207, 423 , 379 
송파구,4889. 마천역 1번 출구 인근②,202207, 867 , 791 
송파구,4891. 위례포레샤인17단지 위례대로 방면,202207," 1,433 "," 1,430 "
송파구,4892. 성내유수지 체육공원,202207, 301 , 282 
송파구,4893. 문정법조단지12,202207," 1,408 "," 1,434 "
송파구,4894. 문정법조단지13,202207," 1,962 "," 2,285 "
송파구,4895. 위례포레샤인15단지 상가,202207," 1,238 "," 1,245 "
송파구,4896. 위례포레샤인15단지,202207, 252 , 229 
송파구,4897. 잠실주공5단지1,202207," 2,871 "," 2,810 "
송파구,5751. 송파여성축구장,202207, 419 , 410 
송파구,5752. 풍납백제문화공원 옆 인근,202207," 2,394 "," 2,536 "
송파구,5753. 호반써밋,202207," 1,176 "," 1,141 "
양천구,4507. 신정제일시장,202207," 1,230 "," 1,267 "
양천구,4508. 유원목동아파트 103동 앞,202207," 4,108 "," 4,315 "
양천구,4509. 서울영상고교 입구,202207," 4,236 "," 4,234 "
양천구,4510. 신정네거리역 교차로,202207," 1,651 "," 1,752 "
양천구,4512. 목동13_14단지 사거리,202207," 1,096 ", 977 
양천구,4514. 목동성당 앞,202207," 3,322 "," 2,962 "
양천구,4515. 동문굿모닝탑,202207," 3,413 "," 3,588 "
양천구,4516. 신진빌라,202207, 621 , 667 
양천구,4517. 성보하이드로빌딩,202207," 1,484 "," 1,497 "
양천구,4518. 청기와빌딩,202207," 1,237 "," 1,309 "
양천구,4519. 양원보도육교,202207, 458 , 447 
양천구,4520. 대성유니드아파트,202207," 1,030 "," 1,476 "
양천구,4522. 신곡시장,202207," 1,627 "," 2,330 "
양천구,4523. 구립양천어르신요양센터,202207, 148 , 76 
양천구,4526. 목동아파트2단지 222동 앞,202207," 1,625 "," 1,610 "
양천구,4527. 목동신시가지아파트6단지,202207," 2,604 "," 2,681 "
양천구,4528. 양천구청역 1번출구,202207," 1,476 "," 1,334 "
양천구,4530. 방아다리어린이공원,202207, 816 , 766 
양천구,4531. 목동아파트 613동 앞,202207," 3,574 "," 3,606 "
양천구,4532. 목동현대아파트 후문 앞,202207," 2,237 "," 2,117 "
양천구,4535. 목동12단지 아파트,202207," 2,965 "," 2,903 "
양천구,4536. 양천해누리체육공원,202207," 1,034 "," 1,277 "
양천구,4537. 서울남부지방검찰청 후문 ,202207," 1,434 "," 1,311 "
양천구,4538. 양천공영차고지,202207, 147 , 131 
양천구,4539. 목동7단지아파트 A상가,202207," 1,424 "," 1,405 "
양천구,4540. 목동역 3번 출구,202207, 790 , 792 
양천구,4541. 갈산문화예술센터,202207," 1,484 "," 1,501 "
양천구,700. KB국민은행 염창역 지점 앞,202207," 2,086 "," 2,044 "
양천구,701. 목동사거리 부근,202207," 2,351 "," 2,494 "
양천구,702. 목4동주민센터 옆,202207," 2,531 "," 2,557 "
양천구,703. 오목교역 7번출구 앞,202207," 5,334 "," 5,964 "
양천구,704. 남부법원검찰청 교차로,202207," 3,848 "," 3,772 "
양천구,706. 신정네거리역,202207," 1,040 ", 971 
양천구,708. 서울출입국관리사무소 앞,202207," 5,546 "," 5,526 "
양천구,709. 신정3동 현장민원실 앞,202207," 1,395 "," 1,261 "
양천구,710. 금옥여고보도육교,202207, 733 , 732 
양천구,711. 신일해피트리아파트 앞,202207," 1,735 ", 367 
양천구,712. 강월초교입구 사거리,202207, 912 ," 1,271 "
양천구,713. 양서중학교 옆,202207, 906 , 765 
양천구,714. 한국SGI 양천문화회관 앞,202207, 961 , 923 
양천구,716.신정6동 주민센터 인근,202207," 1,854 "," 1,798 "
양천구,719. 홍익병원앞 교차로,202207," 2,559 "," 2,626 "
양천구,720. 서울강월초등학교 앞,202207, 927 , 427 
양천구,722. 경서농협 버스정류장(우리은행신정동지점방향),202207," 2,058 "," 2,201 "
양천구,723. SBS방송국,202207," 3,171 "," 3,264 "
양천구,724. 계남공원 입구 주출입구 좌측,202207, 395 , 251 
양천구,725. 양강중학교앞 교차로,202207, 958 , 336 
양천구,726. 목동3단지 시내버스정류장,202207," 4,591 "," 4,693 "
양천구,729. 서부식자재마트 건너편,202207," 2,641 "," 2,942 "
양천구,731. 서울시 도로환경관리센터,202207," 2,827 "," 2,845 "
양천구,732. 신월중학교,202207," 1,478 "," 1,448 "
양천구,733. 신정이펜하우스314동,202207, 907 , 502 
양천구,734. 신트리공원 입구,202207," 4,024 "," 4,089 "
양천구,735. 영도초등학교,202207," 4,014 "," 4,165 "
양천구,736. 오솔길공원,202207," 1,370 "," 1,590 "
양천구,737. 장수공원,202207," 1,154 "," 1,141 "
양천구,739. 신월사거리,202207," 1,932 "," 1,995 "
양천구,740. 으뜸공원,202207," 1,535 "," 1,891 "
양천구,741. 화곡로 입구 교차로,202207, 535 , 502 
양천구,742. 등촌역 5번 출구 뒤,202207," 1,556 "," 1,589 "
양천구,743. 현대6차아파트 101동 옆,202207," 1,042 "," 1,218 "
양천구,744. 신목동역 2번 출구,202207," 3,609 "," 3,762 "
양천구,745. 강서초등학교,202207, 697 , 944 
양천구,746. 목동2단지 상가,202207," 5,164 "," 5,175 "
양천구,747. 목동3단지 상가,202207," 2,984 "," 2,991 "
양천구,748. 목동운동장,202207," 1,136 "," 1,155 "
양천구,749. 이대목동병원보도육교,202207," 1,435 "," 1,526 "
양천구,750. 연의근린공원 건너편,202207," 1,054 "," 1,348 "
양천구,752. 성원2차 아파트,202207," 1,325 "," 1,251 "
양천구,754. 목동1단지아파트 118동 앞,202207," 2,382 "," 2,407 "
양천구,755. 목동1단지아파트 상가 앞,202207," 3,894 "," 3,881 "
양천구,756. 목동주차장,202207," 2,232 "," 2,169 "
양천구,757. 신정이펜하우스 1단지아파트 입구 사거리,202207, 715 , 467 
양천구,758. 한사랑교회 앞,202207," 1,850 "," 1,827 "
양천구,759. 보아스아파트 앞,202207," 1,165 "," 1,379 "
양천구,760. 잣절보도육교 아래,202207, 648 , 530 
양천구,762. 오목로 무중력지대 앞,202207," 1,089 "," 1,079 "
양천구,763. 목동11단지 아파트,202207," 2,024 "," 1,681 "
양천구,764. 목동청소년수련관,202207," 4,740 "," 4,348 "
양천구,765. 오목교역 3번출구,202207," 7,432 "," 7,760 "
양천구,766. 신목동역 3번출구,202207," 1,724 "," 1,712 "
양천구,767.신정숲속마을아파트,202207, 630 , 304 
양천구,768.목동5단지아파트 501동,202207," 2,467 "," 2,473 "
양천구,769.CBS방송국 앞,202207," 6,366 "," 6,460 "
양천구,770.목동역5번출구 교통정보센터 앞,202207," 8,701 "," 9,125 "
양천구,771.목동아파트 703동 앞,202207," 3,485 "," 3,550 "
양천구,"773.염창역 3, 4번 출구 사이",202207," 1,797 "," 1,779 "
양천구,774.등촌역 4번 출구 ,202207," 1,488 "," 1,483 "
양천구,775.세종그랑시아 앞(102동),202207," 1,274 ", 931 
양천구,776.목마공원,202207, 595 , 537 
양천구,777.신월6차보람아파트 앞,202207, 996 ," 1,097 "
양천구,779. 신정1동 주민센터 앞,202207," 3,789 "," 4,344 "
양천구,780.신정교 하부,202207, 341 , 422 
양천구,781.신정보도육교 아래,202207," 4,878 "," 5,203 "
양천구,782.서남병원 후문,202207," 1,190 ", 695 
양천구,"785.양천구청, 보건소 사잇길",202207," 6,489 "," 6,586 "
양천구,786.목동아파트 8단지 상가동 앞,202207," 2,803 "," 2,825 "
양천구,787.양천아파트 입구,202207," 4,146 "," 4,375 "
양천구,788.양천구청역 2번출구 옆,202207," 3,248 "," 3,497 "
양천구,790.화곡고가 사거리,202207, 879 , 940 
양천구,791.현대하이페리온,202207," 3,792 "," 3,689 "
양천구,792.목동트라팰리스 웨스턴에비뉴,202207," 6,852 "," 6,922 "
양천구,793.목동5단지아파트 534동,202207," 2,816 "," 2,751 "
양천구,794.양천문화회관,202207," 3,098 "," 3,069 "
양천구,795.양천 해누리타운,202207," 3,449 "," 3,414 "
양천구,796.목동아파트 14단지 B상가 앞,202207," 2,296 "," 2,279 "
양천구,797.목동아파트 1422동 1434동 사잇길,202207," 4,608 "," 4,643 "
영등포구,200. 국회의원회관,202207, 246 , 197 
영등포구,201. 진미파라곤 앞,202207," 2,003 "," 2,010 "
영등포구,202. 국민일보 앞,202207," 4,918 "," 5,071 "
영등포구,203. 국회의사당역 3번출구 옆,202207," 2,230 "," 2,201 "
영등포구,204. 국회의사당역 5번출구 옆,202207," 1,773 "," 1,760 "
영등포구,205. 산업은행 앞,202207," 2,032 "," 1,964 "
영등포구,206. KBS 앞,202207," 2,605 "," 2,499 "
영등포구,207. 여의나루역 1번출구 앞,202207," 11,735 "," 10,975 "
영등포구,209. 유진투자증권빌딩 앞,202207," 3,290 "," 3,360 "
영등포구,213. KT앞,202207," 3,187 "," 2,402 "
영등포구,214. 금융감독원 앞,202207," 2,014 "," 1,844 "
영등포구,215. 여의도고교 앞,202207," 1,903 "," 1,912 "
영등포구,217. NH농협은행 앞,202207," 3,317 "," 3,204 "
영등포구,219. 롯데캐슬엠파이어 옆,202207," 2,606 "," 2,578 "
영등포구,220. 미성아파트 A동 앞,202207," 1,918 "," 1,732 "
영등포구,221. 여의도초교 앞,202207," 1,689 "," 1,667 "
영등포구,222. 시범아파트버스정류장 옆,202207," 3,095 "," 3,082 "
영등포구,223. 진주아파트상가 앞,202207," 1,487 "," 1,358 "
영등포구,224. 롯데캐슬 앞,202207," 2,761 "," 2,671 "
영등포구,225. 앙카라공원 앞,202207," 2,111 "," 1,910 "
영등포구,226. 샛강역 1번출구 앞,202207," 2,478 "," 2,154 "
영등포구,227. 양평2나들목 보행통로 입구,202207," 2,659 "," 3,021 "
영등포구,228. 선유도역 3번출구 앞,202207," 4,375 "," 4,452 "
영등포구,229. 양평1 보행육교 앞,202207," 2,798 "," 2,748 "
영등포구,230. 영등포구청역 1번출구,202207," 8,155 "," 8,136 "
영등포구,231. 남부고용노동지청 남측,202207," 2,291 "," 2,302 "
영등포구,232. 양평우림 이비즈센타 앞,202207," 3,075 "," 2,962 "
영등포구,233. 양평1동 YP센터 앞,202207, 701 , 717 
영등포구,234. 영등포구민체육센터 앞,202207," 2,200 "," 2,458 "
영등포구,235. 신길동 우리은행 옆,202207," 1,076 ", 977 
영등포구,236. 문래동자이아파트 앞,202207," 3,266 "," 3,262 "
영등포구,238. 제2구민체육센타 앞,202207," 3,021 "," 2,995 "
영등포구,239. 유스호스텔 앞,202207," 1,583 "," 1,498 "
영등포구,240. 문래역 4번출구 앞,202207," 4,320 "," 4,207 "
영등포구,241. 신길우성1차아파트 앞 공원,202207," 1,143 "," 1,143 "
영등포구,242. 신길선원가와인아파트 앞,202207," 1,483 "," 1,047 "
영등포구,243. 이앤씨드림타워 앞,202207," 3,825 "," 3,820 "
영등포구,244. 영등포삼환아파트 앞,202207," 2,493 "," 2,318 "
영등포구,245. 삼성생명 당산사옥 앞,202207," 3,844 "," 3,777 "
영등포구,247. 당산역 10번출구 앞,202207," 9,055 "," 9,209 "
영등포구,248. 초원아파트 앞,202207," 1,787 "," 1,788 "
영등포구,249. 여의도중학교 옆,202207," 2,233 "," 2,243 "
영등포구,250. 대림아파트 사거리,202207, 970 , 911 
영등포구,251. 서울지방병무청 버스정류장,202207, 944 , 823 
영등포구,252. 보라매역4번출구,202207," 2,425 "," 2,586 "
영등포구,254. 도림신협 앞,202207," 1,684 "," 1,718 "
영등포구,255. 도림사거리,202207," 2,018 "," 2,108 "
영등포구,256. 동아에코빌입구,202207," 1,541 "," 1,539 "
영등포구,258. 신길역3번출구,202207," 2,384 "," 2,446 "
영등포구,259. 대방역6번출구,202207," 4,083 "," 4,282 "
영등포구,260. 여의도 마리나선착장 앞,202207, 884 , 847 
영등포구,262. 영문초등학교 사거리,202207," 5,525 "," 5,580 "
영등포구,263. 근로자회관 사거리,202207," 4,422 "," 4,452 "
영등포구,264. 교보생명보험 앞,202207," 2,030 "," 1,944 "
영등포구,265. 영등포유통상가 사거리,202207," 2,070 "," 1,895 "
영등포구,266. 영등포청과시장 사거리,202207," 1,879 "," 1,676 "
영등포구,267. 삼성화재 사옥 옆,202207," 2,096 "," 2,053 "
영등포구,268. 그랜드컨벤션센터 앞,202207," 3,567 "," 3,579 "
영등포구,270. 증권거래소후문교차로,202207," 1,581 "," 1,556 "
영등포구,271. 샛강생태공원방문자센터 앞,202207, 645 , 461 
영등포구,272. 당산육갑문,202207," 6,725 "," 7,007 "
영등포구,275. 신동아아파트,202207," 3,349 "," 3,465 "
영등포구,276. 영등포로터리2,202207," 4,590 "," 4,577 "
영등포구,278. 쌍용플레티넘오피스텔,202207," 3,124 "," 3,097 "
영등포구,279. 영등포 푸르지오 아파트,202207," 2,367 "," 2,222 "
영등포구,280. 양평동6차현대아파트 앞,202207," 3,117 "," 3,034 "
영등포구,281. 신동아아파트 앞,202207," 1,240 "," 1,220 "
영등포구,282. 신한은행 대림동지점,202207, 818 , 778 
영등포구,283. 아크로타워 스퀘어(영등포시장),202207," 4,063 "," 4,085 "
영등포구,284. 센트럴 푸르지오 시티 앞,202207," 2,526 "," 2,432 "
영등포구,285. 대림3동사거리(하나은행),202207," 1,049 "," 1,144 "
영등포구,286. 우성아파트 교차로,202207," 1,566 "," 1,679 "
영등포구,287. 영등포전화국사거리 (서강어린이공원),202207," 2,958 "," 2,958 "
영등포구,288. 쌍용예가(구청별관),202207," 1,660 "," 1,674 "
영등포구,289. 대림3동사거리,202207," 1,534 "," 1,622 "
영등포구,290. 당산동 SK V1 빌딩,202207," 2,765 "," 2,672 "
영등포구,291. 문래동 하이테크 시티,202207," 3,338 "," 3,252 "
영등포구,292. 영일 어린이공원,202207," 1,630 "," 1,608 "
영등포구,293. 충북 미래관,202207," 4,665 "," 4,489 "
영등포구,295.영등포공원 분수대 앞,202207, 443 , 416 
영등포구,296.KT플라자 영등포점,202207," 2,757 "," 2,743 "
영등포구,297.국회3문,202207, 251 , 252 
영등포구,298.KBS 연구동 건너편,202207, 846 , 489 
영등포구,299.여의도 순복음교회,202207, 819 , 743 
영등포구,3201.당산skv1센터,202207," 1,943 "," 1,948 "
영등포구,3202.당산롯데캐슬프레스티지,202207," 3,642 "," 3,513 "
영등포구,3203.도림동배드민턴체육관,202207," 1,353 "," 1,330 "
영등포구,3204.도림고가도로 밑,202207," 1,135 "," 1,116 "
영등포구,3205.문래현대2차,202207," 2,289 "," 2,364 "
영등포구,3206.문래동 주민센터,202207," 1,812 "," 1,710 "
영등포구,3207.양남사거리1,202207, 808 , 795 
영등포구,3211.신길 래미안 프레비뉴,202207, 698 , 679 
영등포구,3212.신풍역 6번출구,202207," 2,269 "," 2,352 "
영등포구,3214.영등포 푸르지오,202207," 1,741 "," 1,628 "
영등포구,3215.강변삼성래미안,202207," 1,497 "," 1,421 "
영등포구,3219.영등포역 1번출구,202207," 3,934 "," 3,996 "
영등포구,3220.래미안에스티움 앞 (신풍로),202207," 1,626 "," 1,736 "
영등포구,3221.서울특별시 남부교육지원청,202207, 947 , 744 
영등포구,4552. 코레일유통본사,202207," 1,776 "," 1,757 "
영등포구,4553. 당산삼성2차아파트,202207," 3,194 "," 3,120 "
영등포구,4555. 대림우성2차아파트,202207, 773 , 861 
영등포구,4556. 리버뷰신안인스빌1차 후문,202207," 1,674 "," 1,700 "
영등포구,4557. 리버뷰신안인스빌2차 후문,202207," 1,772 "," 1,676 "
영등포구,4558. 대영중고 후문,202207," 1,259 "," 1,529 "
영등포구,4559. 신길역 2번출구,202207," 2,430 "," 2,029 "
영등포구,4560. 양평동성원아파트,202207," 1,589 "," 1,633 "
영등포구,4561. 양평역 1번출구,202207," 4,048 "," 3,978 "
영등포구,4563. 여의도 은하아파트,202207," 1,021 "," 1,012 "
영등포구,4564. 63스퀘어,202207," 2,567 "," 2,581 "
영등포구,4565. 영등포 신세계백화점,202207," 7,690 "," 7,787 "
영등포구,4566. 대림성원상떼빌아파트,202207," 2,015 "," 2,186 "
영등포구,4567. 한림대학교 강남성심병원 신관,202207," 1,618 "," 1,725 "
영등포구,4568. 영등포로터리,202207," 2,633 "," 2,633 "
영등포구,4569. 힐스테이트클래시안아파트,202207," 1,313 "," 1,290 "
영등포구,4571. 문래동롯데캐슬아파트,202207," 5,217 "," 5,273 "
영등포구,4573. 두산위브아파트,202207, 758 , 699 
영등포구,4574. 영등포시장역 포레나영등포,202207," 4,211 "," 4,183 "
영등포구,4575. 대림동 e편한세상영등포아델포레,202207," 2,439 "," 2,572 "
영등포구,4576.보라매sk뷰 108동 앞,202207," 1,231 "," 1,281 "
영등포구,4578.보라매sk뷰,202207, 704 , 596 
영등포구,4579. 국회의사당 본관,202207, 554 , 469 
영등포구,4580. 국회3문,202207, 432 , 415 
영등포구,4581. 국회소통관,202207, 551 , 538 
영등포구,4582. 국회도서관,202207, 476 , 442 
영등포구,4583. 의정관,202207, 398 , 366 
영등포구,4584. 국회2문,202207, 268 , 199 
영등포구,4585. 국회6문,202207, 545 , 516 
영등포구,4588.양남사거리2,202207," 1,113 "," 1,100 "
영등포구,4589. KRX한국거래소(1),202207, 818 , 760 
영등포구,4590. KRX한국거래소(2),202207," 1,214 "," 1,216 "
영등포구,4591. 신길자이아파트,202207, 732 , 212 
영등포구,4592. 신길우성4차아파트,202207," 2,670 "," 3,279 "
영등포구,4594. 양평교 영등포대여소,202207," 2,767 "," 2,867 "
영등포구,4598. 오목교 동측 지하보도,202207," 1,866 "," 1,867 "
영등포구,4599. 대림우성아파트 사거리,202207, 622 , 626 
영등포구,4600. 영등포구 총괄 우체국,202207," 1,460 "," 1,467 "
영등포구,4601.양평역2번출구 뒤,202207," 1,127 "," 1,121 "
영등포구,5851. 도림천 건널목 위,202207," 1,403 "," 1,287 "
영등포구,5852. 대림동현대2차 201동 앞,202207, 281 , 265 
영등포구,5853. 여의도역2번출구 앞,202207," 1,563 "," 1,408 "
영등포구,5854. 신한금융투자 앞,202207," 5,253 "," 5,544 "
영등포구,5855. 하이투자증권 앞,202207," 1,613 "," 1,607 "
영등포구,5857. U레지던스 앞,202207, 322 , 417 
용산구,4602. 숙명여대앞 버스정류소 주변,202207, 333 , 105 
용산구,4603. 한강GS에클라트 건너편 교통섬,202207, 897 , 889 
용산구,4604. 원효로다목적체육관 앞,202207, 627 , 659 
용산구,"4605. 노들섬 다목적홀(동쪽) 숲, 앞",202207, 591 , 572 
용산구,4607. 국립중앙박물관 -용산가족공원 앞,202207, 324 , 298 
용산구,4608. 국립중앙박물관 정문 앞,202207, 202 , 143 
용산구,4609. 파크타워 104동 앞,202207, 323 , 330 
용산구,4610. 한남나인원 105동 앞,202207, 515 , 546 
용산구,4611. 국제루터교회 앞,202207, 183 , 150 
용산구,4612. 한남 준 J.FSS 앞,202207, 185 , 146 
용산구,4613. 서울갤러리아 앞,202207, 259 , 213 
용산구,4615. 크라운호텔앞 버스정류소,202207, 762 , 759 
용산구,4616. 신용산지하차도 앞,202207, 922 , 902 
용산구,4617. 동원베네스트 건너편,202207, 176 , 174 
용산구,4618. 풍전아파트 건너편,202207, 869 ," 1,035 "
용산구,4619. 한강트럼프월드3차 앞,202207," 1,330 "," 1,281 "
용산구,4620. 삼각지역 14번 출구 앞(교통섬),202207," 1,353 "," 1,341 "
용산구,4621. 남산도서관 앞,202207, 856 , 157 
용산구,4622. 한강중학교 앞 버스정류장,202207, 510 , 503 
용산구,4623. 라인프랜즈이태원점 앞,202207, 205 , 184 
용산구,4625. 용산공원갤러리앞,202207, 339 , 327 
용산구,4627. 효창공원앞역 5번출구 옆,202207, 554 , 461 
용산구,4629. 한강초교보도육교 앞,202207," 1,169 "," 1,207 "
용산구,4632. 용산 푸르지오 파크타운 1단지 앞,202207, 335 , 261 
용산구,4633. 센트럴파크타워 앞,202207," 1,664 "," 1,677 "
용산구,4634. 이태원역 3번 출구,202207, 752 , 673 
용산구,4636. 용산구꿈나무종합타운 앞,202207, 928 ," 1,022 "
용산구,4637. 용산시티파크 101동 앞,202207, 351 , 329 
용산구,4638. 청파동삼거리 앞,202207, 504 , 528 
용산구,4639. 동빙고근린공원,202207, 513 , 574 
용산구,800. 목월공원 앞,202207," 1,164 "," 1,187 "
용산구,802. 한강진역 2번 출구 앞,202207, 552 , 236 
용산구,803. 한남초교 앞 보도육교,202207, 159 , 156 
용산구,805. 문배어린이공원 앞,202207," 1,615 "," 1,811 "
용산구,806. 전자랜드 본관 앞,202207," 1,288 "," 1,165 "
용산구,807. 서울역 12번 출구 앞,202207," 1,418 "," 1,436 "
용산구,808. 서빙고동 금호맨션 앞,202207, 415 , 426 
용산구,809. 한남 유수지 복개주차장,202207," 1,137 "," 1,159 "
용산구,810. 이태원지하보도,202207, 777 , 766 
용산구,811. 녹사평역1번출구,202207, 574 , 289 
용산구,812. 용산전쟁기념관,202207, 278 , 250 
용산구,813. 삼각지역 3번출구,202207," 1,223 "," 1,203 "
용산구,815. LIG강촌아파트 103동앞,202207," 1,454 "," 1,585 "
용산구,816. 신용산역 6번출구 앞,202207," 2,253 "," 2,247 "
용산구,817. 삼각지역 4번출구 앞,202207," 1,546 "," 1,568 "
용산구,818. 숙명여대 입구 교차로,202207," 2,205 "," 2,405 "
용산구,819. 선린인터넷 고등학교,202207," 2,154 "," 2,344 "
용산구,820. 청파동입구 교차로,202207," 1,155 "," 1,114 "
용산구,822. 이촌1동 마을공원,202207, 508 , 502 
용산구,823. 효창동주민센터 앞,202207, 381 , 261 
용산구,825. 서빙고동 주민센터 앞,202207," 2,941 "," 3,274 "
용산구,827. 국군복지단,202207, 555 , 540 
용산구,828. 숙대입구역 8번,202207," 1,203 "," 1,276 "
용산구,829. 베르가모앞,202207," 2,397 "," 2,244 "
용산구,830. 청암자이아파트앞,202207, 465 , 481 
용산구,831. 이태원관광특구입구,202207, 237 , 225 
용산구,832. 이촌1동 주민센터 뒤,202207," 1,596 "," 1,647 "
용산구,834. 효창공원앞역 3번출구 뒤,202207," 1,918 "," 2,223 "
용산구,835. 남영역 건너편,202207," 1,643 "," 1,679 "
용산구,836. 현대자동차서비스 앞,202207," 1,150 "," 1,092 "
용산구,837. 한남나들목 입구,202207," 2,021 "," 2,148 "
용산구,838. 숙대입구역 4번출구,202207," 2,000 "," 2,260 "
용산구,839. 보광동 삼성리버빌아파트 앞,202207," 1,129 "," 1,210 "
용산구,840. 용산 파크타워 앞,202207, 581 , 555 
용산구,841. 신용산역 1번 출구,202207," 2,202 "," 2,192 "
용산구,843. 녹사평역 광장,202207, 752 , 424 
용산구,844. 이촌2동 동원베네스트 아파트 앞,202207," 1,292 "," 1,504 "
용산구,845. 용산 선인상가,202207, 800 , 812 
용산구,846. 용산중학교,202207," 1,480 "," 1,459 "
용산구,848. 삼각지12번 출구,202207, 816 , 793 
용산구,849. 삼각지 자이아파트,202207," 1,838 "," 1,802 "
용산구,850. KCC용산월츠타워 ,202207, 857 , 947 
용산구,851.효창 푸르지오 앞,202207, 510 , 222 
용산구,852.청암자이APT(103동),202207, 877 , 743 
용산구,853.용산역 맞은편,202207," 4,805 "," 4,862 "
용산구,854.HID 유족동지회 앞,202207, 221 , 134 
용산구,855.이촌역5번출구 앞,202207, 237 , 215 
용산구,857. 현대 안성타워,202207, 717 , 203 
용산구,858.녹사평역3번 출구,202207, 335 , 278 
용산구,859.남산공원 야외식물원 앞,202207, 86 , 40 
용산구,860.LG한강 자이아파트 앞,202207," 1,683 "," 1,705 "
용산구,863.이촌역2번 출구,202207, 412 , 368 
용산구,864.순천향대학병원(한남오거리),202207," 1,036 "," 1,101 "
용산구,865.하얏트호텔 앞,202207, 100 , 21 
용산구,866.브라운스톤 남산아파트,202207, 796 , 673 
용산구,867.서빙고역 광장(1번출구),202207, 409 , 424 
용산구,869.노들섬 동측 앞,202207, 417 , 385 
용산구,870.노들섬 서측 앞,202207," 2,898 "," 2,913 "
은평구,4652. 신사두산위브2차아파트 앞,202207," 1,699 "," 1,556 "
은평구,4653. 불광역 9번 출구 맞은편,202207," 1,138 "," 1,153 "
은평구,4657. 본 서부병원 교차로 사거리,202207," 1,766 "," 1,786 "
은평구,4658. 녹번역1번출구앞,202207, 735 , 583 
은평구,4659. 신진과학기술고등학교 버스정류장(응암시장 방면),202207," 1,333 "," 1,499 "
은평구,"4663. 불광역3,6호선 버스정류장(동명여고 방면)",202207," 1,114 "," 1,093 "
은평구,4665. 응암역3번 출구(서부경찰서 방면),202207, 701 , 778 
은평구,4667. 폭포동입구 교차로,202207, 464 , 338 
은평구,4668. 기자촌사거리,202207, 237 , 139 
은평구,4671. 청구성심병원 앞,202207, 963 , 998 
은평구,4672. 준빌딩 앞,202207, 299 , 303 
은평구,4674. 녹번역e편한세상 캐슬 정문 앞,202207," 1,400 "," 1,360 "
은평구,4676. 갈현1동 주민센터,202207, 837 , 836 
은평구,4677. 백련산 SK뷰 아이파크 해모로 아파트 앞,202207," 1,239 "," 1,372 "
은평구,4678. 백련산로 녹번센트레빌 ,202207, 635 , 547 
은평구,4681.박석고개(은평소방서) 앞,202207, 255 , 193 
은평구,4683. 은평 성모병원 사거리,202207, 687 , 671 
은평구,4684. 응암2동주민센터 버스정류장(영락중학교 방면),202207, 553 , 151 
은평구,4685. DMC역 5번 출구(수색역 방향),202207," 1,348 "," 1,247 "
은평구,900. 은평예술회관,202207," 1,862 "," 1,875 "
은평구,902. 진관동 은빛초등학교,202207, 673 , 656 
은평구,903. 은평뉴타운 아이파크,202207, 976 ," 1,062 "
은평구,904. 은평뉴타운 푸르지오,202207, 926 ," 1,097 "
은평구,905. 구파발역 2번출구,202207," 2,766 "," 3,112 "
은평구,906. 연신내역 5번출구,202207," 3,755 "," 3,978 "
은평구,907. CJ 드림시티,202207," 4,993 "," 5,810 "
은평구,908. 구산역 4번출구,202207," 1,857 "," 1,935 "
은평구,909. 백련산 힐스테이트 3차,202207, 771 , 227 
은평구,911. 은평평화공원(역촌역4번출구),202207," 2,556 "," 2,606 "
은평구,912. 응암오거리,202207," 2,647 "," 3,355 "
은평구,913. 이마트 버스정류장(서부경찰서 방면),202207," 3,058 "," 3,113 "
은평구,914. 새절역 2번출구,202207," 2,989 "," 3,835 "
은평구,915. 증산역 4번출구,202207," 2,089 "," 2,384 "
은평구,916. 평생학습관 앞,202207," 1,501 "," 1,720 "
은평구,917. 녹번역 3번출구,202207," 1,784 "," 1,754 "
은평구,919. 서울혁신파크,202207, 987 , 985 
은평구,921. 신도고등학교,202207, 280 , 155 
은평구,922. 연신내역 4번출구,202207, 678 , 679 
은평구,923. 국민은행 연서지점,202207, 929 , 967 
은평구,924. 메뚜기다리,202207, 182 , 40 
은평구,925. 불광역 2번출구,202207, 775 , 790 
은평구,927. 연신내역 3번출구 인근,202207, 746 , 740 
은평구,928. 은평역사한옥박물관,202207, 444 , 331 
은평구,930. 구 서부경찰서 건너편,202207," 1,185 "," 1,256 "
은평구,931. 역촌파출소,202207," 3,974 "," 4,746 "
은평구,932. 예일여중,202207," 1,247 "," 1,267 "
은평구,933. 역촌종합시장 버스정류장(예일여고 방면),202207," 2,446 "," 2,830 "
은평구,934. 신사동 성당,202207, 322 , 204 
은평구,937. 상림마을 롯데캐슬2단지 옆,202207, 131 , 178 
은평구,938. 금암 문화공원,202207, 240 , 249 
은평구,939. 은평구청 교차로,202207," 1,291 "," 1,299 "
은평구,941. 은평뉴타운 도서관,202207, 623 , 351 
은평구,942. 상림마을 생태공원,202207, 606 , 566 
은평구,945. 기자촌 사거리,202207, 265 , 118 
은평구,946. 독바위역 ,202207, 977 , 902 
은평구,947. 연신내 선일하이츠빌 정류소,202207, 565 , 535 
은평구,948. 디지털미디어 시티역 4번출구(DMC역),202207, 837 , 814 
은평구,949. 연신내역 1번 출구 ,202207," 1,511 "," 1,905 "
은평구,950. 구산역 2번 출구 예일여고 버스정류장,202207," 1,788 "," 2,098 "
은평구,952. 서울연신중학교,202207, 422 , 415 
은평구,953. 서울연신초등학교,202207, 827 , 686 
은평구,954. 은평뉴타운구파발9단지,202207, 925 ," 1,075 "
은평구,956. 응암시장교차로,202207," 2,683 "," 3,325 "
은평구,958. 본 서부병원 버스정류장(은평 세무서 방면),202207," 1,497 "," 1,529 "
은평구,959. 구파발10단지 인근,202207, 369 , 430 
은평구,960. 구파발역 환승센터,202207, 853 ," 1,136 "
은평구,961. 불광역 9번 출구,202207," 1,935 "," 1,928 "
은평구,962. 은평뉴타운 힐데스하임,202207," 1,708 "," 1,726 "
은평구,963. 대호프라자아파트,202207," 1,039 "," 1,007 "
은평구,964. 북한산힐스테이트 7차아파트,202207, 570 , 361 
은평구,965. 서울특별시 은평병원,202207, 694 , 208 
은평구,966. 서울혁신파크1,202207, 402 , 409 
은평구,967. 서울혁신파크2,202207, 452 , 438 
은평구,968. 은평뉴타운 상림마을 13단지,202207, 216 , 165 
은평구,969. 은평 지웰테라스,202207, 207 , 168 
은평구,971. 역촌 센트레빌 아파트,202207, 532 , 167 
은평구,972. 수색역,202207," 2,064 "," 2,042 "
은평구,973.제각말푸르지오 5-1단지 아파트,202207, 414 , 209 
은평구,974.연신초등학교옆 마을마당,202207, 274 , 146 
은평구,975.백련산 힐스테이트상가앞,202207, 586 , 163 
은평구,976.진관고등학교앞,202207, 843 , 923 
은평구,977.신도중학교앞,202207, 436 , 103 
은평구,978.녹번 힐스테이트상가앞,202207, 440 , 272 
은평구,979.원풍빌라앞,202207, 922 , 846 
은평구,982. 녹번초등학교(서오릉로),202207," 1,064 "," 1,213 "
은평구,984.상신초등학교앞 버스정류장,202207," 1,599 "," 1,671 "
은평구,985. 은평세무서 버스정류장(은평구청 방면),202207," 1,632 "," 1,740 "
은평구,989. 신응교(가좌로) 앞,202207," 1,645 "," 2,209 "
은평구,991.흥국사 정류장,202207, 109 , 149 
은평구,992.북한산입구 정류장,202207, 245 , 234 
은평구,993.은평뉴타운 은뜨락아파트앞,202207, 740 , 407 
은평구,994.북한산생태공원입구(교통섬),202207, 395 , 334 
은평구,995.은평다목적체육관,202207, 758 , 585 
은평구,996.응암역2번출구 국민은행 앞,202207," 3,973 "," 5,196 "
종로구,301. 경복궁역 7번출구 앞,202207," 1,502 "," 1,064 "
종로구,302. 경복궁역 4번출구 뒤,202207," 2,664 "," 2,495 "
종로구,303. 광화문역 1번출구 앞,202207," 3,273 "," 3,012 "
종로구,307. 서울역사박물관 앞,202207," 1,249 "," 1,202 "
종로구,308. 광화문 S타워 앞,202207," 2,497 "," 2,374 "
종로구,309. 광화문역 6번출구 옆 B,202207, 953 , 727 
종로구,314. 국립현대미술관,202207," 1,651 "," 1,648 "
종로구,316. 종각역 1번출구 앞,202207," 2,771 "," 2,735 "
종로구,326. 안국역 5번출구 앞,202207," 2,057 "," 1,536 "
종로구,327. 낙원상가 옆,202207," 1,681 "," 1,670 "
종로구,328. 탑골공원 앞,202207, 980 , 938 
종로구,329. 청계2가 사거리 옆,202207," 2,065 "," 1,865 "
종로구,334. 종로3가역 2번출구 뒤,202207," 2,000 "," 1,877 "
종로구,335. 종로3가역 15번출구 앞,202207," 1,229 "," 1,219 "
종로구,337. 창경궁 입구,202207, 690 , 693 
종로구,338. 세운스퀘어 앞,202207," 1,299 "," 1,297 "
종로구,339. 종로4가 사거리,202207," 1,642 "," 1,626 "
종로구,340. 혜화동 로터리,202207," 1,917 "," 1,919 "
종로구,3401.창신두산아파트,202207, 352 , 386 
종로구,3402.이화공영주차장,202207, 477 , 479 
종로구,3403.서울특별시 교육청,202207, 169 , 68 
종로구,3404.서울특별시 중부교육지원청,202207, 180 , 175 
종로구,3405.파크팰리스,202207," 1,316 "," 1,188 "
종로구,3406.세종로공원,202207, 476 , 428 
종로구,3407.안국동사거리(신),202207," 2,157 "," 1,905 "
종로구,3408.종로타워빌딩,202207," 1,632 "," 1,598 "
종로구,341. 혜화역 3번출구 뒤,202207," 1,486 "," 1,486 "
종로구,3410.종로3가역 8번출구,202207," 3,395 "," 3,378 "
종로구,3411.종묘,202207," 1,030 "," 1,014 "
종로구,3412.세운상가,202207, 965 , 966 
종로구,3413.종로플레이스,202207," 2,523 "," 2,447 "
종로구,3414.종로5가역 4번출구,202207," 1,322 "," 1,313 "
종로구,3415.동대문역6번출구,202207," 2,083 "," 2,090 "
종로구,3416.동묘앞역 6번출구,202207," 2,491 "," 2,518 "
종로구,3417.창신3동주민센터,202207," 1,670 "," 1,666 "
종로구,3418.창신역2번 출구,202207, 132 , 132 
종로구,3419.국립어린이과학관,202207, 686 , 652 
종로구,342. 대학로 마로니에공원,202207," 3,041 "," 3,007 "
종로구,3420. 성균관대입구사거리,202207," 1,499 "," 1,493 "
종로구,3421.혜화역 1번출구,202207," 2,724 "," 2,720 "
종로구,3422.성균관대 정문,202207," 2,248 "," 2,233 "
종로구,3423.현대그룹(본사),202207," 1,254 "," 1,176 "
종로구,3425.광화문 풍림스페이스본 1단지앞,202207, 951 , 739 
종로구,3426.독립문역 2번출구 뒤,202207, 357 , 316 
종로구,3427.인왕산 아이파크 정문,202207, 335 , 292 
종로구,3428.서울미술관,202207, 246 , 133 
종로구,3429.HW컨벤션센터 앞,202207, 305 , 114 
종로구,343. 예일빌딩(율곡로) 앞,202207, 686 , 677 
종로구,3430.구기치안센터 앞,202207, 169 , 26 
종로구,3431.로제우스 레포츠센터,202207, 239 , 165 
종로구,3432.종로2가 사거리,202207," 1,721 "," 1,515 "
종로구,344. 성균관대 E하우스 앞,202207, 985 , 977 
종로구,345. 서울보증보험본사 앞,202207," 1,668 "," 1,667 "
종로구,348. 독립문역 사거리,202207," 1,453 "," 1,026 "
종로구,349. 사직동주민센터,202207, 842 , 818 
종로구,351. 청운초교 앞 삼거리,202207, 794 , 769 
종로구,352. 중앙고입구 삼거리,202207, 408 , 232 
종로구,353. 재동초교 앞 삼거리,202207," 1,225 "," 1,209 "
종로구,354. 포르투갈 대사관 앞,202207," 1,170 ", 806 
종로구,355. 서울사대부속초교 앞,202207," 1,559 "," 1,522 "
종로구,356. KT혜화지사 앞,202207," 1,291 "," 1,304 "
종로구,358. 성대입구 사거리,202207," 1,332 "," 1,307 "
종로구,359. 원남동사거리,202207," 1,255 "," 1,257 "
종로구,361. 동묘앞역 1번출구 뒤,202207," 4,369 "," 4,532 "
종로구,362. 청계8가 사거리,202207," 2,300 "," 2,360 "
종로구,363. 신설동역 11번출구 뒤,202207," 2,501 "," 2,573 "
종로구,364. 창신역 1번출구 앞,202207, 605 , 539 
종로구,367. 독립문역 3-1번출구 ,202207," 1,730 "," 1,309 "
종로구,368. SK 서린빌딩 앞,202207," 2,030 "," 2,056 "
종로구,369. 광화문 시민열린마당,202207," 1,805 "," 1,454 "
종로구,385. 종각역 5번출구,202207," 1,985 "," 1,943 "
종로구,388. 동성중학교 앞,202207, 585 , 592 
종로구,393. 동대문역 8번 출구,202207," 3,282 "," 3,272 "
종로구,394. 경희궁 자이 3단지,202207," 1,272 "," 1,413 "
종로구,395. 경희궁 자이 2단지,202207," 1,334 "," 1,275 "
종로구,397. 종묘공영주차장 건너편,202207, 508 , 506 
종로구,446. 상명대입구,202207, 753 , 745 
종로구,447. 신영동삼거리,202207, 120 , 112 
종로구,449. 일성아파트,202207, 382 , 104 
종로구,450. 효자동 삼거리,202207," 1,368 ", 951 
종로구,451. 청와대앞길,202207, 398 , 214 
종로구,452. 동대문 종합시장 버스정류장,202207, 965 , 902 
종로구,453. 종로오가 지하쇼핑센터 14번출구,202207," 1,354 "," 1,345 "
종로구,454. 종로2가 버스정류장 (종각방향),202207," 1,466 "," 1,439 "
종로구,455. 종로6가역 버스정류장(동대문 방향),202207," 1,220 "," 1,210 "
종로구,456. 숭인2동 주민센터 입구,202207," 1,800 "," 1,832 "
종로구,457. 종로꽃시장 입구 옆,202207," 1,123 "," 1,093 "
종로구,458. 광화문역 5번출구,202207," 3,890 "," 3,487 "
종로구,461. 서울지방경찰청,202207," 1,492 "," 1,359 "
종로구,462. 신영동삼거리(북악터널방향),202207, 107 , 117 
종로구,464. 삼청동 골목,202207," 1,072 "," 1,001 "
종로구,465. 삼청공원 앞,202207, 231 , 71 
종로구,4702. 평창동 주민센터,202207, 103 , 85 
종로구,4703. 쌍용아파트2단지 정문,202207, 376 , 31 
종로구,4705. 웰니스센터(민방위교육장 앞),202207," 1,587 "," 1,595 "
종로구,4707. 청계3가 사거리,202207, 997 , 956 
종로구,4708. 조계사앞사거리,202207," 1,819 "," 1,788 "
종로구,4709. 천지인 오피스텔 앞,202207, 127 , 81 
종로구,4710. 자교교회 앞,202207," 1,741 "," 1,929 "
종로구,4711. 올림픽기념 국민생활관 로터리,202207," 2,017 "," 2,038 "
종로구,4713. 현대 뜨레비앙 아파트 앞,202207," 1,641 "," 1,618 "
종로구,4715. 돈의문 박물관 마을,202207, 867 , 554 
종로구,4718. 광화문역 6번출구 옆 A,202207," 1,047 ", 876 
종로구,4719. 종로문화원 건너편,202207, 709 , 692 
종로구,486. 평창동주민센터 앞,202207, 185 , 141 
중구,300. 정동사거리,202207," 1,322 "," 1,257 "
중구,3013.서울지방고용노동청 앞,202207," 1,719 "," 1,585 "
중구,310. 청계광장 옆,202207," 1,752 "," 1,395 "
중구,318. 광교사거리 남측,202207," 1,104 "," 1,081 "
중구,320. 을지로입구역 4번출구 앞,202207," 1,556 "," 1,542 "
중구,321. KEB 하나금융그룹 명동사옥 옆,202207," 1,239 "," 1,171 "
중구,322. 명동성당 앞,202207, 606 , 596 
중구,324. 신세계백화점 본점 앞,202207," 1,099 "," 1,065 "
중구,331. 을지로2가 사거리 북측,202207, 950 , 933 
중구,332. 을지로2가 사거리 남측,202207, 875 , 868 
중구,336. 충무로역 6번출구 앞,202207," 1,128 "," 1,107 "
중구,346. 맥스타일 앞,202207," 1,273 "," 1,261 "
중구,347. 동대문역사문화공원역 9번출구 앞,202207, 755 , 555 
중구,370. 시청역(2호선) 9번출구 뒤,202207," 2,815 "," 2,691 "
중구,371. 동대입구역 6번출구 뒤,202207, 618 , 614 
중구,372. 약수역 3번출구 뒤,202207, 965 , 957 
중구,374. 청구역 2번출구 앞,202207," 2,287 "," 2,273 "
중구,379. 서울역9번출구,202207," 1,228 "," 1,243 "
중구,380. CJ제일제당 앞,202207," 1,669 "," 1,605 "
중구,381. 장충체육관,202207, 92 , 90 
중구,382. 약수역 10번출구 앞,202207, 617 , 614 
중구,383. 신당역 12번 출구 뒤,202207," 4,281 "," 4,229 "
중구,384. 종로학원본원 ,202207, 227 , 188 
중구,387. 훈련원공원주차장 앞,202207," 1,843 "," 1,593 "
중구,389. 을지로4가역 1번출구,202207," 1,162 "," 1,148 "
중구,390. 충무로역 1번출구,202207," 1,419 "," 1,411 "
중구,391. 시립미술관,202207," 1,117 ", 975 
중구,398. 을지로3가역 3번출구,202207," 2,065 "," 2,027 "
중구,399. 서울역 센트럴 자이아파트,202207," 1,162 ", 632 
중구,428. 명보사거리,202207, 481 , 467 
중구,429. 송도병원,202207, 129 , 109 
중구,430. 장충동먹자골목 앞,202207," 1,056 "," 1,067 "
중구,431. 청계천 영도교,202207," 4,118 "," 4,164 "
중구,433. 을지로입구역 2번출구,202207," 1,685 "," 1,652 "
중구,434. 신당 래미안 버스정류장,202207, 597 , 68 
중구,435. SK 남산빌딩,202207, 419 , 369 
중구,441.염천교사거리,202207, 735 , 724 
중구,442.서울역 서부,202207, 547 , 510 
중구,443.호암아트홀,202207, 193 , 180 
중구,445.대한상공회의소,202207," 1,725 "," 1,794 "
중구,466.롯데호텔,202207, 665 , 435 
중구,468.웨스틴 조선호텔,202207, 830 , 823 
중구,469.회현역 1번출구,202207, 554 , 386 
중구,470.회현역 7번출구,202207, 659 , 444 
중구,471.회현사거리 남측,202207, 828 , 799 
중구,472.삼일교(시그니쳐 타워),202207," 1,526 "," 1,267 "
중구,473.을지로4가역 9번출구,202207," 2,050 "," 2,033 "
중구,474.동대문역사문화공원역 1번출구 뒤편,202207," 2,473 "," 1,896 "
중구,475.DDP 패션몰,202207," 1,584 "," 1,221 "
중구,4752. 삼성사이버빌리지아파트,202207, 431 , 353 
중구,4753. 시청역 10번출구,202207, 635 , 543 
중구,476.광희문,202207, 991 , 993 
중구,4760. 서울역 7번출구,202207, 184 , 151 
중구,4761. 중부경찰서앞사거리 건너편,202207, 452 , 405 
중구,4762. 국제빌딩,202207, 513 , 410 
중구,4765. 동대문디자인플라자,202207," 2,050 "," 1,996 "
중구,4766. 서소문성지역사박물관,202207, 430 , 262 
중구,4768. 서울도시건축전시관,202207," 2,779 "," 2,439 "
중구,477.앰배서더 호텔 주변,202207, 623 , 234 
중구,4772. 중앙일보,202207, 238 , 206 
중구,4774. 을지로입구역 8번출구,202207, 974 , 959 
중구,4775. 을지로지하쇼핑센터,202207, 740 , 716 
중구,4776. 신세계면세점,202207, 525 , 491 
중구,4777. 약수동 주민센터,202207, 138 , 138 
중구,4778. 대신파이낸스센터,202207," 1,303 "," 1,294 "
중구,4781. 브라운스위트레지던스,202207, 690 , 632 
중구,4782. 서소문역사공원,202207, 243 , 197 
중구,4784. 중부경찰서앞 사거리,202207, 636 , 549 
중구,4785. 롯데시티호텔,202207, 569 , 525 
중구,479.동대입구역 3번 출구,202207, 403 , 412 
중구,4791. 명동역9번 출구,202207," 1,603 "," 1,568 "
중구,4792. 퇴계로4가 교차로(중구청),202207," 1,929 "," 1,929 "
중구,4793. 동대문역사문화공원역 5번출구,202207," 1,071 "," 1,071 "
중구,4794. 서울역 서부교차로(3),202207," 1,183 "," 1,300 "
중구,4796. 부산은행,202207," 2,048 "," 2,043 "
중구,4797. KG타워 앞,202207," 1,248 "," 1,254 "
중구,4798. 황학동롯데캐슬,202207," 2,591 "," 2,656 "
중구,480.약수역 6번 출구,202207, 476 , 478 
중구,4800. 필동 삼거리,202207, 846 , 845 
중구,4801. 충정로역 2호선(엘리베이터 앞),202207, 255 , 184 
중구,481.신당역 10번 출구,202207," 2,239 "," 2,233 "
중구,483.남산타운아파트 버스정류장,202207, 241 , 120 
중구,484.도동삼거리,202207, 147 , 85 
중구,485.서울역5번출구,202207," 1,231 "," 1,226 "
중구,826. 서울역 서부교차로2,202207," 1,665 "," 1,831 "
중랑구,1401. 극동늘푸른아파트,202207," 2,200 "," 2,430 "
중랑구,1402. 금란주차장 앞,202207," 1,374 "," 1,433 "
중랑구,1403. 중화빌딩 앞 (동부시장),202207," 1,441 "," 1,483 "
중랑구,1404. 동일로 지하차도,202207," 2,250 "," 2,261 "
중랑구,1405. 망우역 1번출구,202207," 1,032 "," 1,038 "
중랑구,1406. 망우청소년수련관,202207, 374 , 283 
중랑구,1407. 먹골역 1번출구 뒤,202207," 1,730 "," 1,792 "
중랑구,1408. 먹골역 6번출구 앞,202207," 1,366 "," 1,585 "
중랑구,1410. 면목 대원칸타빌아파트,202207, 259 , 127 
중랑구,1411. 상봉시장앞 교차로 한성빌딩 앞,202207," 1,470 "," 1,480 "
중랑구,1413. 봉화산역 5번출구 뒤,202207," 1,564 "," 1,687 "
중랑구,1414. 사가정역 2번출구,202207," 3,455 "," 3,503 "
중랑구,1416. 상봉역 3번출구,202207," 2,236 "," 2,399 "
중랑구,1418. 새솔초등학교,202207, 537 , 104 
중랑구,1420. 신내어울공원 앞,202207, 939 , 963 
중랑구,1421. 신내역 4번출구,202207, 486 , 482 
중랑구,1422. 신내우디안아파트 1단지,202207, 379 , 163 
중랑구,1424. 양원역 2번출구,202207, 217 , 197 
중랑구,1425. 용마문화복지센터,202207, 685 , 461 
중랑구,1426. 면목도시개발아파트 1동 앞,202207, 421 , 151 
중랑구,1427. 용마산역 1번출구,202207, 223 , 217 
중랑구,1428. 원묵고등학교,202207," 1,412 ", 892 
중랑구,1429. 장안중학교,202207," 1,208 "," 1,363 "
중랑구,1430. 중랑구청,202207," 1,289 ", 588 
중랑구,1431. 중랑구청 사거리,202207," 1,606 "," 1,404 "
중랑구,1433. 중화역 2번출구,202207," 2,113 "," 2,339 "
중랑구,1435. 능산삼거리,202207, 341 , 335 
중랑구,1436. 동원베네스트 건물 앞,202207, 424 , 372 
중랑구,1437. 늘푸른공원 앞,202207," 1,211 "," 1,524 "
중랑구,1438. 홈플러스 신내점 앞,202207," 2,593 "," 2,977 "
중랑구,1440. 면목2동 사거리,202207," 1,618 "," 1,917 "
중랑구,1441. 신내능말공원,202207, 739 , 415 
중랑구,1442. 중랑구 중소기업 창업센터,202207," 2,606 "," 2,839 "
중랑구,1444. 면목4치안센터,202207," 1,361 "," 1,690 "
중랑구,1445. 용마지구대,202207, 303 , 341 
중랑구,1446. 중랑전화국 교차로,202207," 1,952 "," 2,140 "
중랑구,1447. 면목역 3번출구,202207," 2,992 "," 3,211 "
중랑구,1448. 코스트코 상봉점,202207," 2,474 "," 2,518 "
중랑구,1449. 상봉역 1번출구,202207," 2,806 "," 2,907 "
중랑구,1450. 화랑대역 7번출구,202207," 1,697 "," 1,971 "
중랑구,1451. 중랑세무서,202207," 3,002 "," 3,160 "
중랑구,1452. 겸재교 진입부,202207," 3,048 "," 3,418 "
중랑구,1453. 중랑캠핑숲,202207, 276 , 235 
중랑구,1454. 한국전력공사(동대문 중랑지사),202207," 1,145 "," 1,245 "
중랑구,1455. 상봉역 2번 출구,202207," 2,547 "," 2,578 "
중랑구,1456. 상아빌딩(우림시장 교차로),202207," 1,844 "," 1,989 "
중랑구,1457. 동원사거리,202207, 792 , 763 
중랑구,1458. 상봉터미널2,202207," 2,767 "," 2,824 "
중랑구,1459. 용마한신아파트사거리,202207, 313 , 312 
중랑구,1461.동양엔파트 앞,202207," 1,510 "," 1,523 "
중랑구,1462.동부시장 북문 앞,202207," 2,373 "," 2,381 "
중랑구,1463.중랑구민회관,202207, 358 , 362 
중랑구,1464.중화역 4번출구,202207," 1,198 "," 1,493 "
중랑구,1465.중랑공영차고지 옆,202207," 1,002 "," 1,524 "
중랑구,1466.두산대림아파트 삼거리,202207, 545 , 589 
중랑구,1467.sk신내 주유소앞(용마산로),202207, 178 , 190 
중랑구,1468.먹골역 7번 출구,202207," 1,042 "," 1,180 "
중랑구,1469.먹골역 4번출구,202207," 1,173 "," 1,289 "
중랑구,1470.중화동 우리은행 앞,202207," 1,399 "," 1,595 "
중랑구,1471.동양쇼핑 정류소 앞,202207," 1,981 "," 2,217 "
중랑구,1472.영성빌딩(PAT),202207, 845 ," 1,024 "
중랑구,1473.중랑역 1번 출구(중화문화복지센터),202207," 1,349 "," 1,470 "
중랑구,1474.서울중랑우체국,202207," 1,067 "," 1,066 "
중랑구,1477.면목삼익아파트 앞,202207, 427 , 459 
중랑구,1478.홈플러스 상봉점 앞,202207," 1,811 "," 1,817 "
중랑구,1479.면목 홈플러스 2 ,202207, 486 , 491 
중랑구,1480. 용마지구대 옆,202207, 752 , 783 
중랑구,4802. 새우개마을,202207, 334 , 329 
중랑구,4803. 상봉2동 주민센터 앞,202207," 1,037 "," 1,045 "
중랑구,4804. 동서울농협 앞,202207," 1,769 "," 1,818 "
중랑구,4807. 라코지스테이 앞,202207, 508 , 507 
중랑구,4808. 신내2동 주민센터 앞,202207, 835 , 835 
중랑구,"4809. 동성1,2차 아파트 앞",202207," 1,637 "," 1,190 "
중랑구,4811. 한양수자인아파트 앞,202207, 484 , 335 
중랑구,4812. 묵동 이마트 앞,202207," 1,857 "," 1,907 "
중랑구,4813. 망우지구대,202207," 2,353 "," 2,364 "
중랑구,4815. 중랑데시앙플렉스 앞,202207, 505 , 486 
중랑구,4819. 면목동 새싹어린이공원 앞,202207," 1,409 "," 1,494 "
중랑구,4820. 망우역 2번 출구,202207," 1,797 "," 1,797 "
중랑구,4821. 동원초등학교 정문 앞,202207, 603 , 703 
중랑구,4823. 방정환교육지원센터 옆,202207," 1,197 "," 1,201 "
중랑구,4824. 상봉신협 앞,202207," 1,458 "," 1,531 "
중랑구,4825. 신내동 벽산아파트 후문 앞,202207," 1,179 "," 1,198 "
중랑구,4826. 홈플러스 면목점,202207," 1,070 "," 1,193 "
중랑구,4827. 신내SK V1센터 앞,202207, 438 , 379 
중랑구,4828. 신내동 한살림 중랑지구 앞,202207," 1,238 "," 1,301 "
중랑구,4829. 신내동 한살림 중랑지구 북축,202207, 641 , 595 
중랑구,4830. 신내 우디안 111동 앞,202207, 133 , 105 
중랑구,4834. 용마복지센터 앞,202207, 290 , 208 
중랑구,4835. 망우동 본죽 앞,202207," 1,013 "," 1,023 "
중랑구,4836. 양원역 1번 출구,202207, 701 , 692 
중랑구,4837. 양원지구 힐데스하임 앞,202207, 975 , 994 
중랑구,4838.동원사거리 행복오피스텔 앞,202207, 753 , 653 
중랑구,4840. 서울시 북부병원 앞,202207, 467 , 485 
강남구,2301. 현대고등학교 건너편,202208," 2,463 "," 2,466 "
강남구,2302. 교보타워 버스정류장(신논현역 3번출구 후면),202208," 1,015 "," 1,006 "
강남구,2303. 논현역 10번출구,202208," 1,376 "," 1,145 "
강남구,2304. 대현그린타워,202208, 263 , 102 
강남구,2305. MCM 본사 직영점 앞,202208, 298 , 296 
강남구,2306. 압구정역 2번 출구 옆,202208," 1,843 "," 1,773 "
강남구,2307. 압구정 한양 3차 아파트,202208, 514 , 434 
강남구,2308. 압구정파출소 앞,202208, 941 , 943 
강남구,2309. 청담역(우리들병원 앞),202208, 421 , 220 
강남구,2310. 청담동 맥도날드 옆(위치),202208, 527 , 515 
강남구,2311. 학동로 래미안 아파트 앞,202208, 282 , 111 
강남구,2312. 청담역 13번 출구 앞,202208, 637 , 535 
강남구,2313. 금원빌딩 앞,202208, 698 , 739 
강남구,2314. 청담나들목입구,202208, 587 , 584 
강남구,2315. 봉은사역 5번출구 옆,202208, 758 , 762 
강남구,2317. 삼성도로공원,202208, 709 , 718 
강남구,2318. 삼성중앙역4번출구(문화센터더 리빌),202208, 397 , 201 
강남구,2319. 포스코사거리 서측(수협 삼성동 지점),202208, 700 , 696 
강남구,2320. 도곡역 대치지구대 방향,202208, 679 , 752 
강남구,2321. 학여울역 사거리,202208, 741 , 719 
강남구,2323. 주식회사 오뚜기 정문 앞,202208, 645 , 539 
강남구,2324. 천주교 대치 2동 교회 옆,202208," 1,432 "," 1,433 "
강남구,2325. 대치삼성아파트 앞 교차로,202208, 892 , 860 
강남구,2326. 대치동 삼성로,202208, 421 , 328 
강남구,2327. 뱅뱅사거리 랜드마크타워 앞,202208," 1,117 "," 1,174 "
강남구,2328. 르네상스 호텔 사거리 역삼지하보도 7번출구 앞,202208, 631 , 614 
강남구,2329. 르네상스호텔사거리 역삼지하보도 2번출구,202208, 371 , 346 
강남구,2330. 역삼월드메르디앙아파트 앞,202208, 717 , 694 
강남구,2331. 동영문화센터앞,202208, 516 , 462 
강남구,2332. 선릉역3번출구,202208," 1,387 "," 1,381 "
강남구,2333. 양재역 3번출구 주변,202208," 1,185 ", 610 
강남구,2334. 삼호아파트 2동 ( 간선도로),202208, 227 , 227 
강남구,2335. 3호선 매봉역 3번출구앞,202208," 1,892 "," 2,029 "
강남구,2336. 강남세브란스교차로  래미안그레이튼 104동 앞,202208, 471 , 400 
강남구,2337. 대모산입구역 2번출구 앞,202208, 437 , 355 
강남구,2339. 현대아파트 정문 앞,202208, 640 , 651 
강남구,2340. 삼호물산버스정류장(23370) 옆,202208," 1,886 "," 2,095 "
강남구,2341. 일원역 4~5번 출구 사이,202208, 611 , 237 
강남구,2342. 대청역 1번출구  뒤,202208," 1,420 "," 1,452 "
강남구,2343. 세곡사거리 대왕파출소 앞,202208, 101 , 92 
강남구,2344. 리엔파크 2단지 앞,202208, 513 , 523 
강남구,2347. 두산건설 본사,202208, 252 , 96 
강남구,2348. 포스코사거리(기업은행),202208," 1,625 "," 1,625 "
강남구,2349. 역삼빌딩 앞(하나은행 옆),202208, 496 , 222 
강남구,2350. 래미안그레이튼102동앞,202208, 208 , 206 
강남구,2351. 청소년수련관(수영장)앞,202208, 419 , 324 
강남구,2352. 서울본부세관(건설회관 앞),202208, 142 , 95 
강남구,2353. 강남구청역 2번출구 뒤,202208, 479 , 416 
강남구,2354. 청담역 2번출구,202208, 296 , 295 
강남구,2356. 강남구청,202208, 589 , 392 
강남구,2357. 르네상스호텔사거리 역삼지하보도 3번출구 앞 (더 오번 빌딩 명동칼국수 앞),202208, 384 , 346 
강남구,2358. 구룡초사거리 (현대아파트10동 앞 ),202208, 467 , 468 
강남구,"2359. 국립국악중,고교 정문 맞은편",202208, 845 , 896 
강남구,2360. 도곡1동 주민센터 교차로,202208, 605 , 608 
강남구,2362. 신사동 가로수길 입구,202208," 1,052 ", 967 
강남구,2363. 강남 을지병원 교차로,202208, 362 , 302 
강남구,2364. 도산공원교차로,202208, 597 , 584 
강남구,2365. K+ 타워 앞,202208, 862 , 858 
강남구,2368. 도곡동 경남아파트 건너편,202208, 419 , 301 
강남구,2369. KT선릉타워,202208," 1,051 "," 1,054 "
강남구,2370. 한티역 3번출구,202208, 532 , 373 
강남구,2371. 한국우편사업진흥원,202208, 203 , 95 
강남구,2372. 대치역 사거리,202208, 942 , 986 
강남구,2373. 개포동역 사거리,202208, 677 , 629 
강남구,2375. 수서역 1번출구 앞,202208, 942 , 996 
강남구,2376. 수서역 6번출구 앞,202208, 351 , 367 
강남구,2377. 수서역 5번출구,202208," 2,530 "," 2,717 "
강남구,2380. 삼성동베이직하우스앞,202208, 435 , 325 
강남구,2381. 언주역 6번출구앞,202208, 431 , 438 
강남구,2382. 역삼동 sk뷰 501동앞,202208, 377 , 373 
강남구,2383. 보금자리정원,202208, 302 , 329 
강남구,2384. 자곡사거리,202208," 1,315 "," 1,510 "
강남구,2385. 학동역,202208, 619 , 586 
강남구,2386. 크린랩 본사,202208, 238 , 133 
강남구,2387. 래미안강남힐즈 사거리,202208, 884 , 934 
강남구,2388. 강남구 도시관리공단,202208, 545 , 238 
강남구,2389. 경기여자고등학교 후문 (삼성로3길 입구),202208, 638 , 625 
강남구,2390. 구룡마을 입구 (래미안블레스티지 아파트),202208, 323 , 321 
강남구,2391. 구룡터널 입구(개포1단지아파트),202208, 8 , 11 
강남구,2392. 구룡산 입구 (구룡산 서울둘레길 입구),202208, 193 , 73 
강남구,2393. 구룡사 앞 교차로 (보도육교),202208, 80 , 57 
강남구,2394. 개포래미안포레스트아파트 107동 앞,202208, 702 , 676 
강남구,2395. 개포1단지아파트 입구 (보도육교),202208, 75 , 68 
강남구,2396. 영동3교 북단(우성캐릭터 앞 보도),202208, 440 , 426 
강남구,2398. 더라움,202208, 221 , 173 
강남구,2401. 밀알학교 입구 (삼성서울병원 입구),202208, 308 , 184 
강남구,2403. 공무원연금매점 교차로 (개포주공9단지 입구),202208, 130 , 117 
강남구,2404. 대모산입구역 4번 출구 앞,202208," 1,414 "," 1,429 "
강남구,2405. 청담공원앞 교차로,202208," 1,125 ", 395 
강남구,2406. 논현동 광명빌딩 앞,202208, 485 , 275 
강남구,2407. 역삼.서초.삼성 세무서 앞 (역삼빌딩 앞),202208," 1,554 "," 1,529 "
강남구,2408. 강남한양수자인아파트,202208, 948 , 925 
강남구,2409. 역삼동 디오슈페리움 (우성아파트 사거리),202208, 849 , 837 
강남구,2410. 포스코피앤에스타워 (역삼역 3번출구 부근),202208, 921 , 587 
강남구,2411. 세곡동 성당,202208, 762 , 813 
강남구,2412. 일원1동 주민센터,202208," 1,021 "," 1,152 "
강남구,2413.도곡역 1번 출구,202208," 1,001 ", 955 
강남구,2414. 도곡역 아카데미스위트 앞,202208," 1,508 "," 1,526 "
강남구,2415.한티역 롯데백화점 앞,202208, 984 , 969 
강남구,2416.한티역 6번 출구,202208, 516 , 414 
강남구,2417.선정릉 디캠프(D.CAMP)앞,202208, 247 , 243 
강남구,2418.봉은사역 7번 출구 ,202208, 743 , 739 
강남구,"2419.봉은사역 1,2번 출구 ",202208, 657 , 639 
강남구,2420.학여울역 사거리(LG베스트샵 앞),202208, 923 , 872 
강남구,2421. 신논현역 4번출구,202208, 841 , 554 
강남구,2422.수서동 성당 맞은편,202208, 545 , 716 
강남구,2423.영희초교 사거리(래미안개포루체하임),202208," 1,019 "," 1,186 "
강남구,2425.세곡동 사거리(대왕초등학교 정류장),202208, 186 , 170 
강남구,2426.강남한신휴플러스 6단지,202208, 493 , 537 
강남구,2427.개포고등학교 정문앞,202208, 415 , 435 
강남구,2428.롯데리아 개포점앞,202208, 383 , 424 
강남구,2429.압구정로데오역 6번출구,202208, 905 , 901 
강남구,2430.강남파이낸스센터앞(역삼역2번출구),202208, 492 , 448 
강남구,2431.대치역 7번출구,202208," 1,577 "," 1,606 "
강남구,3602. 한국지역난방공사강남지사,202208, 315 , 390 
강남구,3604. 삼성중앙역 5번출구,202208, 681 , 462 
강남구,3606. 신사동주민센터 옆,202208," 1,021 ", 999 
강남구,3609. 언주초등학교 입구,202208, 631 , 595 
강남구,3610. 윗반마을 입구,202208, 117 , 113 
강남구,3611. 방죽마을 입구,202208, 309 , 313 
강남구,3612. 은곡마을,202208, 482 , 581 
강남구,3614. 은마아파트 입구 사거리,202208," 1,331 "," 1,332 "
강남구,3615. 서울 논현동우체국 앞,202208, 230 , 203 
강남구,3616. 역삼중학교 앞(체육관 방향),202208, 215 , 208 
강남구,3618. 서울율현초교 삼거리,202208, 782 , 884 
강남구,3620. 청담역 11번 출구,202208, 171 , 62 
강남구,3621. 휘문고교 사거리,202208, 339 , 186 
강남구,3622. 은마아파트입구 사거리(1),202208, 217 , 188 
강남구,3623. 일원에코파크 앞(개포로 방면),202208, 681 , 694 
강남구,3624. 대모산입구역 7번 출구 앞,202208, 286 , 202 
강남구,3627. 압구정나들목,202208," 1,987 "," 2,015 "
강남구,3628. 역삼1동 주민센터,202208," 1,064 "," 1,072 "
강남구,3629. 청담사거리(신한오피스텔빌딩 앞),202208, 607 , 684 
강남구,3630. 개포우성6차아파트 정문 앞,202208, 351 , 327 
강남구,3634. 국악고교 앞 교차로,202208, 340 , 332 
강남구,3636. 삼성중앙역·플래티넘아파트 정류소,202208, 565 , 560 
강남구,3637. 세곡데이케어센터,202208, 240 , 245 
강남구,3638. 신청담나들목,202208, 527 , 531 
강남구,3640. 일원1동주민센터앞 사거리,202208, 530 , 520 
강남구,3641. 대청역,202208, 512 , 492 
강남구,3642. LH강남힐스테이트아파트,202208, 657 , 279 
강남구,3643. 더시그넘하우스 앞,202208, 524 , 545 
강남구,3644. 상록수아파트,202208, 613 , 263 
강남구,3646. 선정릉역 4번 출구,202208, 310 , 311 
강남구,3647. 구룡역 1번 출구,202208, 280 , 167 
강남구,3648. 구룡역 4번 출구,202208, 144 , 144 
강남구,3649. 구룡역 5번 출구,202208, 197 , 183 
강남구,3651. 개포동역 4번출구,202208, 885 , 911 
강남구,4901.KT&G타워 옆(상상마당 대치아트홀),202208, 539 , 383 
강남구,4902. 구역삼세무서 교차로,202208, 764 , 763 
강남구,4903. 신사스퀘어,202208, 309 , 301 
강남구,4905. 강남경찰서,202208," 1,107 "," 1,097 "
강남구,4906. 섬유센터 앞,202208," 1,376 "," 1,385 "
강남구,4907. 극동스포츠 앞,202208, 472 , 480 
강남구,4908. SB타워 앞,202208, 201 , 199 
강남구,4909. 노보텔 앰배서더 앞,202208, 220 , 116 
강남구,4911. 도곡동 골프 로데오거리,202208, 298 , 288 
강남구,4913. 레베쌍트 빌딩 앞,202208, 254 , 251 
강남구,4914. 도심공항타워 앞,202208, 266 , 269 
강남구,4915. 영동중앙교회 버스정류장,202208, 168 , 153 
강동구,1001. 광진교 남단 사거리(천호공원 방면),202208," 1,978 "," 1,980 "
강동구,1002. 해공공원(천호동),202208," 2,577 "," 2,713 "
강동구,1003. 해공도서관앞,202208," 1,113 "," 1,112 "
강동구,1004. 삼성광나루아파트 버스정류장,202208," 1,896 "," 2,458 "
강동구,1006. 롯데캐슬 115동앞,202208, 308 , 296 
강동구,1007.암사동 선사유적지,202208, 166 , 168 
강동구,1008. 암사역 3번출구(국민은행앞),202208," 3,840 "," 4,710 "
강동구,1009. 천호역4번출구(현대백화점),202208," 5,004 "," 5,010 "
강동구,1010. 강동세무서,202208," 2,850 "," 2,864 "
강동구,1011. LIGA 아파트 앞,202208," 3,142 "," 3,155 "
강동구,1012. 서울 상운차량,202208," 1,620 "," 1,527 "
강동구,1013. 강동구청역 1번 출입구,202208," 2,095 "," 2,183 "
강동구,1015. 샛마을 근린공원,202208, 969 , 974 
강동구,1016. 해뜨는 주유소옆 리엔파크 109동앞,202208, 854 , 852 
강동구,1017. 둔촌고교입구 교차로(길동주민센터 방면),202208," 1,970 "," 2,029 "
강동구,1018. 둔촌 주공 GS 맞은편,202208, 831 , 821 
강동구,1019. 다성이즈빌아파트(호원대 대각선 맞은편),202208," 3,836 "," 3,914 "
강동구,1020. 강동경찰서,202208," 4,058 "," 4,071 "
강동구,1021. 강일동 리슈빌 빌딩앞,202208," 1,702 "," 2,137 "
강동구,1022. 길동 사거리(초소앞),202208," 1,891 "," 1,916 "
강동구,1023. 한국종합기술사옥 앞,202208," 2,244 "," 2,315 "
강동구,1024.  강동구청 앞,202208," 3,077 "," 3,096 "
강동구,1025. 상일초등학교,202208, 791 , 805 
강동구,1026. 대명초교 입구 교차로,202208, 790 , 698 
강동구,1027. 프라자 아파트 앞,202208," 1,302 "," 1,324 "
강동구,1028. 포레스 주상복합 빌딩,202208," 1,880 "," 1,884 "
강동구,1029. 성내어울터,202208," 2,911 "," 2,897 "
강동구,1030. 미호 플랜트 앞,202208," 1,477 "," 1,478 "
강동구,1031. 올림픽로 836(아리수로),202208, 657 , 774 
강동구,1032. 선사고등학교,202208, 627 , 702 
강동구,1033. 고덕동 아남아파트,202208," 1,047 ", 903 
강동구,1034. 고덕동 래미안 힐스테이트,202208, 362 , 361 
강동구,1035. 고덕역 4번출구,202208," 1,855 "," 1,323 "
강동구,1036. 고덕동 주양쇼핑,202208," 1,207 "," 1,198 "
강동구,1037. 강일리버파크 6단지,202208, 416 , 418 
강동구,1038. 강일 다솜 어린이 공원,202208, 336 , 418 
강동구,1039. 고덕초등학교,202208, 229 , 269 
강동구,1041. 묘곡초등학교,202208, 696 , 691 
강동구,1042. 강일리버파크 2~5단지,202208, 779 , 865 
강동구,1044. 굽은다리역,202208," 4,709 "," 4,763 "
강동구,1047. 강동 한신휴플러스,202208," 2,286 "," 2,411 "
강동구,1048. 둔촌어린이공원,202208," 2,543 "," 2,645 "
강동구,1049. 강일리버파크 10단지,202208, 834 , 921 
강동구,1050.  둔촌역 3번 출입구,202208," 4,562 "," 4,605 "
강동구,"1051. 강일중,선사고 버스정류장(신암중학교 방면)",202208," 1,448 "," 1,494 "
강동구,1052. 리싸이클시티,202208, 92 , 90 
강동구,1053. 동명근린공원 진입로 (아리수로),202208, 377 , 373 
강동구,1054. 말우물 어린이 공원,202208, 314 , 376 
강동구,1056. 강일리버파크 7~11단지,202208, 573 , 644 
강동구,1057. 능골근린공원,202208, 749 , 720 
강동구,1058. 고덕숲 아이파크 1,202208, 355 , 355 
강동구,1059. 래미안 강동팰리스(102동),202208," 1,726 "," 1,382 "
강동구,1060. 천일초교 사거리,202208," 1,110 "," 1,104 "
강동구,1061. 천호초교 입구 사거리(일주빌딩),202208," 1,741 "," 1,736 "
강동구,1062. 고덕숲 아이파크 2,202208, 279 , 255 
강동구,1063.강동롯데캐슬퍼스트 아파트(관리동),202208, 738 , 732 
강동구,1064.중앙보훈병원역 1번출구,202208, 373 , 251 
강동구,1065.보훈병원 후문옆(더 원커피),202208, 380 , 325 
강동구,1066.생태공원앞 교차로(조명탑),202208, 186 , 169 
강동구,1067.한영중고앞사거리,202208, 572 , 562 
강동구,1068.명일파출소,202208, 775 , 706 
강동구,1069.강동경희대학교병원 입구,202208, 462 , 353 
강동구,1070.(시립)고덕평생학습관,202208, 757 , 757 
강동구,1071.명일근린공원공동체텃밭,202208, 236 , 239 
강동구,1072.고덕역 5번출구,202208," 1,412 "," 1,405 "
강동구,1073. SSTS 몰 앞,202208," 1,223 "," 1,266 "
강동구,1074.대명초교입구 사거리,202208," 1,414 "," 1,426 "
강동구,1075.천동초교 삼거리,202208, 443 , 492 
강동구,1076. 천동초교입구사거리 버스정류장(십자성마을 방면),202208," 2,057 "," 2,135 "
강동구,1077.강동역 1번출구 앞,202208," 2,095 "," 2,068 "
강동구,1078.둔촌사거리,202208," 2,959 "," 2,971 "
강동구,1079.강일동입구교차로,202208, 484 , 469 
강동구,1080.엘웨딩,202208," 1,324 "," 1,225 "
강동구,1081.트레빌빌딩,202208," 1,425 "," 1,315 "
강동구,1082.중앙보훈병원역3번출구,202208, 57 , 57 
강동구,1083.광문고교사거리(아이파크),202208, 632 , 645 
강동구,1084. 윤선생빌딩(JYP사옥),202208," 3,030 "," 3,530 "
강동구,1085.래미안 솔베뉴(고덕로),202208, 882 , 605 
강동구,1086.래미안 솔베뉴(구천면로),202208, 855 , 850 
강동구,1088.풍납사거리(강동),202208," 1,745 "," 1,729 "
강동구,1089.고덕 래미안힐스테이트(201동),202208, 283 , 281 
강동구,1090.상일동역 2번출구 앞,202208," 2,649 "," 2,603 "
강동구,3539. 서원마을,202208, 285 , 273 
강동구,3652. 한영외국어고등학교,202208, 146 , 146 
강동구,3653. 강동리버스트4단지아파트 404동 앞,202208, 456 , 458 
강동구,3654. 강동리버스트4단지아파트 405동 앞,202208, 419 , 478 
강동구,3655. 둔촌신성미소지움아파트,202208, 568 , 504 
강동구,3656. 둔촌푸르지오아파트,202208," 1,549 "," 1,553 "
강동구,3657. 서울천호동우체국,202208," 2,381 "," 2,379 "
강동구,3658. 프라이어팰리스아파트,202208, 815 , 869 
강동구,3659. 명일초등학교 옆,202208, 379 , 327 
강동구,3661. 명일동신동아아파트 앞,202208, 452 , 450 
강동구,3663. 암사정수센터교차로(강동롯데캐슬퍼스트아파트),202208, 371 , 330 
강동구,3664. 맥도날드 서울둔촌DT점 앞,202208," 2,906 "," 2,942 "
강동구,3665. 고덕센트럴 아이파크상가 앞,202208, 730 , 730 
강동구,3668. 성내삼성아파트,202208," 3,295 "," 3,716 "
강동구,3671. 둔촌동역교차로,202208," 2,413 "," 2,400 "
강동구,3672. 고덕중학교 후문,202208, 368 , 368 
강동구,3673. 강동리버스트6단지,202208, 661 , 712 
강동구,3674. 강동리버스트7단지,202208, 413 , 460 
강동구,3675. 강동리버스트8단지,202208, 615 , 667 
강동구,3676. 강동리엔파크9단지,202208, 707 , 691 
강동구,3677. 강동구음식물재활용센터,202208, 85 , 84 
강동구,3680. 강동역3번출구,202208," 3,445 "," 3,436 "
강동구,3681. 길동 마루빌딩,202208," 3,682 "," 3,951 "
강동구,3682. 길동 동호빌딩,202208, 459 , 459 
강동구,3683. KT&G강동지사,202208," 1,496 "," 1,587 "
강동구,3684. 고덕자이(105동 앞),202208," 1,451 "," 1,447 "
강동구,3685. 강동리엔파크14단지(1401동 앞),202208," 1,236 "," 1,305 "
강동구,3686. 고덕 래미안 힐스테이트(101동),202208, 646 , 647 
강동구,3687. 신명초교입구 교차로,202208," 1,717 "," 1,910 "
강동구,3688. 상일동산(동아아파트앞 교차로),202208, 399 , 396 
강동구,3689. 강일역 3번출구,202208," 1,176 "," 1,089 "
강동구,3690. 강일역 4번출구,202208, 529 , 376 
강동구,3691. 둔촌역 2번출구,202208, 647 , 648 
강동구,3692. 둔촌오륜역 1번 출구,202208, 463 , 477 
강동구,3694. 강동리엔파크 13단지(1303동 앞),202208, 745 , 762 
강동구,3698. 명일역 3번출구 옆,202208," 1,386 "," 1,391 "
강동구,3699. 상일파출소 옆,202208," 1,183 "," 1,177 "
강동구,3700. 강변그대가리버뷰 입구 맞은편,202208," 1,135 "," 1,332 "
강북구,"1501. 미아역 3번,4번 출구 사이",202208," 1,645 "," 1,636 "
강북구,1503. 강북구청사거리(수유역 8번출구),202208," 2,532 "," 2,581 "
강북구,1504. 삼양시장오거리,202208, 484 , 469 
강북구,1506. 강북문화예술회관,202208," 1,432 "," 1,429 "
강북구,1509. 서울북부수도사업소,202208, 655 , 674 
강북구,1510. 번동주공5단지 관리사무소 앞,202208, 398 , 415 
강북구,1511. 번동 금호어울림아파트102동앞,202208, 467 , 484 
강북구,1512. 강북중학교 앞,202208," 2,203 "," 2,224 "
강북구,1513. 강북구청 뒷편,202208, 387 , 384 
강북구,1514. 강북구청 사거리 버스정류소 앞,202208," 1,276 "," 1,274 "
강북구,1515. 송천동 주민센터,202208, 588 , 577 
강북구,1516. 우이초등학교 후문 옆,202208, 710 , 691 
강북구,1518. 수유2동은행빌딩 앞,202208, 711 , 721 
강북구,1519. 장미원시장 건너편,202208, 900 , 802 
강북구,1520. 수유중앙시장,202208," 1,203 "," 1,206 "
강북구,1525. 미아동 복합청사,202208, 530 , 483 
강북구,1526. 강북종합시장 앞,202208, 931 , 920 
강북구,1527. 미아역 1번 출구 뒤,202208, 935 , 920 
강북구,1528. 삼각산동 주민센터,202208, 840 , 272 
강북구,1529. 미아동 한국전력공사,202208," 1,701 "," 1,676 "
강북구,1530. 광산사거리,202208," 1,909 "," 1,931 "
강북구,1531. 미아사거리 1번 출구,202208," 2,433 "," 2,582 "
강북구,1532. 번3동 주민센터 교차로,202208, 659 , 779 
강북구,"1533. 번동 주공3, 4단지 교차로",202208," 1,105 "," 1,284 "
강북구,1535. 효성인텔리안 앞,202208," 1,875 "," 1,879 "
강북구,1536. 번동 두산위브 101동 옆,202208, 990 , 872 
강북구,1537. 북한산 우이역,202208, 557 , 529 
강북구,1538. 솔밭공원역,202208, 402 , 400 
강북구,1539. 4.19민주묘지역,202208, 548 , 538 
강북구,1540. 가오리역,202208," 1,124 "," 1,117 "
강북구,1541. 삼양역,202208, 283 , 224 
강북구,1542. 삼양사거리역,202208, 482 , 479 
강북구,1543. 수유1동 주민센터,202208, 694 , 684 
강북구,1546. 송천동우체국,202208, 367 , 491 
강북구,1547. 꿈의숲 롯데캐슬,202208, 532 , 270 
강북구,1548. 북서울 꿈의숲 서문,202208, 689 , 404 
강북구,1550.삼각산아이원아파트(105동 옆),202208, 156 , 13 
강북구,1551.4.19탑 앞,202208, 539 , 483 
강북구,1552. 강북구청사거리,202208," 1,801 "," 1,798 "
강북구,1553.서울북부고용노동지청,202208, 728 , 701 
강북구,1554.번동사거리,202208, 734 , 732 
강북구,1557.신창교,202208, 980 ," 1,040 "
강북구,1558.강북문화정보도서관,202208, 364 , 296 
강북구,1560. 도봉세무서 앞,202208," 1,048 "," 1,039 "
강북구,1564.4.19민주묘지역 1번출구,202208," 1,032 "," 1,000 "
강북구,1565.수유사거리,202208," 1,389 "," 1,393 "
강북구,1568.4.19민주묘지 입구사거리,202208, 705 , 678 
강북구,1569.수유역2번출구,202208," 3,177 "," 3,172 "
강북구,1571.북서울 꿈의 숲 입구,202208, 448 , 475 
강북구,1572. 우이동 먹거리마을,202208, 112 , 104 
강북구,1573.현대성우아파트 옆,202208, 456 , 426 
강북구,1574.송중초등학교 옆,202208, 699 , 761 
강북구,3703. 삼양입구사거리,202208, 320 , 340 
강북구,3707. 드래곤타워 앞,202208," 1,035 "," 1,007 "
강북구,3711. 월계2교 교차로,202208, 569 , 641 
강북구,3714. 송천센트레빌,202208, 243 , 215 
강북구,3718. 번동3단지 버스정류장,202208, 806 ," 1,086 "
강서구,1101. 개화동상사마을종점 버스정류장,202208, 301 , 354 
강서구,1102. 방화사거리 마을버스 버스정류장,202208," 3,189 "," 3,246 "
강서구,1103. 방화역 4번출구앞,202208," 3,062 "," 3,075 "
강서구,1105. 방화근린공원,202208, 497 , 448 
강서구,1106. 신방화사거리,202208," 4,128 "," 4,464 "
강서구,1108. 공항시장역 2번출구 뒤,202208," 1,661 "," 1,673 "
강서구,1109. 공항시장역 4번출구,202208," 1,095 "," 1,160 "
강서구,1110. 공항중학교앞,202208, 314 , 301 
강서구,1111. 마곡엠밸리6_7단지 마곡중학교,202208," 2,569 "," 2,496 "
강서구,1112. 마곡엠밸리4단지 정문,202208," 4,946 "," 4,929 "
강서구,1113. 서남환경공원 버스정류장,202208," 2,324 "," 2,256 "
강서구,1117. 등촌5단지아파트 버스정류장,202208," 4,305 "," 4,299 "
강서구,1118. 증미역 3번출구뒤(등촌두산위브센티움오피스텔),202208," 2,950 "," 3,229 "
강서구,1119. 염창동 한마음아파트 앞,202208," 1,954 "," 1,738 "
강서구,1120. 대림경동아파트앞,202208," 2,205 "," 2,284 "
강서구,1121. 가양레포츠센터 앞,202208," 1,478 "," 1,566 "
강서구,1122. 황금내근린공원,202208," 2,632 "," 2,858 "
강서구,1124. 발산역 6번 출구 뒤,202208," 6,046 "," 6,118 "
강서구,1125. 명덕고교입구(영종빌딩),202208," 4,797 "," 5,071 "
강서구,1126. 우장산역 1번출구옆(우장산아이파크105동앞),202208," 2,372 "," 1,523 "
강서구,1127. 화곡역 버스정류장,202208," 2,211 "," 2,199 "
강서구,1128. 화곡역 6번출구,202208," 1,891 "," 1,914 "
강서구,1129. 화곡역 1번 출구 앞,202208," 2,456 "," 2,461 "
강서구,1130. 화곡본동시장 버스정류장,202208, 669 , 581 
강서구,1132. 등촌역 7번출구,202208," 2,213 "," 2,354 "
강서구,1135. 강서구의회,202208," 2,694 "," 2,429 "
강서구,1136. 등촌2파출소,202208," 1,053 ", 687 
강서구,1137. 등촌2동주민센터,202208, 490 , 332 
강서구,1139. 용문사 버스정류장,202208," 1,673 "," 1,739 "
강서구,1140. 목동사거리 버스정류장,202208," 2,084 "," 2,098 "
강서구,1141. 곰달래 문화복지센터 1-1,202208," 1,633 "," 2,318 "
강서구,1145. 곰달래 문화복지센터 1-2,202208, 896 ," 1,181 "
강서구,1146. 곰달래사거리,202208," 1,069 "," 1,441 "
강서구,1148. 볏골공원,202208," 1,505 "," 1,451 "
강서구,1149. 신방화역환승주차장,202208," 4,470 "," 4,473 "
강서구,1150. 송정역 1번출구,202208," 2,383 "," 2,463 "
강서구,1151. 마곡역1번출구,202208," 2,612 "," 2,561 "
강서구,1152. 마곡역교차로,202208," 4,466 "," 4,473 "
강서구,"1153. 발산역 1번, 9번 인근 대여소",202208," 8,219 "," 8,203 "
강서구,1155. 기쁜우리복지관,202208," 2,248 "," 2,315 "
강서구,1157. 강서구청,202208," 2,822 "," 3,495 "
강서구,1158. 가양역 8번출구,202208," 5,481 "," 5,509 "
강서구,1159. 서서울모터리움 앞,202208, 792 , 801 
강서구,1160. 양천향교역 7번출구앞,202208," 6,154 "," 6,143 "
강서구,1161. 강서면허시험장 앞,202208, 457 , 350 
강서구,1162. 공항초등학교건너편,202208," 2,591 "," 2,611 "
강서구,1163. 방화동강서기동대앞,202208," 3,262 "," 3,419 "
강서구,1165. 마곡중학교 후문,202208," 1,270 "," 1,062 "
강서구,1166. 강서구립등빛도서관,202208," 4,907 "," 4,955 "
강서구,1167. 마곡수명산파크3단지 교차로,202208," 4,330 "," 4,304 "
강서구,1168. 마곡엠밸리10단지 앞,202208," 1,647 "," 1,462 "
강서구,1169. 염창역 1번 출구,202208," 2,365 "," 2,392 "
강서구,1170. 강서구보건소,202208," 1,515 "," 1,020 "
강서구,1171. 염창동 새마을금고 건너편,202208," 1,095 "," 1,229 "
강서구,1172. 가양3동 주민센터,202208," 1,959 "," 2,331 "
강서구,1173. 강서구청사거리(SH타워),202208," 3,772 "," 3,519 "
강서구,1174. 강서구청사거리(부민병원),202208," 1,427 "," 1,451 "
강서구,1175. 대한항공 인력개발센터,202208," 1,661 "," 1,225 "
강서구,1177. 수명중․고교,202208," 2,055 "," 2,136 "
강서구,1178. 개화산역 2번 출구,202208," 1,031 "," 1,008 "
강서구,1180. 마곡엠밸리 15단지(1502동) 건너편,202208," 3,136 "," 3,124 "
강서구,1181. 농수산식품공사 (강서지사),202208, 290 , 285 
강서구,1182. KBS 스포츠월드,202208," 3,526 "," 3,513 "
강서구,1183. KC 대학교,202208, 434 , 360 
강서구,1184. 마곡13단지,202208," 3,564 "," 3,916 "
강서구,1185. 등촌9단지,202208," 1,544 "," 1,558 "
강서구,1186. 송정중학교,202208," 1,326 "," 1,501 "
강서구,1187. 강서수산물도매시장,202208, 841 , 912 
강서구,1188. 롯데중앙연구소,202208, 373 , 379 
강서구,1190. 마곡역 교차로(2번출구),202208," 1,695 "," 1,560 "
강서구,"1191. 마곡역 버스정류장(마곡나루역1번출구, 웰튼병원 방면)",202208," 3,434 "," 3,226 "
강서구,1192. 마곡수명산파크 209동 건너편,202208," 2,477 "," 2,167 "
강서구,1193. 마곡센트럴타워 1차,202208," 4,477 "," 4,736 "
강서구,1194. 센서텍㈜,202208," 1,620 "," 1,674 "
강서구,1195. 코오롱One&Only타워,202208," 3,339 "," 3,659 "
강서구,1196. 서울식물원(문화센터) 건너편,202208, 375 , 184 
강서구,1197. 엠펠리체 호텔 건너편,202208," 3,467 "," 3,428 "
강서구,1198. LG 사이언스파크,202208, 751 , 533 
강서구,1199. 우장산역 3번출구,202208," 2,274 "," 1,637 "
강서구,1200. 개화광역환승센터,202208, 248 , 247 
강서구,2701. 마곡나루역 5번출구 뒤편,202208," 8,003 "," 7,906 "
강서구,2702. 마곡 엠밸리2단지,202208," 1,640 "," 1,631 "
강서구,2703.서울도시가스 앞 ,202208," 1,209 ", 996 
강서구,2704.홈플러스(강서점),202208," 2,967 "," 2,959 "
강서구,2706.강서공업고등학교 앞,202208," 2,301 "," 2,374 "
강서구,2707.한강아파트,202208," 1,686 "," 1,659 "
강서구,2708.강서한강자이타워 앞,202208," 3,644 "," 3,780 "
강서구,2709.강변아파트 310동 앞,202208," 1,337 "," 1,363 "
강서구,2710.라이품 공영주차장 앞,202208," 1,312 "," 1,168 "
강서구,2711.가로공원공영주차장 1번 출구,202208," 1,780 "," 1,906 "
강서구,2712.화곡터널입구교차로,202208, 955 , 429 
강서구,2713.우장초등학교 앞,202208," 2,304 "," 2,534 "
강서구,2715.마곡나루역 2번 출구 ,202208," 14,193 "," 14,155 "
강서구,2716.롯데 R&D 센터,202208, 772 , 798 
강서구,2717.LG유플러스 마곡사옥,202208," 4,169 "," 4,474 "
강서구,2718.마곡수명산파크1단지,202208," 2,168 "," 2,152 "
강서구,2719.마곡문화공원,202208," 3,562 "," 4,229 "
강서구,2720.힐스테이트에코,202208," 3,875 "," 3,870 "
강서구,2721.등촌1-10단지 교차로,202208," 4,431 "," 4,287 "
강서구,2722.마곡 문영비지웍스,202208," 2,097 "," 1,966 "
강서구,2723.마곡 필네이처,202208," 3,275 "," 3,360 "
강서구,2724.(재)FITI시험연구원,202208," 1,670 "," 1,434 "
강서구,2725.서울식물원 식물문화센터,202208," 1,245 "," 1,166 "
강서구,2727.서울식물원 잔디마당 앞,202208," 2,696 "," 2,876 "
강서구,2728.마곡나루역 3번 출구,202208," 7,710 "," 7,310 "
강서구,2729.넥센 유니버시티 앞,202208," 2,263 "," 2,229 "
강서구,2730.마곡메가박스 앞,202208," 2,708 "," 2,703 "
강서구,2731.명덕고교,202208," 1,041 "," 1,294 "
강서구,2732.마곡수명산 1-2단지 ,202208," 2,041 "," 1,827 "
강서구,2733.마곡13단지 정문 앞,202208," 4,174 "," 4,178 "
강서구,2735.마곡 공공청사,202208," 1,663 "," 1,619 "
강서구,2737.까치산역 3번 출구,202208," 1,846 "," 1,907 "
강서구,2739.수명산파크1단지교차로,202208," 3,717 "," 3,717 "
강서구,2740.마곡레포츠센터,202208," 2,442 "," 2,330 "
강서구,2741.마곡수명산파크5-6단지,202208," 1,767 "," 1,611 "
강서구,2742.강서구민올림픽체육센터,202208," 1,784 "," 1,886 "
강서구,2743.동신아파트 104동 앞,202208," 1,083 "," 1,080 "
강서구,2744.강서세무서 앞,202208," 3,576 "," 3,043 "
강서구,2745.수명초등학교,202208," 1,369 "," 1,297 "
강서구,2746.수명산파크 4단지 411동 앞,202208," 1,510 "," 1,454 "
강서구,3753. 공항중학교 버스정류장,202208," 1,028 ", 931 
강서구,3754. 신방화역 8번출구,202208," 1,770 "," 1,734 "
강서구,3756. 마곡힐스테이트 정문,202208," 1,703 "," 1,668 "
강서구,3757. 신방화역 6번출구,202208," 1,977 "," 1,962 "
강서구,3758. 서울남부출입국관리소,202208," 1,354 "," 1,123 "
강서구,3759. 이대서울병원,202208," 1,768 "," 1,746 "
강서구,3760. 발산역 8번 출구,202208," 2,186 "," 2,079 "
강서구,3761. 나이아가라관광호텔,202208, 674 , 794 
강서구,3762. 마곡9단지 907동앞,202208," 1,475 "," 1,459 "
강서구,3763. 등촌태영아파트,202208," 1,205 "," 1,357 "
강서구,3764. 관문주유소(GS칼택스) 앞,202208," 2,125 "," 2,119 "
강서구,3765. 문소빌딩,202208, 718 , 691 
강서구,3766. 강서문화센터,202208, 367 , 340 
강서구,3767. 대원빌딩,202208," 2,337 "," 2,349 "
강서구,3769. 증미역 2번출구,202208," 2,728 "," 3,323 "
강서구,3770. 남부순환로 205,202208, 611 , 535 
강서구,3772. 길성그랑프리텔아파트,202208," 2,865 "," 2,866 "
강서구,3774. 마곡9단지 910동 상가앞,202208," 2,105 "," 2,121 "
강서구,3775. 가양오토갤러리,202208," 1,503 "," 1,492 "
강서구,3776. 김포공항교차로,202208, 688 , 762 
강서구,3778. 김포공항입구 교차로,202208," 1,886 "," 1,876 "
강서구,3780. 등촌서광아파트,202208," 4,005 "," 4,191 "
강서구,3781. 강서아동복지센터,202208, 115 , 183 
강서구,3782. 겸재정선미술관,202208," 1,734 "," 1,707 "
강서구,3783. 마곡금호어울림아파트,202208," 1,448 "," 1,458 "
강서구,3784. 벽산아파트,202208," 2,645 "," 2,700 "
강서구,3785. 마곡14단지 1408동앞,202208," 1,848 "," 1,692 "
강서구,3786. 강서힐스테이트 상가 앞,202208," 1,177 ", 895 
강서구,3787. 가양나들목,202208, 870 , 877 
강서구,3788. 정곡나들목,202208," 1,855 "," 1,903 "
강서구,3789. 염창나들목,202208," 2,637 "," 3,122 "
강서구,3792. 화곡본동시장 입구,202208, 919 , 855 
강서구,3793. 더리브골드타워,202208," 1,286 "," 1,263 "
강서구,3794. 안양천합수부(현대3차아파트),202208," 1,440 "," 1,611 "
강서구,3795. 공항신성빌딩 앞,202208, 594 , 625 
강서구,3796. 송정역 3번출구 앞,202208," 2,092 "," 2,086 "
강서구,3797. 마곡수명산파크7단지 710동 앞,202208, 591 , 629 
강서구,3798. 그랜드아이파크아파트 앞,202208," 5,174 "," 5,340 "
강서구,3799. 국립항공박물관,202208, 448 , 441 
강서구,3801. 이랜드글로벌R&D센터,202208," 1,523 "," 1,532 "
강서구,5052. 마곡역 7번출구,202208," 4,718 "," 4,901 "
강서구,5053. 신마곡벽산블루밍메트로오피스텔앞,202208," 1,924 "," 2,145 "
강서구,5055. 마곡역5번출구앞,202208," 1,486 "," 1,462 "
강서구,"5056. 마곡역4,5번출구",202208, 987 ," 1,024 "
강서구,5057. 마곡역4번출구,202208," 1,394 "," 1,391 "
강서구,5059. 화곡2동주민센터,202208," 1,178 "," 1,672 "
강서구,5061. 우장산동 가곡어린이공원앞,202208," 2,418 "," 2,435 "
강서구,5062. 마곡동 767-6,202208," 1,960 "," 1,956 "
강서구,5063. 서남환경공원(방화동도시개발2단지방향),202208," 1,388 "," 1,351 "
강서구,5064. 양천향교역8번출구,202208," 2,457 "," 2,450 "
강서구,5065. 허준박물관삼거리,202208," 1,388 "," 1,360 "
강서구,5066. 아망떼마곡전시장,202208," 1,523 "," 1,598 "
강서구,5067. 주원 리젠트 앞,202208, 855 , 891 
강서구,5070. 마곡13단지힐스테이트마스터 후문(1320동 앞),202208," 2,754 "," 2,793 "
강서구,5072. 김포공항입구 교통섬,202208, 496 , 410 
강서구,5073. 우장산역 헤링턴타워 앞,202208," 1,380 "," 1,230 "
강서구,"5074. 마곡엠밸리14단지 버스정류장(마곡엠밸리11,12단지상가방면)",202208," 2,938 "," 2,860 "
강서구,5075. 등촌역 1번출구,202208," 1,856 "," 1,839 "
강서구,5076. 메이필드호텔앞,202208, 856 , 755 
강서구,5078. 왈도강서캠퍼스 앞,202208," 1,340 "," 1,410 "
강서구,5080. 가양역 1번출구,202208," 2,524 "," 2,546 "
강서구,5082. 가양역 7번출구,202208," 3,403 "," 3,526 "
강서구,5084. 강서우체국,202208," 1,002 ", 928 
강서구,5086. 가양테크노타운,202208, 205 , 206 
강서구,5088. 등촌역 센터스퀘어,202208, 20 , 20 
강서구,5089. LG사이언스파크 E10동,202208, 30 , 13 
관악구,2102. 봉림교 교통섬,202208," 8,762 "," 9,029 "
관악구,2103. 신림동 우방아파트,202208," 1,631 "," 1,652 "
관악구,2104. 사당역 5번출구,202208," 1,580 "," 1,812 "
관악구,2105. 미성동 신림체육센터,202208," 1,560 "," 1,550 "
관악구,2106. 세이브마트,202208," 1,599 "," 2,332 "
관악구,2107. 도림천 신화교,202208," 1,617 "," 1,730 "
관악구,2108. 은천치안센터,202208," 1,747 "," 1,780 "
관악구,2109. 은천로입구 가로공원,202208," 3,108 "," 3,278 "
관악구,2111. 서울대입구역 1번출구,202208," 1,645 "," 1,629 "
관악구,2112. 서울대입구역 마에스트로,202208," 1,168 "," 1,172 "
관악구,2115. 관악구시설관리공단,202208," 1,935 "," 1,538 "
관악구,2116. 에이스에이존빌딩,202208," 1,080 "," 1,067 "
관악구,2119. 중앙동 동진빌딩,202208," 1,340 "," 1,350 "
관악구,2122. 낙성대로 입구,202208," 1,015 "," 1,012 "
관악구,2127. 난곡종점,202208, 670 , 380 
관악구,2128. 관악구청교차로,202208, 847 , 788 
관악구,2129. 낙성대 과학전시관,202208, 675 , 395 
관악구,2130. 영어마을 관악캠프,202208, 228 , 89 
관악구,2137. KT&G 관악지점,202208, 562 , 556 
관악구,2139. 서울신성초등학교,202208, 616 , 596 
관악구,2140. 신림1교 교차로,202208," 1,905 "," 2,176 "
관악구,2141. 미림여고입구 교차로,202208, 352 , 379 
관악구,2143. 서울산업정보학교,202208, 414 , 405 
관악구,2144. 난우길입구,202208, 785 , 778 
관악구,2145. 은천초등학교 육교,202208, 733 , 722 
관악구,2148. 낙성대역 3번출구 뒤,202208," 1,009 ", 990 
관악구,2156. 신림푸르지오아파트,202208," 1,082 "," 1,043 "
관악구,2159. 인헌초교,202208, 580 , 490 
관악구,2164. 관악우체국,202208," 2,331 "," 2,451 "
관악구,2165. JK장평타워,202208, 232 , 228 
관악구,2167. 낙성대역 1번출구,202208, 641 , 645 
관악구,2169. 봉천역 2번출구,202208," 1,810 "," 1,879 "
관악구,2170. 조원동 강남힐병원,202208," 1,494 "," 1,528 "
관악구,2171. 서울대입구역 5번출구,202208," 1,731 "," 1,726 "
관악구,2172. 나들목공원,202208, 761 , 659 
관악구,2173. 당곡사거리,202208," 4,260 "," 4,361 "
관악구,2174. 삼성디지털프라자관악점,202208, 910 , 905 
관악구,2175. 신림동걷고싶은문화의거리입구,202208," 1,997 "," 2,120 "
관악구,2176. 보라매공원 보도육교,202208," 2,245 "," 2,224 "
관악구,2177. 신대방역 2번 출구,202208," 7,323 "," 7,634 "
관악구,2178. 서울대학교 정문,202208, 641 , 471 
관악구,2179. 양녕로 입구,202208," 1,444 "," 1,431 "
관악구,2183. 동방1교,202208," 1,909 "," 1,926 "
관악구,2184. 구암초등학교 버스정류장,202208, 250 , 66 
관악구,2185. 대학동 고시촌,202208, 785 , 778 
관악구,2186. 낙성대입구삼거리,202208, 741 , 743 
관악구,2187. 현대시장사거리,202208," 1,124 "," 1,037 "
관악구,2189. 봉천역 4번출구,202208," 1,618 "," 1,649 "
관악구,2190.도원맨션,202208, 623 , 613 
관악구,2191.대학동주민센터 ,202208, 961 , 987 
관악구,2195.은천교회,202208," 1,149 "," 1,129 "
관악구,2196. 봉천역 3번출구,202208, 795 , 789 
관악구,2198.사랑의병원,202208, 969 , 985 
관악구,2199.신봉천주유소 A,202208, 164 , 159 
관악구,3306.서울신우초등학교,202208, 104 , 26 
관악구,3307.봉천고개 육교,202208, 491 , 49 
관악구,3310.영락고등학교,202208, 379 , 88 
관악구,3311.서울대입구역 4번 출구,202208, 987 , 982 
관악구,3802. 관악구민체육센터,202208, 722 , 706 
관악구,3803. 남서울중학교,202208," 1,272 "," 1,240 "
관악구,3804. 낙성대공원,202208, 458 , 356 
관악구,3806. 낙성대 교수아파트,202208, 416 , 149 
관악구,3807. 관악우체국 교차로,202208, 580 , 632 
관악구,3810. 신봉천주유소 B,202208, 312 , 316 
관악구,3811.신사로입구,202208," 1,986 "," 1,948 "
관악구,3812. KT관악지점,202208," 1,145 "," 1,106 "
관악구,3813. 낙성대역 5번출구,202208, 596 , 591 
관악구,3814. 난곡사거리 ,202208," 1,701 "," 1,735 "
관악구,3815. 광일빌딩,202208," 1,298 "," 1,394 "
관악구,3816. 관악 GSfresh,202208," 1,065 ", 847 
관악구,3818. 은천교회 앞,202208," 1,289 "," 1,291 "
광진구,3500. 군자역2번출구,202208," 2,862 "," 2,855 "
광진구,3501. 광진구청 앞,202208," 3,428 "," 3,443 "
광진구,3502. 중곡역 1번출구,202208," 1,291 "," 1,289 "
광진구,3503. 광진유진스웰,202208, 232 , 126 
광진구,3504. 원일교회,202208," 2,819 "," 2,761 "
광진구,3505. 신양초교앞 교차로,202208, 867 , 870 
광진구,3506. 영동대교 북단,202208," 1,978 "," 1,977 "
광진구,3507. 어린이회관,202208, 894 , 677 
광진구,3508. 화양사거리,202208, 716 , 687 
광진구,3509. 세종사이버대학교,202208," 3,154 "," 3,197 "
광진구,3510. 중곡SK아파트앞,202208, 688 , 669 
광진구,3516. 구의아리수정수센터앞,202208, 998 ," 1,000 "
광진구,3517. 용마사거리,202208," 1,956 "," 2,115 "
광진구,3518. 군자역 7번출구뒤,202208," 4,257 "," 4,324 "
광진구,3520. 광진경찰서,202208," 2,761 "," 2,802 "
광진구,3521. 현대홈타운 뒷길,202208, 376 , 375 
광진구,3523. 건국대학교 과학관(이과대) 앞,202208, 959 , 930 
광진구,3524. 세종대학교,202208, 162 , 162 
광진구,3528. 광진정보도서관,202208," 1,143 "," 1,546 "
광진구,3529. 어린이대공원정문,202208, 867 , 731 
광진구,3533. 건대입구역 사거리(롯데백화점),202208," 6,840 "," 6,997 "
광진구,3534. 건대입구역 5번출구 뒤,202208," 3,927 "," 3,929 "
광진구,3536. 중앙농협(자양동),202208," 2,573 "," 2,671 "
광진구,3537. 아차산 휴먼시아 아파트 옆,202208, 495 , 311 
광진구,3541. 커먼그라운드,202208," 3,970 "," 3,938 "
광진구,3542. 래미안 구의파크 스위트,202208," 2,810 "," 2,835 "
광진구,3543. 세종대학교(학술정보원),202208, 375 , 366 
광진구,3563.구의7단지현대아파트,202208, 203 , 204 
광진구,3564.나루마당,202208, 185 , 96 
광진구,3566.우성4차아파트,202208," 1,603 "," 1,608 "
광진구,3569.건대병원후문,202208," 4,477 "," 4,517 "
광진구,3570.구의역 리버비스타 오피스텔,202208," 3,504 "," 3,619 "
광진구,3571.화양 APT(횡단보도 옆),202208," 3,589 "," 3,592 "
광진구,3573.광나루안전체험관,202208," 1,759 "," 1,721 "
광진구,3575. 자양사거리(서원빌딩),202208," 4,265 "," 4,256 "
광진구,3578.중곡동 파크웨이빌딩,202208," 1,611 "," 1,583 "
광진구,3579.광진 캠퍼스시티,202208," 2,849 "," 2,838 "
광진구,3581.광진광장,202208," 2,216 "," 1,930 "
광진구,3582.화양동 우체국,202208," 2,396 "," 2,200 "
광진구,3586.군자역 비채온 오피스텔,202208," 1,810 "," 1,807 "
광진구,3587.우성식품 앞,202208," 1,451 "," 1,418 "
광진구,3588.세종대학교(영실관),202208, 549 , 543 
광진구,3853. 어린이대공원역 2번출구,202208, 696 , 631 
광진구,3860. 건국대학교 정문 앞,202208," 1,357 "," 1,313 "
광진구,3863. 동일로58길 입구,202208, 758 , 707 
광진구,3864. 광진소방서 앞,202208," 1,272 "," 1,234 "
광진구,3865. 이튼타워리버 2차,202208," 1,757 "," 1,753 "
광진구,3868. 자양한강도서관,202208," 1,895 "," 1,911 "
광진구,3873. 동서울우편집중국 앞,202208," 1,012 "," 1,008 "
광진구,3878. 장로회신학대학교 주기철 기념관,202208, 61 , 45 
광진구,3879. 중랑천 뚝방길 산책로 입구,202208," 1,457 "," 1,670 "
광진구,3880. 홍련봉 공원,202208, 654 , 540 
광진구,3881. 신자초교입구 교차로,202208," 3,149 "," 3,239 "
광진구,3882. 자양2동 주민센터,202208," 1,701 "," 1,790 "
광진구,3886.광진구 민방위교육센터,202208," 1,352 "," 1,391 "
광진구,500. 어린이대공원역 3번출구 앞,202208," 2,573 "," 2,562 "
광진구,501. 광진구의회 앞,202208," 2,105 "," 1,827 "
광진구,502. 뚝섬유원지역 1번출구 앞,202208," 13,104 "," 14,132 "
광진구,505. 자양사거리 광진아크로텔 앞,202208," 2,650 "," 2,616 "
광진구,515. 광양중학교 앞,202208, 856 , 866 
광진구,516. 광진메디칼 앞,202208," 1,690 "," 1,638 "
광진구,539. 군자교교차로,202208," 1,984 "," 1,964 "
광진구,540. 군자역 7번출구 베스트샵 앞,202208," 2,606 "," 2,633 "
광진구,542. 강변역 4번출구 뒤,202208," 1,823 "," 1,822 "
광진구,543. 구의공원(테크노마트 앞),202208," 2,102 "," 2,108 "
광진구,544. 광남중학교,202208," 1,143 "," 1,213 "
광진구,546. 잠실대교북단 교차로,202208," 1,993 "," 2,011 "
광진구,548. 자양나들목,202208," 2,510 "," 2,596 "
광진구,549. 아차산역 3번출구,202208," 2,884 "," 2,890 "
광진구,551. 구의삼성쉐르빌 앞,202208," 3,072 "," 3,103 "
광진구,552. 대림아크로리버 앞,202208, 970 , 965 
광진구,553. 중곡 성원아파트 앞,202208," 1,081 "," 1,094 "
광진구,555. 구의3동주민센터,202208, 647 , 642 
광진구,571. 세종대학교 대양AI센터,202208, 858 , 781 
광진구,572. 국립정신 건강센터 앞,202208, 434 , 177 
광진구,573. 구의문주차장 앞,202208," 2,063 "," 2,054 "
광진구,574. 아차산역4번출구,202208," 3,087 "," 1,537 "
광진구,575. 대원중고교 입구(대하빌딩),202208, 453 , 434 
광진구,576. 광나루역 3번 출구,202208," 2,251 "," 2,254 "
광진구,577. 광진청소년수련관,202208," 1,842 "," 1,881 "
광진구,584. 광진광장 교통섬,202208," 2,845 "," 2,194 "
광진구,588. 뚝섬 유원지역,202208," 2,575 "," 2,592 "
광진구,590. 건국대학교 (입학정보관),202208," 1,485 "," 1,485 "
광진구,591. 건국대학교 (행정관),202208, 478 , 480 
광진구,592. 건국대학교 학생회관,202208," 2,577 "," 2,629 "
광진구,593.자양중앙나들목,202208," 1,880 "," 2,001 "
구로구,1901. 신도림동주민센터 앞,202208," 2,052 "," 2,073 "
구로구,1904. 도림천역 1번 출구 앞,202208," 2,667 "," 2,621 "
구로구,1906. 신도림역 1번 출구 앞,202208," 5,517 "," 5,447 "
구로구,1907. 구일우성(아) 육교 밑,202208," 1,387 "," 1,448 "
구로구,1908. 해원리바파크 육교 밑,202208," 1,765 "," 1,823 "
구로구,1910. 낙원교회 맞은편,202208, 506 , 395 
구로구,1911. 구로디지털단지역 앞,202208," 7,019 "," 7,055 "
구로구,1912. 한신휴아파트 앞,202208," 2,262 "," 2,178 "
구로구,1913. 구로리공원,202208," 1,266 "," 1,381 "
구로구,1914. 대림역4번출구,202208," 2,828 "," 2,778 "
구로구,1916. 구로중학교앞,202208, 800 , 799 
구로구,1920. 서울미래초등학교 사거리,202208," 1,753 "," 1,492 "
구로구,1924. 삼부르네상스파크빌,202208," 1,204 ", 662 
구로구,1925. 동양미래대학교 정문 옆,202208," 3,832 "," 3,769 "
구로구,1928. 고척스카이돔구장 광장,202208," 1,001 ", 866 
구로구,1929. 고척근린공원 고척도서관 앞,202208," 1,161 ", 812 
구로구,1930. 개봉지구대 개봉치안센터,202208," 1,082 "," 1,057 "
구로구,1931. 개봉역2번출구 A,202208," 1,353 "," 1,689 "
구로구,1933. 개봉푸르지오아파트 상가,202208," 1,505 "," 1,976 "
구로구,1936. 개봉역 1번 출구 자전거보관서쪽,202208, 669 , 861 
구로구,1937. 한진아파트 입구,202208," 1,061 "," 1,060 "
구로구,1941. 오류동역 2번출구,202208," 1,061 "," 1,312 "
구로구,1943. 온수역 북측,202208, 443 , 402 
구로구,1946. 구로역 광장,202208," 2,618 "," 2,649 "
구로구,1951. 천왕이펜하우스 4단지 후문,202208, 222 , 159 
구로구,1952. 천왕연지타운2단지 앞,202208," 1,229 "," 1,700 "
구로구,1953. 천왕역 4번출구 뒤,202208," 1,383 ", 943 
구로구,1955. 디지털입구 교차로,202208," 3,634 "," 3,633 "
구로구,1956. 동아1차APT105동 버스정류장(신도림중학교 방면),202208," 1,772 "," 1,811 "
구로구,1957. 구일고등학교 정문 ,202208," 1,528 "," 1,762 "
구로구,1958. 강서수도사업소민원센터,202208," 1,885 "," 1,940 "
구로구,1959. 구로구의회 앞,202208," 1,714 "," 1,835 "
구로구,1960. 구로거리공원 동측(신도림역 방면),202208," 1,183 "," 1,111 "
구로구,1961. 신도림테크노근린공원,202208," 4,071 "," 4,187 "
구로구,1962. 가리봉동주민센터,202208," 1,535 "," 1,450 "
구로구,1964. 원메디타운 앞,202208," 1,446 "," 1,516 "
구로구,1965. 삼환로즈빌아파트 105동 옆,202208, 931 , 824 
구로구,1966. 한마을아파트 정문상가,202208," 1,363 "," 1,390 "
구로구,1967. 참새공원(백곡경노당),202208, 444 , 485 
구로구,1968. 동인오피스텔 건너편 소공원,202208, 434 , 450 
구로구,1969. 궁동생태공원,202208, 223 , 239 
구로구,1971. 오정초교 앞 보도육교,202208, 360 , 300 
구로구,1973. 오리로와 서해안도로 교차로 앞,202208, 504 , 380 
구로구,1974. 신도림2차e편한세상아파트 203동 앞,202208," 1,699 "," 1,456 "
구로구,1975. 대림역 1번 출입구 밑,202208," 1,729 "," 1,728 "
구로구,1976. 남구로역 5번 출입구 앞,202208, 590 , 403 
구로구,1977. 천왕역 1번 출입구 앞,202208," 2,357 "," 1,961 "
구로구,1979. 구로1동우체국 앞,202208, 304 , 317 
구로구,1981. 천왕이펜하우스5단지 앞,202208, 888 ," 1,164 "
구로구,1983. 구로동롯데아파트,202208," 1,205 "," 1,079 "
구로구,1984. 구로구청,202208," 1,626 "," 1,710 "
구로구,1985. 구로도서관,202208," 3,864 "," 3,407 "
구로구,1986. 태평양물산빌딩,202208," 2,943 "," 3,130 "
구로구,1987. 개봉아이파크아파트 앞,202208," 1,019 "," 1,177 "
구로구,1988. 고척LIGA아파트 앞,202208," 2,151 "," 2,208 "
구로구,1991. 오류동역 맞은편,202208," 1,458 "," 1,715 "
구로구,1992. 구로구배드민턴실내체육관 앞,202208, 356 , 414 
구로구,1993. 금강수목원아파트 앞,202208, 670 , 684 
구로구,1994. 삼성전자 물류센터 앞,202208," 1,304 "," 1,327 "
구로구,1996. 구일역 1번 출입구 앞,202208," 2,312 "," 2,298 "
구로구,1998. 고척교 교차로,202208, 719 , 530 
구로구,1999. 수궁동 성당 주변,202208, 642 , 681 
구로구,2000. 신도림4차 e편한세상 아파트 1109동 앞,202208," 1,946 "," 1,599 "
구로구,2801. 대륭포스트타워1차,202208," 2,161 "," 2,185 "
구로구,2804.항동지구 6단지 602동 앞,202208, 243 , 333 
구로구,2805.구로자원순환센터 ,202208, 118 , 124 
구로구,2806.항동지구 4단지 입구,202208, 117 , 81 
구로구,2807.항동지구 1단지 105동 앞,202208, 201 , 239 
구로구,2808.항동지구 2단지 202동 앞,202208, 219 , 213 
구로구,2809.항동지구 11단지 1103동 앞,202208, 199 , 238 
구로구,2810.항동지구 3단지 311동 앞,202208, 154 , 193 
구로구,2812.항동프라자,202208, 447 , 516 
구로구,2813.항동지구 3단지 302동 앞,202208, 72 , 59 
구로구,2814.항동지구 10단지 1001동 앞,202208, 257 , 253 
구로구,2815.항동지구 7단지 정문,202208, 496 , 434 
구로구,2816.항동지구 8단지 803동옆(주차장입구),202208, 117 , 104 
구로구,2817.천왕이펜하우스5단지 앞,202208, 304 , 194 
구로구,2818.천왕이펜하우스3단지 앞,202208, 346 , 127 
구로구,2819.하늘숲초등학교 앞,202208, 774 ," 1,127 "
구로구,2820.신세기아파트 앞,202208, 742 , 786 
구로구,2821.청구아파트 앞,202208," 1,198 "," 1,232 "
구로구,2822.제니스스포츠 앞,202208, 469 , 492 
구로구,2823.중앙유통단지 앞,202208," 1,004 ", 993 
구로구,2824.미래사랑어린이공원 앞,202208," 3,338 "," 3,274 "
구로구,2825.초롱타운 앞,202208, 376 , 391 
구로구,2826.가마산지하보도 옆,202208, 603 , 657 
구로구,3902. 항동지구5단지 501동 앞,202208, 230 , 289 
구로구,3903. 현대아파트 앞,202208, 455 , 500 
구로구,3904. 테크노마트 앞,202208," 3,077 "," 3,083 "
구로구,3905. 희훈타워빌 앞,202208," 2,019 "," 2,047 "
구로구,3906. 천왕차량사업소 입구,202208, 735 , 954 
구로구,3907. 신도림7차e편한세상아파트 806동 앞,202208," 1,747 "," 1,647 "
구로구,3908. 오류동 다숲오피스텔 앞,202208, 735 , 976 
구로구,3910. 목양전원교회 앞 로터리,202208, 251 , 278 
구로구,3911. 항동하버리안2단지아파트 후문,202208, 187 , 268 
구로구,3912. 삼호아파트 앞,202208, 459 , 431 
구로구,3914. 신도림쌍용플래티넘노블아파트 앞,202208," 2,016 "," 1,934 "
구로구,3915. 동선아파트 앞,202208, 175 , 169 
구로구,3917. 성공회대학교,202208, 528 , 258 
구로구,3918. 이좋은집오피스텔 앞,202208, 743 , 834 
구로구,3919. 구로역·NC신구로점 버스정류장(구로역 방면),202208," 1,630 "," 1,528 "
구로구,3920. 개봉역2번출구 B,202208, 292 , 293 
구로구,3922. 서울남부교정시설 앞,202208, 212 , 241 
구로구,3923. 구로공구상가 앞,202208, 494 , 456 
구로구,3924. 오류동 계림웨스트밸리 앞,202208, 128 , 112 
구로구,3925. 중앙유통단지 앞 B,202208, 63 , 48 
금천구,1804. 독산역 2번출구 자전거주차장,202208," 1,594 "," 1,577 "
금천구,1805. 서울디지털운동장 앞,202208, 916 , 913 
금천구,1806. 에이스하이엔드타워9차 앞,202208," 1,009 "," 1,004 "
금천구,1808. 에이스하이엔드타워8차 앞,202208," 1,242 "," 1,230 "
금천구,1809. LG전자 별관동(호서대 벤처타워 맞은편),202208, 700 , 689 
금천구,1812. 갑을그레이트밸리 앞,202208, 797 , 779 
금천구,1814. 두산위브아파트 옆 상가건물 앞,202208," 1,261 "," 1,289 "
금천구,1816. 금천폭포공원 앞,202208, 185 , 136 
금천구,1819. 금천구청 앞 자전거거치대,202208, 384 , 374 
금천구,1820. 신한은행 시흥대로금융센터지점,202208, 291 , 347 
금천구,1821. 홈플러스 시흥점 맞은편 다비치안경 앞,202208, 917 ," 1,012 "
금천구,1822. 서울 시흥동우체국 앞,202208, 712 , 788 
금천구,1823. 상신정비공업 앞,202208, 312 , 158 
금천구,1824. 독산근린공원 입구,202208," 1,597 "," 1,610 "
금천구,1825. 한신아파트 앞 육교 아래,202208, 652 , 668 
금천구,1826. 한신코아 앞,202208, 416 , 476 
금천구,1827. 독산보도육교 앞 자전거 보관소,202208," 1,968 "," 2,074 "
금천구,1828. 한양수자인아파트 앞,202208, 811 , 444 
금천구,1829. 홈플러스 금천점 앞,202208, 899 ," 1,010 "
금천구,1830. 빅마켓 금천점 앞,202208," 1,812 "," 1,926 "
금천구,1831. 메이퀸웨딩컨벤션 앞,202208, 591 , 613 
금천구,1833. 독산역 1번출구 앞 자전거보관소,202208," 1,068 "," 1,059 "
금천구,1834. 월드메르디앙 벤처센터 2차,202208," 1,070 "," 1,057 "
금천구,1835. STX V타워,202208, 571 , 561 
금천구,1836. 금천구립 독산도서관,202208, 251 , 123 
금천구,1839. 수출의 다리 아래,202208, 823 , 819 
금천구,1840. 솔브레인이엔지 뒤편,202208," 1,081 "," 1,088 "
금천구,1841. 가산동 주민센터,202208," 1,948 "," 1,954 "
금천구,1842. 한울중학교,202208, 214 , 96 
금천구,1843. 독산고등학교,202208, 522 , 446 
금천구,1845. 롯데캐슬골드파크1차 서문,202208, 632 , 620 
금천구,1846. 롯데캐슬골드파크1차 동문,202208," 1,178 "," 1,150 "
금천구,1847. 독산주공 14단지 버스정류소,202208, 167 , 185 
금천구,1848. 벽산 디지털밸리 5차,202208," 1,578 "," 1,645 "
금천구,1849. 대륭포스트타워5차,202208, 538 , 531 
금천구,1850. 코오롱테크노밸리,202208, 315 , 309 
금천구,1851. 가산디지털단지 7번출구,202208," 2,881 "," 2,812 "
금천구,1852. 혜명양로원 담장 옆,202208, 222 , 175 
금천구,1853. 서울디자인직업전문학교 앞,202208, 436 , 409 
금천구,1854. 가산아네스트 오피스텔 앞,202208, 797 , 386 
금천구,1855. 성지아파트 옆 도로변,202208, 183 , 285 
금천구,1856. 모두의학교,202208, 948 , 940 
금천구,1857. 주공14단지,202208, 315 , 339 
금천구,1858. 500번·507번 버스 종점 앞,202208, 324 , 334 
금천구,1859. 대륭테크노타운 18차,202208, 712 , 713 
금천구,1861.IBK기업은행 석수역 지점 앞,202208, 198 , 185 
금천구,1862.스타즈호텔독산 빌딩 앞,202208, 969 , 949 
금천구,1863.위너스 스포츠클럽 골프연습장옆,202208, 463 , 402 
금천구,1864.산호시티빌 옆,202208, 233 , 191 
금천구,1865.금천구청앞(M빌딩),202208, 295 , 290 
금천구,1866.서울안천초등학교 옆,202208, 212 , 217 
금천구,1867.대륭포스트타워6차 앞,202208," 4,209 "," 4,417 "
금천구,1868.우리은행 시흥남자동화점 앞,202208, 371 , 321 
금천구,1869.롯데캐슬골드파크3차 301동 앞,202208," 1,040 "," 1,027 "
금천구,1870.독산3동주민센터 앞,202208, 691 , 425 
금천구,3956. 대륭테크노타운21차 앞,202208, 785 , 791 
금천구,3958. 롯데캐슬2차 마을버스 정류장(18804) 뒤편,202208, 500 , 570 
금천구,3959. 시흥사거리(시흥동 994-3 앞),202208, 884 ," 1,100 "
금천구,3963. 에이스 하드웨어(시흥대로 396) 앞,202208, 782 , 884 
금천구,3966. 독산역1번출구 옆,202208," 2,382 "," 2,525 "
금천구,3967. 혜명양로원 담장 옆(2),202208, 194 , 152 
금천구,3968. 독산동 현대홈타운 금천과선교 앞,202208, 447 , 439 
금천구,3969. 독산역 롯데캐슬 104동 앞,202208, 548 , 571 
금천구,3970. 시흥4동주민센터 앞,202208, 267 , 266 
금천구,3971. 순흥안씨묘 건너편,202208, 54 , 64 
금천구,3972. 산기슭공원 앞,202208, 154 , 123 
금천구,3973. 독산2동주민센터 앞,202208, 187 , 176 
금천구,3974.  안천중학교,202208, 371 , 430 
금천구,3975.현대시티아울렛 가산,202208," 1,330 "," 1,332 "
금천구,3977. 말미사거리,202208, 782 , 781 
금천구,3980. 금천현대홈타운 후문 서부샛길,202208, 661 , 671 
금천구,3983. 금천구청역 1번 출구,202208, 868 ," 1,140 "
금천구,3984. 가산롯데아이티캐슬,202208, 874 , 863 
금천구,3985. 디폴리스 지식산업센터,202208, 803 , 801 
노원구,1601. 석계역 문화광장 내 자전거 보관소,202208," 4,347 "," 4,591 "
노원구,1602. 광운대역 앞,202208," 1,915 "," 2,124 "
노원구,1605. 헬스케어,202208," 1,608 "," 1,690 "
노원구,1606. 태릉입구역 3번출구 ,202208," 1,320 "," 1,332 "
노원구,1608. 공릉역 1번 출구 앞,202208," 3,418 "," 3,542 "
노원구,1610. 화랑대역 2번출구 앞,202208," 2,860 "," 3,001 "
노원구,1611. 과기대 입구(우),202208," 2,723 "," 2,657 "
노원구,1616. 하계2동 공항버스정류장 옆,202208," 2,221 "," 2,356 "
노원구,1617. 하계동 중평어린이공원 앞,202208," 2,708 "," 2,905 "
노원구,1619. 중계동 하나프라자빌딩 앞(중1-1),202208," 2,154 "," 2,133 "
노원구,1620. 중계동 노원구민체육센터 옆(중1-2),202208," 1,345 "," 1,326 "
노원구,1625. 상계역(4번출구),202208," 4,095 "," 4,093 "
노원구,1627. 수락산역 4번출구,202208," 1,321 "," 1,279 "
노원구,1628. 노일초등학교 앞,202208, 840 , 860 
노원구,1630. 수연빌딩 앞,202208," 1,378 "," 1,365 "
노원구,1634. 당고개공원 대여소,202208, 566 , 563 
노원구,1635. 상계3.4동 주민센터 대여소,202208, 435 , 323 
노원구,1636. 상계주공2단지 버스정류장 옆,202208," 2,433 "," 2,439 "
노원구,1637. KT 전화국 버스정류장 옆,202208," 4,799 "," 5,112 "
노원구,1639. 희성오피앙,202208," 1,442 "," 1,514 "
노원구,1640. 한내근린공원 북측,202208," 1,620 "," 1,770 "
노원구,1641. 한내근린공원 남측,202208, 906 ," 1,045 "
노원구,1642. 서울여대 남문,202208, 936 , 687 
노원구,1643. 태릉입구역 8번출구,202208," 2,322 "," 2,350 "
노원구,1646. 삼육대 입구,202208, 566 , 531 
노원구,1650. 중계근린공원내,202208," 3,585 "," 3,684 "
노원구,1651. 상계동 우방유쉘아파트 앞,202208," 1,266 "," 1,237 "
노원구,1652. 파르코 앞,202208, 471 , 463 
노원구,1653. 노원역1번출구,202208," 4,969 "," 5,216 "
노원구,1654. 당고개입구 오거리,202208, 903 , 839 
노원구,1655. 공릉1단지아파트,202208," 2,525 "," 2,566 "
노원구,1656. 중앙하이츠 아파트 입구,202208," 2,098 "," 2,031 "
노원구,1657. 노원구청 ,202208," 1,688 "," 1,765 "
노원구,1659. 중계동 을지중학교,202208, 928 , 823 
노원구,1660. 서울시립과학관,202208, 510 , 421 
노원구,1661. 당현천근린공원,202208," 1,990 "," 1,928 "
노원구,1662. 노원역7번출구,202208," 2,696 "," 2,701 "
노원구,1663. 동해문화예술관앞,202208," 2,400 "," 2,373 "
노원구,1664. 노해근린공원내,202208, 493 , 491 
노원구,1665. 양지근린공원앞,202208," 1,176 ", 998 
노원구,1666. 노원소방서인근,202208," 1,145 ", 993 
노원구,1667. 중계중학교,202208," 1,714 "," 1,675 "
노원구,1668. 중계역 6번출구,202208," 1,914 "," 1,962 "
노원구,1669. 중계역 3번출구,202208," 2,125 "," 2,094 "
노원구,1670. 노원경찰서교차로,202208," 1,541 "," 1,477 "
노원구,1671. 인덕대학교,202208, 643 , 838 
노원구,1672. 상계동수락리버시티,202208, 831 , 881 
노원구,1674. 서울북부고용센터앞,202208," 3,477 "," 3,597 "
노원구,1675. 월계문화체육센터,202208, 278 , 216 
노원구,1677. 육군사관학교  앞,202208," 1,630 "," 1,730 "
노원구,1678. 성서대학교 밀알관,202208, 350 , 298 
노원구,1679. 삼육대 도서관,202208, 245 , 194 
노원구,1680. 삼육대 제3과학관,202208, 43 , 32 
노원구,1681. 현대6차 아파트,202208," 1,342 "," 1,088 "
노원구,1682. 중계종합사회복지관 교차로,202208," 1,219 "," 1,220 "
노원구,1683. 노원문화예술회관,202208," 1,702 "," 1,677 "
노원구,1684. 태릉입구역 5번출구,202208," 3,735 "," 3,715 "
노원구,1685. 불암고등학교 앞 횡단보도,202208," 1,359 "," 1,307 "
노원구,1686. 상계주공10단지 종합상가 앞,202208," 2,484 "," 2,487 "
노원구,1688. 마들역 7번출구,202208," 2,592 "," 2,570 "
노원구,1689. 마들역 3번출구,202208," 2,062 "," 2,127 "
노원구,1690. 도봉운전면허시험장 버스정류장 옆,202208," 1,692 "," 1,682 "
노원구,1691. 노원정보도서관,202208," 1,638 "," 1,637 "
노원구,1692. 온곡초교 교차로,202208," 2,970 "," 1,735 "
노원구,1693. 원자력 병원,202208, 504 , 269 
노원구,1696.수락리버시티4단지,202208, 754 , 808 
노원구,1697.상계주공2단지 219동,202208," 1,485 "," 1,485 "
노원구,2901.공릉동풍림아파트 101동,202208," 1,422 "," 1,543 "
노원구,2902.공릉풍림아파트 108동,202208," 1,026 "," 1,143 "
노원구,2903.월계초안아파트 1단지,202208, 728 , 737 
노원구,2904.중계3차청구아파트,202208," 1,338 "," 1,333 "
노원구,2907. 월계중학교,202208, 477 , 132 
노원구,2908. 광운대학교 중앙도서관,202208," 1,670 "," 1,615 "
노원구,2909. 석계역 3번 출구,202208," 1,779 "," 1,790 "
노원구,2910.도깨비시장,202208," 2,258 "," 2,352 "
노원구,2911.상계역중앙시장,202208," 1,380 "," 1,358 "
노원구,2912.대진고등학교,202208," 2,095 "," 1,930 "
노원구,2913.상계8동 주민센터,202208," 2,151 "," 2,532 "
노원구,2914.서울과학기술대학교(미래관),202208, 576 , 569 
노원구,2915.서울과학기술대학교(어학교육원),202208," 2,419 "," 1,858 "
노원구,2917.신창중학교 후문 맞은편 버스정류장,202208," 1,029 "," 1,227 "
노원구,2919.등나무 근린공원(시립북서울미술관 앞) ,202208," 3,907 "," 4,018 "
노원구,2920.상계중학교(당현2교사거리),202208, 932 , 892 
노원구,2921.중계역 2번출구,202208," 3,170 "," 3,329 "
노원구,4002. 상계주공 14단지 상가 앞,202208, 950 ," 1,050 "
노원구,4003. 상계초교 입구 교차로 명주빌딩 앞,202208," 1,954 "," 1,946 "
노원구,4004. 당고개입구오거리 당현천변,202208," 1,511 "," 1,495 "
노원구,4005. 중계2차 한화꿈에그린 101동 인근,202208," 1,169 "," 1,133 "
노원구,4007. 노원 을지대학교 병원,202208," 2,224 "," 2,437 "
노원구,4008. 하계 어린이 공원,202208," 1,996 "," 2,056 "
노원구,4009. 월계프라자,202208, 809 , 373 
노원구,4011. 월계 센트럴 아이파크,202208," 1,075 "," 1,456 "
노원구,4013. 중계 롯데마트,202208," 1,906 "," 1,854 "
노원구,4014. 당고개역 3번 출구,202208," 1,352 "," 1,352 "
노원구,4016. 노원 마들스타디움,202208," 1,087 "," 1,091 "
노원구,4017. 월계 청백1단지 아파트 정류장,202208, 534 , 227 
노원구,4018. 상계주공15단지 버스정류소,202208," 1,666 "," 1,668 "
노원구,4019. 상계주공10단지 버스정류소,202208," 1,282 "," 1,289 "
노원구,4020. 중계동 성모빌딩 앞 ,202208," 1,701 "," 1,680 "
노원구,4021. 중계본동 입구,202208, 209 , 95 
노원구,4023. 월계역 1번 출구,202208, 957 ," 1,165 "
노원구,4024. 꿈의숲 SK뷰 아파트,202208," 1,408 "," 1,472 "
노원구,4025. 한천교 동편,202208," 1,215 "," 1,380 "
노원구,4026. 상계주공1단지아파트,202208," 1,781 "," 1,799 "
노원구,4027. 한내 행복발전소 옆,202208," 3,398 "," 3,495 "
노원구,4028. 한일유앤아이아파트 105동 인근,202208," 1,381 "," 1,218 "
노원구,4029. 청소년수련관 후문,202208," 3,710 "," 3,911 "
노원구,4031. 청암예술학교 앞,202208," 1,452 "," 1,334 "
노원구,4032. 은행사거리 성모빌딩 앞,202208," 1,314 "," 1,286 "
노원구,4033. 녹천역 4번 출구 옆,202208, 616 , 738 
노원구,4034. 상계근린공원 운동장 앞,202208," 1,197 "," 1,419 "
노원구,4035. 휴플러스 수락한신아파트 101동 앞,202208, 701 , 675 
노원구,4036. 하계역 6번출구,202208," 1,885 "," 2,073 "
노원구,4037. 물넘이교,202208," 2,511 "," 2,417 "
노원구,4039. 서울시 북부여성발전센터,202208, 990 , 966 
노원구,4040. 공릉로 26길,202208, 363 , 348 
노원구,4041. 공릉역3번출구,202208," 2,113 "," 2,181 "
노원구,4042. 상계문화정보도서관,202208," 1,167 "," 1,187 "
노원구,4043. 상계주공13단지 1301동,202208, 381 , 310 
노원구,4044. 공릉산 백세문 입구,202208, 189 , 170 
노원구,4045. 은하수 공원,202208, 474 , 578 
노원구,4046. 경춘선 숲길,202208," 3,387 "," 3,709 "
노원구,4048. 신도1차아파트앞,202208, 683 , 809 
노원구,5301. 상계주공1단지 버스정류장 옆(대원빌딩 앞),202208," 2,392 "," 2,420 "
노원구,5305. 대륜E&S 서울지사 앞,202208, 494 , 509 
노원구,5306. 동신아파트 후문 옆,202208," 3,109 "," 3,263 "
노원구,5308. 상계신동아아파트,202208, 150 , 89 
노원구,5309. 월계 롯데캐슬아파트 뒤,202208, 437 , 483 
노원구,5310. 목련아파트,202208, 647 , 520 
노원구,5311. 주공601동 상가 노원지하보도 앞,202208," 1,102 "," 1,105 "
노원구,5313. 중계주공2단지 앞,202208, 16 , 13 
도봉구,1702. 녹천역 1번출구 앞,202208, 676 , 739 
도봉구,1703. 도봉산광역환승센터앞 ,202208, 282 , 285 
도봉구,1705. 도봉구청 정문앞,202208," 1,595 "," 1,666 "
도봉구,1706. 방학동우체국 건너편,202208, 763 , 755 
도봉구,1707. 도봉구민회관,202208," 1,495 "," 1,486 "
도봉구,1708. 도봉보건소사거리,202208," 1,793 "," 1,822 "
도봉구,1709. 쌍문역4번출구 주변,202208," 1,078 ", 913 
도봉구,1713. 쌍문동 이안아파트 앞,202208, 509 , 168 
도봉구,1714. 도봉문화정보도서관 삼거리,202208, 358 , 99 
도봉구,1715. 서울특별시교육청도봉도서관,202208," 1,234 "," 1,211 "
도봉구,1716. 창동역 1번출구 건너편,202208," 1,013 "," 1,017 "
도봉구,1717. 시립창동운동장 입구,202208, 438 , 327 
도봉구,1719. 신도봉사거리 버스정류장,202208, 927 , 987 
도봉구,1720. 도봉구청 옆(중랑천변),202208," 1,830 "," 1,826 "
도봉구,1721. 창동역 2번출구 ,202208," 3,882 "," 4,375 "
도봉구,1722. 창동청소년수련관,202208," 1,109 "," 1,015 "
도봉구,1723. 방학동학마을도서관,202208, 609 , 607 
도봉구,1725. 창1동주민센터,202208, 699 , 767 
도봉구,1726. 삼익세라믹아파트교차로,202208," 1,175 "," 1,142 "
도봉구,1727. 서울도봉초등학교인근,202208, 643 , 623 
도봉구,1728. 서울북부지방법원,202208, 317 , 292 
도봉구,1729. 도봉한신아파트 버스정류장,202208," 1,282 "," 1,308 "
도봉구,1730. 도봉산역 교차로 앞,202208, 252 , 251 
도봉구,1731. 도봉고등학교 맞은편,202208, 251 , 179 
도봉구,1732. 방학역사거리,202208, 709 , 752 
도봉구,1733. 방학사거리 (봄마당 앞),202208, 991 , 992 
도봉구,1734. 쌍문현대1차아파트 108동 앞,202208, 985 , 841 
도봉구,"1735. 도봉역 1,2번 출구사이 건너편",202208, 979 , 999 
도봉구,1736. 버스정류장 앞,202208, 567 , 408 
도봉구,1737. 신창시장,202208," 1,680 "," 1,960 "
도봉구,1738. 창동주공17단지 상가앞,202208," 2,316 "," 2,556 "
도봉구,1741. 제일강산수산입구,202208," 1,336 "," 1,180 "
도봉구,1742. 북한산 코오롱 하늘채,202208," 1,718 "," 1,771 "
도봉구,1743.창동19단지아파트 관리사무소앞,202208," 1,355 "," 1,376 "
도봉구,1744.도봉소방서 옆,202208," 2,006 "," 2,006 "
도봉구,1746. 방학남부역 버스정류장,202208, 986 , 972 
도봉구,1748. 방학역 1번출구,202208," 1,087 "," 1,127 "
도봉구,1749. ESA아파트 상가 앞,202208," 1,350 "," 1,367 "
도봉구,1750. 창포원 남쪽 입구,202208, 823 , 886 
도봉구,1751. 창원초등학교 교차로,202208, 720 , 684 
도봉구,1752. 창동 주공 4단지 입구 옆,202208, 901 , 992 
도봉구,1754. 창동시장입구 사거리,202208, 909 , 900 
도봉구,1756.서울북부광역등기국,202208, 302 , 278 
도봉구,1757.솔밭공원역 1번출구 앞,202208, 451 , 403 
도봉구,1758.솔밭공원역 1번출구 주변,202208, 705 , 640 
도봉구,1759.서울북부지방법원 앞,202208, 617 , 610 
도봉구,1761.방학중학교 앞,202208, 485 , 454 
도봉구,1762.북한산 한신휴플러스APT앞,202208," 2,099 "," 2,005 "
도봉구,1765.쌍문역 1번출구 주변,202208," 1,160 "," 1,138 "
도봉구,1767.방학초등학교 앞,202208," 1,792 "," 2,203 "
도봉구,1768.신동아타워 버스정류소,202208, 670 , 695 
도봉구,1770.도봉한신아파트 주변,202208, 875 , 883 
도봉구,1771.성원APT버스정류소,202208, 778 , 651 
도봉구,1772.시립도봉노인복지관 버스정류소,202208, 772 , 708 
도봉구,1774.정의여중고 버스정류소,202208, 529 , 536 
도봉구,1775.신원리베르텔 앞,202208, 836 , 818 
도봉구,4054. 창동한신아파트 버스정류소,202208, 773 , 636 
도봉구,4058. 다락원체육공원 전망대 입구,202208, 617 , 643 
도봉구,4062. 평화도봉공원 주변,202208," 1,104 "," 1,116 "
도봉구,4064. 신창아파트 입구 앞,202208, 390 , 387 
도봉구,4065. 창동역 1번출구 앞,202208," 3,038 "," 3,075 "
도봉구,4073.방아골종합사회복지관,202208, 743 , 682 
도봉구,4074. 도봉구육아종합지원센터(창동),202208, 935 ," 1,234 "
도봉구,4076. 도봉통합복지센터 뒤 중랑천 변,202208," 2,765 "," 3,030 "
도봉구,4077. 도봉제1교,202208," 1,926 "," 2,078 "
도봉구,4078. 원당공원 앞,202208," 1,188 "," 1,211 "
도봉구,4080. 창동주공19단지앞 ,202208," 1,744 "," 1,742 "
도봉구,4083.도봉아이나라도서관 앞,202208, 941 , 953 
도봉구,4084. 도봉동실내스포츠센터,202208, 647 , 617 
도봉구,4086. 도봉로 534,202208, 312 , 265 
도봉구,4087. 우이교 교차로,202208," 1,435 "," 1,432 "
도봉구,4088. 김근태도서관,202208, 270 , 179 
도봉구,4089. 동부센트레빌 앞,202208, 394 , 451 
동대문구,4102. 휘경1동주민센터 앞,202208," 1,196 "," 1,277 "
동대문구,4103. 휘경sk뷰아파트 앞,202208, 721 , 717 
동대문구,4104. 외대앞역 교차로,202208," 1,103 "," 1,245 "
동대문구,4105. 서울교통공사사거리 교통섬,202208," 1,101 "," 1,101 "
동대문구,4107. 장안동근린공원 입구,202208, 855 , 890 
동대문구,4108. 답십리파크자이아파트 앞,202208," 2,389 "," 2,484 "
동대문구,4110. 용두롯데캐슬리치아파트 앞,202208," 1,010 ", 870 
동대문구,4113. 한국국방연구원 앞,202208," 1,224 "," 1,420 "
동대문구,4114. 휘경여중고삼거리,202208," 1,578 "," 1,881 "
동대문구,4116. 이문e편한세상아파트 앞,202208, 550 , 713 
동대문구,4117. 휘경119안전센터 앞,202208," 1,313 "," 1,223 "
동대문구,4121. 서울문화재단 앞,202208," 1,887 "," 2,238 "
동대문구,4122. 청계9가교차로 앞,202208," 3,170 "," 3,529 "
동대문구,4123. 배봉초교 교차로,202208," 1,025 "," 1,008 "
동대문구,4125. 회기역 2-①번출구,202208," 2,088 "," 2,092 "
동대문구,600. 휘경2동 주민센터,202208, 441 , 390 
동대문구,601. 용신동주민센터,202208, 975 , 995 
동대문구,602. 장안동 사거리,202208," 4,147 "," 4,493 "
동대문구,604. 답십리초등학교 옆 공원,202208," 1,012 "," 1,171 "
동대문구,605. 신설동역8번출구,202208," 1,682 "," 1,857 "
동대문구,606. 휘경공고앞,202208, 519 , 559 
동대문구,607. 신이문역 2번출구,202208, 701 , 858 
동대문구,608. 전농삼성아파트,202208, 335 , 301 
동대문구,609. 제기2교,202208," 1,790 "," 1,924 "
동대문구,610. 동대문중 교차로,202208," 1,104 "," 1,100 "
동대문구,612. 시립동부병원 앞 사거리,202208, 657 , 680 
동대문구,613. 신설동역 10번출구 앞,202208," 2,510 "," 2,604 "
동대문구,614. 용두동 사거리,202208," 3,180 "," 3,163 "
동대문구,615. 용두동 래미안허브리츠아파트 앞,202208," 1,730 "," 1,717 "
동대문구,616. 서울시립대 앞,202208, 229 , 120 
동대문구,617. 청솔우성아파트 앞,202208," 1,178 "," 1,404 "
동대문구,621. 동대문중학교 옆,202208, 385 , 361 
동대문구,622. 전농사거리 교통섬,202208," 1,465 "," 1,610 "
동대문구,623. 서울시립대 정문 앞,202208," 2,110 "," 1,385 "
동대문구,624. 전농동 동아아파트 앞,202208," 1,653 "," 1,919 "
동대문구,626. 군자교 서측 녹지대,202208," 1,746 "," 1,817 "
동대문구,627. 장안동삼거리 교통섬,202208," 1,329 "," 1,326 "
동대문구,628. 휘봉고등학교 앞,202208, 816 , 834 
동대문구,630. 동대문구 보건소,202208," 2,459 "," 2,597 "
동대문구,631. 답십리역 1번출구,202208," 3,781 "," 4,093 "
동대문구,633. 청량리 기업은행 앞,202208," 3,258 "," 3,411 "
동대문구,634. 외국어대 정문 앞,202208," 3,328 "," 3,331 "
동대문구,635. 시조사 앞,202208," 1,968 "," 1,751 "
동대문구,636. 세종대왕기념관 교차로,202208, 600 , 723 
동대문구,637. KAIST 경영대학 앞,202208," 1,365 "," 1,027 "
동대문구,638. 서울시립대 정보기술관,202208, 530 , 414 
동대문구,639. 서울시립대 후문,202208," 1,022 ", 640 
동대문구,640. 동대문경찰서 교차로,202208," 1,030 "," 1,298 "
동대문구,641. 용두역 4번출구,202208," 2,900 "," 2,984 "
동대문구,642. 신답역 사거리,202208," 1,912 "," 1,905 "
동대문구,643. 동대문구민체육센터 (육교아래),202208," 2,119 "," 2,404 "
동대문구,646. 장한평역 1번출구,202208," 4,766 "," 5,532 "
동대문구,647. 신이문역 1번출구,202208, 988 , 983 
동대문구,648. 장안동위더스빌옆,202208," 3,062 "," 3,089 "
동대문구,650. 중랑교사거리,202208," 1,617 "," 1,544 "
동대문구,652. 답십리 래미안엘파인아파트 입구,202208, 693 , 701 
동대문구,654. 전농동 텃골공원,202208, 815 , 688 
동대문구,656. 영휘원 교차로,202208, 744 , 958 
동대문구,657. 동대문롯데캐슬아파트 앞,202208," 1,759 "," 1,853 "
동대문구,658. 촬영소 사거리,202208," 1,354 "," 1,549 "
동대문구,659. 제기역1번출구,202208," 3,053 "," 3,021 "
동대문구,660. 동의보감타워,202208," 1,972 "," 2,013 "
동대문구,661. 경희대학교 청운관,202208," 1,169 "," 1,127 "
동대문구,663. 외대앞역 4번출구,202208," 1,570 "," 1,689 "
동대문구,664. 서울시립대 건설공학관,202208, 601 , 487 
동대문구,665.이문동 쌍용아파트 정문,202208, 999 ," 1,252 "
동대문구,666.이문대성유니드아파트 앞,202208, 853 , 876 
동대문구,667.청량차도 육교 밑,202208, 761 , 503 
동대문구,668.서울축산농협(장안지점),202208," 3,207 "," 3,582 "
동대문구,669.청계한신휴플러스앞 삼거리,202208," 1,554 "," 1,616 "
동대문구,670.삼육서울병원 버스정류장,202208," 3,124 "," 3,172 "
동대문구,671.대광빌딩,202208, 643 , 587 
동대문구,672.대광고등학교,202208, 924 , 949 
동대문구,673.안암골벽산아파트(후문),202208," 1,263 "," 1,221 "
동대문구,674.고대앞사거리 교통섬,202208," 1,565 "," 1,422 "
동대문구,676.FITI시험연구원 앞,202208, 959 ," 1,028 "
동대문구,678.장안힐스테이트(아) 앞,202208," 1,884 "," 2,009 "
동대문구,679.전농SK아파트 앞,202208, 236 , 233 
동대문구,680.꿈마루어린이도서관 앞,202208," 2,525 "," 2,438 "
동대문구,681.서울특별시 동부교육지원청(육교),202208, 330 , 337 
동작구,2002. 노들역 1번출구,202208," 4,022 "," 4,732 "
동작구,2003. 사육신공원앞,202208," 1,297 "," 1,363 "
동작구,2007. 유한양행앞,202208," 1,714 "," 1,795 "
동작구,2008. 노량진근린공원 대방공원,202208, 514 , 350 
동작구,2009. 보라매역 8번출구,202208," 1,073 "," 1,090 "
동작구,2012. 대림사거리(동작상떼빌아파트),202208," 1,099 "," 1,175 "
동작구,2013. 장승배기역 5번출구,202208," 1,914 "," 1,698 "
동작구,2015. 신대방삼거리역 6번출구쪽,202208," 2,532 "," 2,738 "
동작구,2016. 신대방삼거리역 3번출구쪽,202208," 1,411 "," 1,600 "
동작구,2020. 장승배기역2번출구뒷편쪽,202208, 824 , 815 
동작구,2024. 상도역 1번출구,202208, 568 , 563 
동작구,2025. 흑석역 1번출구,202208," 2,311 "," 2,759 "
동작구,2026. 흑석역 4번출구,202208, 643 , 857 
동작구,2027. 중앙대학교 정문 1,202208, 493 , 626 
동작구,2032. 이수역 11번출구쪽,202208," 2,065 "," 2,501 "
동작구,2033. 사당동 아르테스 웨딩앞,202208," 1,514 "," 1,581 "
동작구,2034. 사당역 7번출구쪽,202208, 937 , 939 
동작구,2036. 정금마을 마을버스정류장,202208, 816 , 914 
동작구,2037. 동작역 5번출구 동작주차공원,202208, 557 , 435 
동작구,2038. 동작역 7번출구,202208, 471 , 442 
동작구,2040. 비계 버스정류소,202208, 178 , 145 
동작구,2041. 사당중학교 버스정류소,202208, 350 , 333 
동작구,2048. 삼일초등학교 인근,202208, 671 , 482 
동작구,2050. 노량진역 5번출구,202208," 3,316 "," 3,831 "
동작구,2054. 삼익아파트,202208," 1,881 "," 1,884 "
동작구,2056. 동작구민 체육센터,202208," 1,517 "," 1,498 "
동작구,2057. 상도 아이파크 아파트,202208, 388 , 238 
동작구,2058. 동작경찰서,202208," 2,865 "," 3,266 "
동작구,2059. 보라매공원 정문,202208," 1,549 "," 1,570 "
동작구,2060. 남성역3번출구 뒤,202208," 1,730 "," 2,187 "
동작구,2061. 한강 현대아파트 건너편,202208, 160 , 148 
동작구,2062. 사당새마을금고,202208, 510 , 508 
동작구,2064. 흑석한강푸르지오 106동앞,202208, 179 , 110 
동작구,2065. 서울시여성가족재단,202208, 690 , 743 
동작구,2066. 양문교회 앞,202208," 1,341 "," 1,357 "
동작구,2067. 보라매역․동작세무서 버스정류장(강남중학교방면),202208," 1,842 "," 1,891 "
동작구,2068. 총신대 앞(육교),202208, 277 , 151 
동작구,2069. 숭실대 입구역3번 출구 앞,202208, 737 , 622 
동작구,2070. 노량진역 2번 출구 앞,202208," 1,735 "," 2,003 "
동작구,2071. 대림아파트 후문 상가 옆,202208, 655 , 133 
동작구,2077.노들역 3번출구,202208," 1,189 "," 1,379 "
동작구,2078.흑석 아크로리버하임(103동),202208, 244 , 97 
동작구,2079.중앙대학교 중앙광장,202208, 324 , 325 
동작구,2080. 대방지하보도(대방동경남아너스빌아파트),202208," 2,240 "," 2,330 "
동작구,2082.7호선 이수역7번출구,202208," 1,027 "," 1,056 "
동작구,2083.흑석롯데캐슬에듀포레(107동),202208, 437 , 432 
동작구,2084.e편한세상 상도노빌리티 앞,202208, 933 , 778 
동작구,2085.강남중학교 앞,202208," 1,217 "," 1,172 "
동작구,2086.삼일수영장 앞,202208," 1,275 "," 1,047 "
동작구,2088.상도중앙하이츠빌 입구,202208, 416 , 391 
동작구,2089.사당역10번출구(금강빌딩),202208," 1,370 "," 1,516 "
동작구,2090.기아자동차 사당점 앞,202208," 1,472 "," 1,555 "
동작구,2091. 이수역9번출구,202208," 1,350 "," 1,409 "
동작구,2092.흑석한강푸르지오(110동),202208, 222 , 34 
동작구,2093.상도SH빌아파트 입구,202208, 222 , 24 
동작구,2094.숭실대학교(중문) ,202208, 580 , 102 
동작구,2095.경문고등학교 앞,202208, 889 ," 1,030 "
동작구,2096.서울특별시 동작관악교육지원청,202208, 79 , 23 
동작구,237. 보라매 두산위브 건너편,202208," 1,717 "," 1,730 "
동작구,4152. 상도효성해링턴플레이스,202208, 689 , 533 
동작구,4153. 흑석동효사정앞,202208, 285 , 138 
동작구,4158. 노량진근린공원,202208, 276 , 135 
동작구,4162. 노량진1동 청소년독서실,202208, 374 , 85 
동작구,4167. 구로교 아래,202208," 1,849 "," 1,486 "
동작구,4169. 신대방삼거리,202208," 1,594 "," 1,628 "
동작구,4171. 우성아파트 앞,202208," 2,933 "," 3,112 "
동작구,4173. 중대후문 마을버스정류장,202208, 729 , 692 
동작구,4175. 대방역2번출구,202208," 1,246 "," 1,303 "
동작구,4177. 롯데캐슬 101동 앞,202208, 260 , 181 
동작구,4178. 이수성결교회 옆,202208, 144 , 121 
동작구,4179. 보라매병원역 1번출구,202208," 3,048 "," 3,092 "
동작구,4180. 흑석동주민센터 입구,202208, 277 , 348 
동작구,4181. 보라매공원역 2번출구,202208, 603 , 579 
마포구,102. 망원역 1번출구 앞,202208," 3,884 "," 3,923 "
마포구,103. 망원역 2번출구 앞,202208," 3,070 "," 3,101 "
마포구,104. 합정역 1번출구 앞,202208," 1,578 "," 1,449 "
마포구,105. 합정역 5번출구 앞,202208," 1,084 "," 1,050 "
마포구,106. 합정역 7번출구 앞,202208," 3,007 "," 3,005 "
마포구,107. 신한은행 서교동지점,202208," 2,272 "," 2,431 "
마포구,108. 서교동 사거리,202208," 2,159 "," 2,169 "
마포구,109. 제일빌딩 앞,202208," 1,402 "," 1,402 "
마포구,111. 상수역 2번출구 앞,202208," 1,120 "," 1,122 "
마포구,112. 극동방송국 앞,202208," 1,347 "," 1,340 "
마포구,113. 홍대입구역 2번출구 앞,202208," 5,495 "," 6,032 "
마포구,114. 홍대입구역 8번출구 앞,202208," 2,635 "," 2,626 "
마포구,118. 광흥창역 2번출구 앞,202208, 818 , 820 
마포구,119. 서강나루 공원,202208," 1,729 "," 1,808 "
마포구,120. 신수동 사거리,202208, 478 , 490 
마포구,121. 마포소방서 앞,202208, 851 , 853 
마포구,122. 신성기사식당 앞,202208," 1,063 "," 1,065 "
마포구,124. 서강대 정문 건너편,202208," 1,200 "," 1,023 "
마포구,125. 서강대 남문 옆,202208," 1,040 "," 1,062 "
마포구,126. 서강대 후문 옆,202208," 1,282 "," 1,280 "
마포구,127. 현대벤처빌 앞,202208, 452 , 325 
마포구,129. 신촌역(2호선) 6번출구 옆,202208, 986 , 983 
마포구,130. 신촌역(2호선) 7번출구 앞,202208," 2,227 "," 2,213 "
마포구,142. 아현역 4번출구 앞,202208, 631 , 611 
마포구,143. 공덕역 2번출구,202208," 1,262 "," 1,315 "
마포구,144. 공덕역 8번출구,202208," 2,957 "," 3,303 "
마포구,145. 공덕역 5번출구,202208," 1,193 "," 1,299 "
마포구,146. 마포역 2번출구 뒤,202208," 2,999 "," 3,252 "
마포구,147. 마포역 4번출구 뒤,202208," 3,297 "," 3,645 "
마포구,148. 용강동 주민센터 앞,202208," 1,841 "," 1,973 "
마포구,150. 서강대역 2번출구 앞,202208, 917 , 913 
마포구,153. 성산2교 사거리,202208," 1,998 "," 1,993 "
마포구,154. 마포구청역 ,202208," 2,871 "," 3,176 "
마포구,155. 가좌역1 번출구 앞,202208," 1,070 "," 1,003 "
마포구,156. 서울서부지방법원 앞,202208," 1,019 "," 1,089 "
마포구,157. 애오개역 4번출구 앞,202208," 1,844 "," 1,897 "
마포구,181. 망원초록길 입구,202208," 1,261 "," 1,240 "
마포구,182. 망원2빗물펌프장 앞,202208," 1,271 "," 1,256 "
마포구,183. 하늘채코오롱아파트 건너편,202208," 2,451 "," 2,270 "
마포구,184. 7번가피자 서교망원점,202208," 2,931 "," 3,105 "
마포구,185. 마포 신수공원 앞,202208, 922 , 799 
마포구,186. 월드컵공원,202208," 2,969 "," 2,919 "
마포구,199. 서울 월드컵 경기장,202208," 1,112 ", 693 
마포구,3002.벽산상암스마트큐브 ,202208," 3,582 "," 3,615 "
마포구,3003.래미안신공덕3차아파트,202208, 69 , 44 
마포구,3005.마포구청 청사내,202208, 317 , 318 
마포구,3006. 상암월드컵파크5단지(상암중학교),202208, 526 , 461 
마포구,3007.MBC 앞,202208, 840 , 839 
마포구,3008.DMC역7번출구,202208, 741 , 539 
마포구,3009.서교동사거리(신),202208," 2,021 "," 2,145 "
마포구,3010.홍대입구역 3번출구,202208," 4,284 "," 4,296 "
마포구,3011.경의선(노고산동),202208," 1,715 "," 1,722 "
마포구,400. 상암한화오벨리스크 1차 앞,202208," 1,458 "," 1,449 "
마포구,401. 상암월드컵파크 10단지 앞,202208," 1,093 "," 1,104 "
마포구,402. 상암월드컵파크 9단지 앞,202208, 744 , 736 
마포구,403. 부엉이공원 앞,202208," 1,023 ", 558 
마포구,405. DMC빌 앞,202208, 856 , 860 
마포구,406. 상암월드컵파크 7단지 앞,202208, 853 , 862 
마포구,407. 마포구 육아종합지원센터,202208, 799 , 801 
마포구,408. LG CNS앞,202208, 805 , 803 
마포구,409. 누리꿈스퀘어 옆,202208," 2,331 "," 2,352 "
마포구,410. 상암중학교 옆,202208, 282 , 245 
마포구,411. DMC홍보관,202208," 1,491 "," 1,521 "
마포구,412. DMC산학협력연구센터 앞,202208," 1,344 "," 1,331 "
마포구,413. 상암월드컵파크 3단지 후문,202208, 699 , 698 
마포구,414. 상암동주민센터 옆,202208," 2,031 "," 2,101 "
마포구,415. DMC역 9번출구 앞,202208," 2,994 "," 2,836 "
마포구,416. 상암월드컵파크 1단지 교차로,202208, 722 , 497 
마포구,417. DMC역 2번출구 옆,202208," 1,838 "," 1,511 "
마포구,418. 월드컵경기장역 3번출구 옆,202208," 2,798 "," 2,790 "
마포구,419. 홈플러스 앞,202208," 3,195 "," 3,111 "
마포구,420. 서울시 공공자전거 상암센터,202208," 1,367 "," 1,064 "
마포구,4202. 프런트원(공덕역4번출구 앞),202208, 971 ," 1,091 "
마포구,4206. 광흥창역5번출구,202208, 726 , 744 
마포구,4207. 아만티호텔 앞,202208, 653 , 657 
마포구,4208. 스타벅스(동교동) 앞,202208, 979 ," 1,037 "
마포구,421. 마포구청 앞,202208," 2,243 "," 2,242 "
마포구,4210. 가좌행복주택 앞,202208," 1,216 "," 1,207 "
마포구,4211. 시석빌딩 앞,202208, 822 , 822 
마포구,4212. 한화오벨리스크 앞,202208, 944 , 827 
마포구,4213. 마포구중앙도서관 정문 앞,202208," 2,423 "," 2,334 "
마포구,4214. JTBC 앞,202208, 966 , 977 
마포구,4216. 망원정 앞,202208, 849 , 859 
마포구,4217. 한강공원 망원나들목,202208," 13,070 "," 13,598 "
마포구,4218. 디지털매직스페이스,202208," 2,367 "," 2,383 "
마포구,422. 문화비축기지,202208, 287 , 265 
마포구,4220. 신촌 청년주택,202208," 2,169 "," 2,180 "
마포구,4221. 솔리스타오피스텔(공덕동주민센터),202208, 432 , 155 
마포구,4222. 서울디자인고등학교 앞,202208," 1,766 "," 1,945 "
마포구,4224. 서부운전면허시험장,202208, 904 , 912 
마포구,4226. 마포프레스티지자이 1,202208," 1,599 "," 1,625 "
마포구,4233. 코오롱아파트사거리,202208," 3,585 "," 3,583 "
마포구,4234. 에스테반,202208, 417 , 289 
마포구,4238. 상암한샘빌딩앞,202208," 1,084 "," 1,059 "
마포구,4239. 성산2동 주민센터 ,202208, 201 , 180 
마포구,424. 롯데하이마트 (상암월드컵점) ,202208, 511 , 455 
마포구,4240. 아현문화건강센터,202208, 54 , 25 
마포구,4244. 당인리발전소 공원 앞,202208, 828 , 833 
마포구,4246. 상수역새마을금고,202208, 560 , 561 
마포구,4247. 서울서부지방법원등기국앞,202208, 416 , 414 
마포구,4248. 신촌 교보빌딩,202208, 602 , 491 
마포구,425. DMC첨단산업센터,202208, 667 , 666 
마포구,4251. 공덕역 경의선숲길 커뮤니티센터,202208, 675 , 667 
마포구,426. 서울신용보증재단,202208," 1,797 "," 1,830 "
마포구,427. 성산시영아파트,202208," 1,096 "," 1,258 "
마포구,432. 마포중앙도서관,202208, 233 , 99 
마포구,436. 이대역 5번출구,202208, 742 , 330 
마포구,437. 대흥역 1번출구,202208," 1,162 "," 1,209 "
마포구,438. 성산2-1 공영주차장,202208," 1,773 "," 1,711 "
마포구,439. 마포어린이공원,202208," 2,164 "," 2,369 "
마포구,440. 하늘공원 입구,202208," 1,069 ", 921 
마포구,487.신석초교앞 교차로 교통섬,202208," 2,204 "," 2,526 "
마포구,488.푸르메병원,202208," 1,578 "," 1,660 "
마포구,489.구룡근린공원,202208, 485 , 312 
마포구,490.가온문화공원,202208," 1,694 "," 1,697 "
마포구,491.월드컵파크 4단지,202208, 380 , 324 
마포구,492.성산시영아파트 후문,202208," 1,610 "," 1,674 "
마포구,493.홍대입구역 6번출구,202208," 2,032 "," 2,037 "
마포구,494.신수동주민센터,202208, 409 , 394 
마포구,495.염리초등학교 앞,202208," 1,257 "," 1,435 "
마포구,497.합정동주민센터 앞,202208," 2,313 "," 1,982 "
마포구,498.연남동주민센터 앞,202208," 3,045 "," 3,145 "
서대문구,115. 마스타 빌딩 앞,202208, 783 , 682 
서대문구,116. 일진아이윌아파트 옆,202208," 1,771 "," 1,851 "
서대문구,117. 홍은사거리,202208," 3,535 "," 3,543 "
서대문구,123. 문화촌 공원,202208," 2,048 "," 2,205 "
서대문구,128. 신촌역(2호선) 1번출구 옆,202208," 1,698 "," 1,703 "
서대문구,131. 증산2교,202208," 2,461 "," 2,756 "
서대문구,133. 해담는다리,202208," 2,470 "," 2,805 "
서대문구,134. 연세로 명물길,202208," 1,269 "," 1,264 "
서대문구,135. 명물길 원형무대 앞,202208, 864 , 883 
서대문구,137. 신촌기차역입구 교차로,202208, 525 , 347 
서대문구,138. 신촌동 제1공영주차장 앞,202208," 1,091 "," 1,091 "
서대문구,139. 연세대 정문 건너편,202208, 400 , 230 
서대문구,140. 이화여대 후문,202208, 770 , 746 
서대문구,141. 연대 대운동장 옆,202208, 688 , 527 
서대문구,159. 이대역 4번 출구,202208, 421 , 259 
서대문구,160. 북아현동 가구거리,202208, 579 , 454 
서대문구,161. 무악재역1번 출구,202208, 420 , 376 
서대문구,162. 봉원고가차도 밑,202208," 1,029 ", 388 
서대문구,163. 명지전문대학교 정문 앞,202208, 420 , 382 
서대문구,164. 북가좌1동 주민센터 ,202208, 394 , 350 
서대문구,165. 중앙근린공원,202208," 1,383 "," 1,155 "
서대문구,166. 가재울 초등학교,202208," 1,596 "," 1,678 "
서대문구,167. 연가초등학교 옆,202208, 576 , 146 
서대문구,169. 북가좌 삼거리,202208, 501 , 423 
서대문구,170. DMC파크뷰자이아파트 302동 앞,202208," 1,211 "," 1,368 "
서대문구,171. 임광빌딩 앞,202208, 332 , 311 
서대문구,173. 서대문역 8번출구 앞,202208, 475 , 460 
서대문구,175. 홍연2교옆,202208," 1,654 "," 1,743 "
서대문구,176. 명지대학교 도서관,202208," 2,309 "," 2,496 "
서대문구,177. 북가좌 초등학교,202208, 840 , 870 
서대문구,178. 증산3교 앞,202208," 1,470 "," 1,600 "
서대문구,179. 가좌역 4번출구 앞,202208," 1,479 "," 1,545 "
서대문구,180. 충정로역 7번출구 아래,202208, 812 , 550 
서대문구,188. 홍은동 정원여중 입구,202208, 980 , 969 
서대문구,191. 서우빌딩,202208," 1,365 "," 1,485 "
서대문구,192. 연서어린이공원,202208, 709 , 685 
서대문구,194. 증산교 앞,202208," 2,177 "," 2,227 "
서대문구,195. 모래내고가차도 ,202208, 855 , 794 
서대문구,196. 연희교차로 인근,202208, 448 , 341 
서대문구,198. 충정2교,202208, 750 , 594 
서대문구,3100. 북성초교,202208, 309 , 273 
서대문구,3101. 서대문구청,202208, 734 , 693 
서대문구,3102. 연희삼거리,202208," 1,162 "," 1,161 "
서대문구,3103. 홍제삼거리 북측,202208," 1,224 "," 1,259 "
서대문구,3104. e편한세상 신촌4단지 앞,202208, 777 , 774 
서대문구,3105. 홍은센트레빌 아파트 앞,202208, 389 , 148 
서대문구,3107. 연희초등학교 앞,202208, 495 , 496 
서대문구,3109.북한산더샾 106동 앞,202208, 350 , 328 
서대문구,3110.홍은 현대아이파크 아파트 202동 앞,202208, 798 , 802 
서대문구,3111.무악재역 4번 출구,202208, 221 , 200 
서대문구,3113.독립문역사거리,202208, 718 , 701 
서대문구,3114.충정로역 3번 출구,202208, 315 , 220 
서대문구,3115.북아현 치안센터 인근,202208, 692 , 664 
서대문구,3116.신촌역 4번출구,202208, 911 , 906 
서대문구,3117.이화여대 인문관 인근,202208, 296 , 287 
서대문구,3119.연희 브라운스톤 아파트 앞,202208," 1,915 "," 1,911 "
서대문구,3120.DMC엘가아파트 앞,202208," 1,312 "," 1,288 "
서대문구,3121.가좌삼거리,202208," 1,335 "," 1,319 "
서대문구,3122.북가좌삼거리2,202208, 834 , 768 
서대문구,3123.DMC파크뷰자이1단지 110동 앞,202208," 1,098 "," 1,067 "
서대문구,3125.연희파크푸르지오아파트 앞,202208," 1,327 "," 1,409 "
서대문구,3126.남가좌동 제2공영주차장,202208, 354 , 294 
서대문구,3127.홍은2파출소 옆,202208, 716 , 728 
서대문구,3128.동신병원 맞은편,202208," 1,198 "," 1,198 "
서대문구,3129.DMC래미안e편한세상203동옆,202208, 584 , 558 
서대문구,3130.가재울사거리,202208, 660 , 394 
서대문구,3131.연가교 교차로,202208," 1,104 "," 1,093 "
서대문구,3132.홍제교,202208, 779 , 760 
서대문구,3134.SK리쳄블(상수도사업본부),202208, 568 , 505 
서대문구,4253. 홍은도담도서관,202208, 707 , 635 
서대문구,4255. 래미안 루센티아 아파트 108동 앞,202208," 1,352 "," 1,027 "
서대문구,4262. 서대문자연사박물관 입구,202208, 273 , 241 
서대문구,4264. 홍남교 버스정류장,202208, 720 , 856 
서대문구,4265. 안산초등학교 앞,202208, 132 , 52 
서대문구,4266.국민연금공단충정로사옥,202208, 302 , 251 
서대문구,4267. 서대문역 2번 출구,202208," 1,511 "," 1,510 "
서대문구,4269. 연희IC 남측,202208, 592 , 577 
서대문구,4271. 충정로역 1번 출구,202208, 235 , 176 
서대문구,4272. 홍남교 사거리,202208, 644 , 726 
서대문구,4273. 홍연2교 사거리,202208, 314 , 377 
서초구,2201. 본마을 정류소 앞,202208, 88 , 76 
서초구,2202.청계산입구역 1번출구,202208," 1,347 "," 1,332 "
서초구,2203. 청계산입구역 2번출구,202208, 325 , 250 
서초구,2205. 내곡3단지 어린이공원 앞,202208, 625 , 595 
서초구,2206. 언남초등학교 앞,202208, 933 , 943 
서초구,2207. 내곡파출소 뒤 정자,202208, 176 , 149 
서초구,2210. 반포1동 주민센터 앞,202208, 253 , 208 
서초구,2211. 서초구립반포도서관 앞,202208," 1,767 "," 1,760 "
서초구,2212.서초현대4차아파트 201동 맞은편,202208, 786 , 773 
서초구,2213. 고속터미널역 5번출구 앞,202208, 862 , 579 
서초구,2214. 신반포역 2번출구 앞,202208, 816 , 874 
서초구,2215. 반포종합운동장 입구,202208, 953 , 995 
서초구,2217.아크로리버뷰 부지 앞,202208," 2,330 "," 2,564 "
서초구,"2219. 고속터미널역 8-1번, 8-2번 출구 사이",202208," 4,264 "," 4,257 "
서초구,2220. 반포본동 주민센터 앞,202208," 1,402 "," 1,492 "
서초구,2221. 방일초교 마을버스 정류장,202208," 1,338 "," 1,475 "
서초구,2222.사당역 12번출구 뒤,202208," 2,148 "," 2,421 "
서초구,2223. 방배래미안 정문 앞,202208, 391 , 437 
서초구,2225.백석예술대학교 제3캠퍼스 앞,202208, 207 , 123 
서초구,2226. 신동아럭스빌아파트 앞,202208, 333 , 90 
서초구,2227.방배열린문화센터 앞,202208, 733 , 746 
서초구,2228.뒷벌공원 옆,202208," 1,082 "," 1,271 "
서초구,2229.로고스교회 맞은 편,202208, 660 , 755 
서초구,2230.이수역 4번 출구,202208," 1,972 "," 2,033 "
서초구,2231. 삼성타운(삼성생명) A동 맞은편,202208, 873 , 879 
서초구,2233. 서초신동아1차아파트 옆,202208, 788 , 745 
서초구,2235.KT 서초지사 앞,202208, 438 , 227 
서초구,2237.서울남부터미널 대합실 입구,202208, 905 , 602 
서초구,2239.교대역 6번출구,202208, 861 , 844 
서초구,2241.양재전화국 사거리,202208, 553 , 498 
서초구,2242.양재역 11번 출구 앞,202208, 709 , 700 
서초구,2243.서울가정법원,202208, 698 , 491 
서초구,2244.교육개발원입구 교차로,202208," 1,381 "," 1,365 "
서초구,2245.양재초등학교 맞은편,202208, 842 , 907 
서초구,2246. 서울시 품질시험소 앞,202208, 553 , 587 
서초구,2247.섬들근린공원,202208," 1,151 "," 1,272 "
서초구,2248. 서초리슈빌S 글로벌 앞,202208, 178 , 161 
서초구,2249. 우솔초등학교 맞은편,202208, 230 , 268 
서초구,2250. 서초유치원 맞은편,202208, 580 , 639 
서초구,2251. 더케이호텔 입구(양재2) ,202208," 1,043 "," 1,047 "
서초구,2252. 잔디마을 마을버스 정류장,202208," 1,846 "," 1,777 "
서초구,2255.시민의숲역 1번출구 옆,202208," 2,264 "," 2,284 "
서초구,2256.양재동 꽃시장 입구,202208, 350 , 358 
서초구,2257. 청계산 입구 삼거리,202208, 112 , 99 
서초구,2258.구룡사 삼거리,202208, 425 , 186 
서초구,2259. 잠원역 3번-4번 출구사이 ,202208, 973 , 978 
서초구,2262. 한신16차아파트 119동 앞,202208," 3,954 "," 4,862 "
서초구,2263. 바우뫼문화복지회관,202208, 802 , 779 
서초구,2264. 이수역 1번출구,202208," 2,383 "," 2,539 "
서초구,2265. 이수고가차도 남단,202208," 1,561 "," 1,772 "
서초구,2266. 서초역 3번출구,202208," 1,017 "," 1,007 "
서초구,2268. 서초4동주민센터 ,202208, 815 , 797 
서초구,2269. 주홍교 하부,202208, 285 , 172 
서초구,2270. 서초포레스타 7단지,202208, 329 , 316 
서초구,2271. 내방역 8번출구 앞,202208, 919 , 966 
서초구,2272. 교대입구 교차로,202208, 589 , 585 
서초구,2273. 일동제약 사거리,202208, 868 , 876 
서초구,2274. 양재시민의숲역 3번출구,202208," 1,318 "," 1,318 "
서초구,2275. 염곡치안센터 건너편,202208, 165 , 193 
서초구,2276. 영동1교 (양재천근린공원),202208, 957 , 955 
서초구,2277. 길마중4교 하부,202208," 1,294 "," 1,316 "
서초구,2279. 교대역 5번출구뒤,202208," 1,769 "," 1,737 "
서초구,2280. 서울서초고용센터앞,202208, 556 , 439 
서초구,2281. 연세사랑병원신관앞,202208, 387 , 389 
서초구,2283. 그룹한빌딩옆,202208, 330 , 105 
서초구,2284. CJ오쇼핑앞,202208, 189 , 90 
서초구,2285. LH서초3단지 301동 맞은편,202208, 328 , 336 
서초구,2286. 탑성마을입구,202208, 40 , 5 
서초구,2287. 능안마을입구,202208, 71 , 22 
서초구,2288. 안골마을입구,202208, 39 , 31 
서초구,2289. 남태령역 2번출구,202208, 158 , 51 
서초구,2293. SPC 앞,202208, 664 , 640 
서초구,2294. 두상빌딩 앞,202208," 1,289 "," 1,427 "
서초구,2297. 남부터미널역 1번출구,202208, 656 , 580 
서초구,2298. 래미안서초스위트앞,202208, 568 , 512 
서초구,2299. 한전아트센터 앞,202208, 882 , 799 
서초구,2501. 서초 포레스타5단지,202208, 535 , 537 
서초구,2502. 서초역1번출구 앞,202208, 608 , 470 
서초구,2503. 반포1동 서초빌딩 앞,202208, 908 , 901 
서초구,2504. 신사역 4번출구 뒤,202208," 1,095 "," 1,005 "
서초구,2505. 우성아파트사거리 (기업은행앞),202208," 1,922 "," 1,934 "
서초구,2506. LG유플러스 (방배사옥),202208, 111 , 55 
서초구,2508. 양재이스타빌 앞,202208," 1,267 "," 1,309 "
서초구,2509. 심산기념문화센터,202208, 907 , 878 
서초구,2510. JW타워,202208, 206 , 139 
서초구,2511. 이수역 6번출구 앞,202208," 1,263 "," 1,273 "
서초구,2514.사평역 2번출구,202208, 651 , 625 
서초구,2515.서초초등학교 후문,202208," 1,384 "," 1,354 "
서초구,2516.본마을 노인복지센터 앞,202208, 227 , 246 
서초구,2517.서초3교(효령로69길 방면),202208, 256 , 252 
서초구,2518.서초3교(효령로70길 방면),202208, 646 , 635 
서초구,2519.서초2교(사임당로 방면),202208, 325 , 350 
서초구,2520.서초1교 (진흥아파트 방면),202208, 616 , 600 
서초구,2521.서초 크로바타워 앞,202208, 690 , 603 
서초구,2523.뉴코아 킴스클럽 앞,202208," 1,104 "," 1,103 "
서초구,2524.반포쇼핑타운 8동 앞,202208," 1,044 "," 1,044 "
서초구,2525.반포쇼핑타운 2동 앞,202208," 4,015 "," 4,674 "
서초구,2526.반포경남쇼핑 앞,202208, 467 , 534 
서초구,2527.반포중학교 앞(세화여고 맞은편),202208, 503 , 600 
서초구,2528.함지박 사거리,202208, 992 ," 1,124 "
서초구,2529.우리은행 방배동지점 앞,202208, 992 , 992 
서초구,2530.삼호3차아파트 앞,202208," 1,410 "," 1,459 "
서초구,2531.멤피스아파트 앞,202208," 1,247 "," 1,238 "
서초구,2532.국립국악원 앞,202208, 316 , 37 
서초구,2533.한가람미술관 앞,202208, 285 , 218 
서초구,2535.신반포역 3번출구 뒤,202208, 427 , 421 
서초구,2536.서초종합체육관 입구,202208, 64 , 57 
서초구,2537.양재역 8번출구 앞,202208, 923 , 879 
서초구,2538.사평리 공원,202208," 1,227 "," 1,239 "
서초구,2539.대한무역투자진흥공사 KOTRA 앞,202208, 546 , 535 
서초구,2540.반포천 앞,202208," 1,310 "," 1,352 "
서초구,2541.옛골 입구,202208, 108 , 33 
서초구,2542.신논현타워 앞,202208, 835 , 797 
서초구,2545.국립중앙도서관(국제회의장옆),202208, 340 , 156 
서초구,2547. 반포래미안 리오센트,202208, 720 , 759 
서초구,2548.반포1동 자율방범초소 옆,202208, 457 , 379 
서초구,2549.LH 서초 4단지 403동,202208, 455 , 453 
서초구,2550.양재동 꽃시장 건너편,202208, 649 , 655 
서초구,4303. 매헌역 2번출구앞광역버스 정류장앞(22-297),202208, 912 , 919 
서초구,4304. 서울고앞,202208, 401 , 363 
서초구,4305. 서일스포츠센터,202208, 273 , 221 
서초구,4306. 서래공원 앞,202208, 640 , 636 
서초구,4307. 고투몰 gate 15옆,202208, 823 , 869 
서초구,4309. 서초케이타운앞,202208, 238 , 220 
서초구,4312. 반포미도2차아파트 옆,202208, 412 , 402 
서초구,4313. 반포종합운동장,202208, 650 , 662 
서초구,4314. 탑성마을 버스정거장 옆,202208, 31 , 16 
서초구,4315. 이투스교육 앞,202208, 371 , 291 
서초구,4316. 고속터미널역 3번출구,202208, 781 , 481 
서초구,4317. 양재근린공원,202208," 1,348 "," 1,478 "
서초구,4318. 방배역 2번 출구,202208, 985 ," 1,021 "
서초구,4319. 삼성전자R&D어린이집 뒤,202208, 198 , 107 
서초구,4320. 신영체르니 아파트,202208, 525 , 595 
서초구,4322.서울추모공원 입구,202208, 40 , 14 
서초구,4323. 내곡도서관,202208, 138 , 144 
서초구,4324. 세화고등학교,202208, 111 , 110 
서초구,4327. 몽마르뜨공원입구,202208, 354 , 143 
서초구,4329. SC제일은행 양재동지점 앞,202208, 487 , 412 
서초구,4332. 이수교차로,202208," 1,439 "," 1,479 "
성동구,3511. 응봉역 1번출구,202208," 4,104 "," 4,447 "
성동구,3513. 상왕십리역 1번출구,202208," 2,316 "," 1,548 "
성동구,3514. 왕십리교회옆,202208," 3,020 "," 3,097 "
성동구,3515. 서울숲 관리사무소,202208," 2,776 "," 2,456 "
성동구,3525. 금호스포츠센터앞,202208, 692 , 893 
성동구,3527. 왕십리 자이아파트,202208, 21 , 16 
성동구,3530. 왕십리자이아파트 후문(삼거리),202208, 289 , 272 
성동구,3531. 논골사거리(금호도서관 입구),202208, 281 , 59 
성동구,3532. 왕십리KCC스위첸아파트,202208, 143 , 118 
성동구,3538. 서울숲 IT캐슬,202208, 28 , 28 
성동구,3544.한양대역 3번 출구,202208," 1,543 "," 1,576 "
성동구,3545.한양대역 1번출구,202208, 862 , 867 
성동구,3547.상왕십리역 6번 출입구,202208, 482 , 428 
성동구,3548.뚝섬역 6번출구,202208," 2,051 "," 1,962 "
성동구,3549.건영아파트 앞,202208," 1,868 "," 1,900 "
성동구,3550.금호나들목,202208," 1,296 "," 1,416 "
성동구,3551.성동도로사업소,202208, 341 , 353 
성동구,3552.서울숲 공영주차장앞,202208," 1,243 "," 1,211 "
성동구,3553.마장역3번출구,202208, 675 , 602 
성동구,3555.양지사거리(센트라스APT 115동앞),202208, 338 , 163 
성동구,3556.신금호파크자이APT앞,202208, 487 , 94 
성동구,3557.서울숲리버뷰자이APT105동 앞,202208, 647 , 642 
성동구,3558.마장동 금호어울림APT앞,202208, 785 , 595 
성동구,3559.성동구민종합체육센터 앞,202208," 3,445 "," 3,490 "
성동구,3560.성동구 견인차량 보관소 앞,202208," 1,783 "," 1,829 "
성동구,3561.행당동 삼부APT후문,202208, 335 , 230 
성동구,3600.사근빗물펌프장 건너편,202208," 3,318 "," 3,580 "
성동구,4353. 코오롱디지털타워 3차앞,202208," 2,307 "," 2,325 "
성동구,4360. 르노삼성자동차 성수사업소 앞,202208," 1,209 "," 1,187 "
성동구,4362. 행당중학교 후문,202208, 870 , 848 
성동구,4363. 신금호역 2번출구 앞,202208, 78 , 70 
성동구,4367. kt 행당빌딩 앞,202208," 1,004 "," 1,050 "
성동구,4370. 서울숲IT캐슬 앞,202208, 797 , 811 
성동구,4373. 서울숲 지식산업센터,202208," 1,665 "," 1,667 "
성동구,4377. 우영테크노센터 앞,202208," 1,832 "," 1,881 "
성동구,4381. 더스페이스타워 앞,202208," 1,765 "," 1,773 "
성동구,4382. 페코텍글로벌허브빌딩 앞,202208," 2,592 "," 2,589 "
성동구,4383. 푸조비즈타워 앞,202208," 1,808 "," 1,905 "
성동구,4385. 용답동 우체국 주변,202208, 727 , 709 
성동구,4386. 현대자동차 동부서비스센터 주변,202208, 10 , 5 
성동구,4387. 성수역 1번출구 주변,202208, 22 , 14 
성동구,506. 금호 어울림 아파트 앞,202208, 978 ," 1,006 "
성동구,508. 성수아카데미타워 앞,202208," 1,998 "," 1,833 "
성동구,509. 이마트 버스정류소 옆,202208," 4,508 "," 4,501 "
성동구,510. 서울숲 남문 버스정류소 옆,202208," 1,502 "," 1,496 "
성동구,511. 서울숲역 5번 출구 옆,202208," 1,824 "," 1,784 "
성동구,512. 뚝섬역 1번 출구 옆,202208," 2,817 "," 2,774 "
성동구,513. 뚝섬역 5번 출구 정류소 옆,202208," 1,347 "," 1,317 "
성동구,514. 성수사거리 버스정류장 앞,202208," 2,427 "," 2,270 "
성동구,518. 청계천 박물관 앞,202208, 688 , 667 
성동구,519. 양지사거리,202208," 1,204 "," 1,086 "
성동구,520. 상왕십리역 4번 출구 앞,202208, 818 , 813 
성동구,521. 왕십리역 11번 출구 앞,202208," 1,781 "," 1,776 "
성동구,522. 금호역 1번출구 앞,202208, 393 , 397 
성동구,523. 옥수동성당 옆,202208, 196 , 95 
성동구,524. 래미안금호하이리버 아파트 102동 옆,202208, 460 , 355 
성동구,525. 한양대병원사거리,202208," 2,008 "," 1,607 "
성동구,526. 용답토속공원 앞,202208, 569 , 552 
성동구,529. 장한평역 8번 출구 앞,202208," 2,095 "," 1,761 "
성동구,530. 청계벽산아파트 앞,202208," 1,468 "," 1,545 "
성동구,533. 금남시장 교차로,202208, 464 , 637 
성동구,534. 금호사거리,202208, 409 , 426 
성동구,535. 응봉삼거리,202208, 635 , 504 
성동구,536. 행당역 2번출구 앞,202208, 925 ," 1,053 "
성동구,537. 한양대후문역 부근,202208," 1,542 "," 1,530 "
성동구,538. 답십리역 8번출구 앞,202208," 1,029 "," 1,183 "
성동구,550. 서울시설공단 앞,202208," 1,367 "," 1,443 "
성동구,556. 달맞이공원,202208, 140 , 143 
성동구,557. 도선동 주민센터 앞,202208," 1,516 "," 1,597 "
성동구,558. 성동광진 교육지원청 앞,202208," 1,638 "," 1,581 "
성동구,559. 왕십리역 4번 출구 건너편,202208," 2,385 "," 2,386 "
성동구,560. 비전교회 앞,202208," 2,245 "," 2,348 "
성동구,561. 서울숲역 2번출구 앞,202208," 2,302 "," 2,317 "
성동구,562. 군자지하보도 앞,202208," 1,228 "," 1,177 "
성동구,563. 성동세무서 건너편,202208," 1,833 "," 2,025 "
성동구,564. 금호역 3번출구,202208, 135 , 118 
성동구,565. 옥수역 3번출구,202208," 4,786 "," 5,553 "
성동구,567. 성수역 2번출구 앞,202208," 4,861 "," 4,577 "
성동구,568. 청계8가사거리 부근,202208," 2,891 "," 3,088 "
성동구,569. 응봉현대아파트 정류소,202208, 317 , 322 
성동구,578. 성동세무서 부근,202208," 1,666 "," 1,676 "
성동구,579. 마장역 4번출구,202208," 1,287 "," 1,291 "
성동구,582. 경일중학교 앞,202208," 1,977 "," 1,987 "
성동구,583. 청계천 생태교실 앞,202208," 5,001 "," 5,556 "
성동구,585. 성수2가1동 공영주차장 인근,202208," 3,822 "," 3,853 "
성동구,586. 마장동 주민센터,202208, 832 , 894 
성동구,587. 유니베라 앞,202208," 2,572 "," 2,558 "
성동구,589. 성수역3번출구,202208," 4,778 "," 4,797 "
성동구,594. 중랑물재생센터(서울새활용플라자),202208, 565 , 543 
성동구,9980. 에이텍,202208, 2 , 2 
성북구,1302. 한성대입구역6번출구 뒤,202208, 764 , 758 
성북구,1303. 돈암초교 입구,202208, 895 , 880 
성북구,1304. 만해공원,202208, 226 , 60 
성북구,1305. 성북구청,202208," 1,189 "," 1,171 "
성북구,1306. 한성대입구역2번출구,202208," 2,164 "," 2,138 "
성북구,1308. 안암로터리 버스정류장 앞,202208," 5,026 "," 5,330 "
성북구,1314. 정릉꿈에그린1단지 201동 앞,202208, 377 , 386 
성북구,1315. 고려사대부속중고 정문,202208, 467 , 448 
성북구,1316. 고려사대부속중고 건너편 ,202208, 254 , 229 
성북구,1318. 길음역 3번출구 뒤,202208," 1,516 "," 1,498 "
성북구,1319. 종암사거리 분수대,202208," 1,424 "," 1,412 "
성북구,1321. 국민은행 종암동지점 앞,202208," 2,677 "," 2,921 "
성북구,1322. 래미안라센트아파트 103동 앞,202208," 1,371 "," 1,533 "
성북구,1323. 월곡역 입구 육교 밑,202208, 445 , 459 
성북구,1325. 상월곡역 4번출구,202208, 599 , 475 
성북구,1326. 상월곡역 1번출구,202208," 1,011 ", 813 
성북구,1327. 상월곡역 3번출구,202208," 1,415 "," 1,463 "
성북구,1328. 월곡역 3번출구,202208," 2,909 "," 2,934 "
성북구,1332. 석계역 5번출구 건너편,202208," 2,062 "," 2,261 "
성북구,1333. 석관초등학교 앞,202208," 1,263 "," 1,535 "
성북구,1334. 석관동주민센터 앞,202208," 1,139 "," 1,096 "
성북구,1336. 성북3교 위,202208," 1,579 "," 1,568 "
성북구,1337. 돈암성당 옆,202208," 2,127 "," 2,162 "
성북구,1338. 용문2교 옆,202208," 1,593 "," 1,629 "
성북구,1339. 삼성전자서비스 성북센터,202208," 1,103 "," 1,122 "
성북구,1340. 광운초등학교 앞,202208, 687 , 682 
성북구,1342. 성북쉼터 앞,202208, 173 , 65 
성북구,1343. 한성대7번출구 앞,202208, 760 , 742 
성북구,1344. 아리랑시네센터 앞,202208, 567 , 328 
성북구,1346. 길음8골어린이공원 옆,202208, 804 , 795 
성북구,1347. 길음래미안아파트817동 상가 앞,202208, 473 , 479 
성북구,1348. 성북제일새마을금고 본점 앞,202208, 650 , 639 
성북구,1349. 월계2교 버스정류장 앞,202208, 665 , 779 
성북구,1351. 안암2교 옆,202208," 2,333 "," 2,386 "
성북구,1352. e 편한세상 보문아파트 내,202208, 136 , 94 
성북구,1353. 금호어울림센터힐 내,202208, 318 , 318 
성북구,1354. 고려대학교 2번출구,202208," 1,875 "," 1,712 "
성북구,1355. 보문2교,202208," 2,955 "," 3,236 "
성북구,1357. 북한산보국문역,202208, 365 , 363 
성북구,1358. 정릉도서관 앞,202208, 820 , 844 
성북구,1359. 장위뉴타운 꿈에 숲 코오롱 하늘채 앞,202208," 1,723 "," 1,684 "
성북구,1360. 정릉역,202208, 438 , 440 
성북구,1361. 홍익중고 입구,202208," 1,160 ", 960 
성북구,1362. 보문역6번출구 앞,202208," 1,590 "," 1,632 "
성북구,1363. 보문4교 인근,202208," 2,601 "," 2,686 "
성북구,1364. 성북동 치안센터 앞,202208," 1,009 ", 971 
성북구,1365. 선잠단지 앞,202208, 312 , 240 
성북구,1366. 일신초등학교 옆,202208, 355 , 374 
성북구,1367. 길음문화복합미디어센터,202208, 524 , 526 
성북구,1368. 성신여대입구 교차로,202208," 1,063 "," 1,118 "
성북구,1369. 미아사거리,202208," 1,693 "," 1,721 "
성북구,1370. 복자사랑 피정의 집,202208, 359 , 189 
성북구,1372. KEB은행 고대점,202208," 1,122 "," 1,012 "
성북구,1373. 성북구보건소 건너편,202208, 881 , 851 
성북구,1375. 생명의 전화 종합복지관 앞 교차로,202208," 1,284 "," 1,376 "
성북구,1376. 한국과학기술연구원 중문,202208, 313 , 241 
성북구,1377. 한국과학기술연구원 북문,202208, 279 , 219 
성북구,1379.길음뉴타운푸르지오아파트 3단지,202208, 80 , 10 
성북구,1380.월곡역 5번출구 앞,202208," 1,773 "," 2,130 "
성북구,1381.석계역 4번출구 뒤,202208," 1,951 "," 1,876 "
성북구,1382.래미안월곡아파트 입구,202208," 1,249 "," 1,237 "
성북구,1384.성신여대입구역 5번출구,202208," 1,944 "," 1,953 "
성북구,1385.성신여대입구역 3번출구 앞,202208," 1,517 "," 1,534 "
성북구,1386.동선고가차도 초입,202208, 414 , 414 
성북구,1388. 돈암초교입구 버스정류장(한성대입구역 방면),202208, 841 , 834 
성북구,1390.석관래미안아트리치,202208," 1,653 "," 1,936 "
성북구,1391.성북청소년센터,202208, 545 , 539 
성북구,1392.돈암삼성풍림아파트,202208, 222 , 36 
성북구,1393.돈암육교 하단,202208, 278 , 83 
성북구,1394.길음뉴타운 래미안9단지,202208, 988 , 996 
성북구,1395.래미안장위포레카운티(102동),202208, 933 , 933 
성북구,1396.래미안장위퍼스트하이(513동),202208," 1,338 "," 1,572 "
성북구,4406. 장곡초등학교 앞,202208, 966 , 907 
성북구,4408. 돌곶이역 앞,202208," 2,008 "," 2,158 "
성북구,4411. 동산어린이공원 앞,202208," 1,024 "," 1,018 "
성북구,4414. 안암역 3번 출구,202208, 875 , 851 
성북구,4415. 미아초교버스승강장,202208, 78 , 67 
성북구,4417. 성북청소년문화의집,202208, 45 , 14 
성북구,4418. 종암동 동덕여대 제2생활관 앞,202208," 1,797 "," 2,101 "
성북구,4419. 성북구 한예종 캠퍼스 본관,202208, 407 , 330 
성북구,4420. 성북구 한예종 캠퍼스 별관,202208, 345 , 398 
송파구,1201. 가락시장역 3번 출구,202208," 2,229 "," 2,245 "
송파구,1203. 밀리아나2빌딩 앞,202208," 2,400 "," 2,412 "
송파구,1204. 거여역 3번출구,202208," 1,885 "," 1,902 "
송파구,1205. 종합운동장역 4번출구,202208," 1,848 "," 1,525 "
송파구,1206. 9호선종합운동장역 9번출구,202208," 1,489 "," 1,341 "
송파구,1207. 마천중앙시장,202208, 886 , 977 
송파구,1208. 풍납현대아파트쉼터,202208," 2,272 "," 2,263 "
송파구,1209. 잠실나루역 (2번 출구 쪽),202208," 2,907 "," 2,895 "
송파구,1210. 롯데월드타워(잠실역2번출구 쪽),202208," 9,142 "," 9,106 "
송파구,1211. 방이삼거리,202208," 5,790 "," 6,042 "
송파구,1212. 송파역 2번 출구앞,202208," 1,663 "," 1,690 "
송파구,1213. 백토공원 앞,202208, 357 , 345 
송파구,1214. 오금역 7번 출구 인근,202208," 1,133 "," 1,136 "
송파구,1215. 올림픽공원역 1번출구 앞,202208," 2,082 "," 2,033 "
송파구,1217. 송파파인타운 7단지,202208, 907 , 909 
송파구,1218. 방이역 4번출구,202208," 3,029 "," 3,029 "
송파구,1220. 잠실근린공원,202208," 2,590 "," 2,840 "
송파구,1221. 삼전역 4번출구,202208," 2,135 "," 2,295 "
송파구,1222. 잠실새내역 5번 출구 뒤,202208," 4,360 "," 4,355 "
송파구,1224. 아시아지하보도 2번 출구,202208," 1,576 "," 1,560 "
송파구,1226. 잠실4동 주민센터 옆,202208," 2,018 "," 2,033 "
송파구,1227. 거여역 8번출구 뒤,202208," 1,817 "," 1,815 "
송파구,1228. 마천사거리 ,202208," 1,129 "," 1,276 "
송파구,1229. 송파체육문화회관 앞,202208," 1,533 "," 1,495 "
송파구,1230. 송파중학교 정문,202208, 693 , 660 
송파구,1231. 잠실역 6번출구,202208," 2,689 "," 2,783 "
송파구,1232. 잠실주공 521동 건너편,202208," 2,994 "," 3,152 "
송파구,1233. 잠실3거리(갤러리아팰리스),202208," 1,416 "," 1,157 "
송파구,1235. 잠실트리지움310동 옆,202208," 2,226 "," 2,227 "
송파구,1239. 문정 법조단지3,202208, 604 , 542 
송파구,1240. 문정 법조단지4,202208, 824 , 720 
송파구,1241. 문정 법조단지5,202208, 443 , 344 
송파구,1242. 문정 법조단지6,202208, 115 , 83 
송파구,1243. 문정 법조단지7,202208," 2,426 "," 2,441 "
송파구,1244. 문정 법조단지8,202208," 2,844 "," 2,785 "
송파구,1245. 문정 법조단지9,202208," 1,692 "," 1,640 "
송파구,1246. 문정 법조단지10,202208," 1,971 "," 1,901 "
송파구,1247. 문정 법조단지11,202208," 1,122 ", 905 
송파구,1248. 방이초등학교,202208," 2,666 "," 2,325 "
송파구,1249. 아주중학교건너편,202208," 1,601 "," 1,815 "
송파구,1250.문정2동 주민센터,202208, 153 , 140 
송파구,1251. 석촌역 2번출구,202208," 3,290 "," 3,298 "
송파구,1253. 오금역 3번 출구 뒤,202208, 861 , 862 
송파구,1256. 문정현대아파트 교차로,202208, 875 , 866 
송파구,1257. 가락시장역 사거리,202208," 1,535 "," 1,511 "
송파구,1258. 가락미륭아파트 앞,202208, 383 , 353 
송파구,1259. 방이역 1번출구,202208," 1,791 "," 1,782 "
송파구,1260. 방이동 한양3차아파트 옆,202208," 1,488 "," 1,485 "
송파구,1262. 송파여성문화회관 앞,202208," 2,805 "," 2,801 "
송파구,1263. 장지공영차고지,202208, 347 , 357 
송파구,1264. 천호역 10번 출구 앞,202208," 4,221 "," 4,219 "
송파구,1265. 문정동 근린공원,202208," 1,373 "," 1,378 "
송파구,1266. 문정동 글샘 공원,202208, 880 , 714 
송파구,1267. 올림픽공원 남2문 앞,202208," 1,184 "," 1,136 "
송파구,1268. 몽촌토성역 1번출구 옆,202208," 2,512 "," 2,495 "
송파구,1269. 리센츠아파트 ,202208," 2,289 "," 1,813 "
송파구,1271. 송파도서관,202208," 1,037 "," 1,032 "
송파구,1274. 영파여고 앞,202208," 1,320 "," 1,279 "
송파구,1275. 거여초등학교 옆,202208, 694 , 853 
송파구,1277. 성내6교,202208," 1,258 "," 1,449 "
송파구,1278. 송파구청 교차로,202208," 2,048 "," 2,050 "
송파구,1279. 마천금호어울림 1차아파트 건너편,202208, 375 , 378 
송파구,1280. 송파파크데일 2단지입구 앞 주차장,202208, 670 , 659 
송파구,1282. 송파소방서 맞은편(성내4교),202208," 2,077 "," 2,239 "
송파구,1283. 오금공원 사거리,202208, 249 , 186 
송파구,1285. 위례별 유치원 뒤,202208, 610 , 582 
송파구,1286. 위례중앙푸르지오 1단지 앞,202208," 1,360 "," 1,308 "
송파구,1287. 위례아이파크 101동 맞은편,202208, 599 , 572 
송파구,1288. 문정중교 사거리,202208," 1,288 "," 1,018 "
송파구,1289. 풍납토성 서성벽터B,202208, 532 , 559 
송파구,1290. 위례송파꿈에그린아파트24단지 앞 성벽 다리 밑,202208, 347 , 363 
송파구,1291. 서울체육고등학교 앞,202208, 680 , 718 
송파구,1293. 석촌호수 서호 사거리,202208," 3,459 "," 3,505 "
송파구,1295. 잠실역 8번출구,202208," 4,489 "," 4,480 "
송파구,1296. 석촌호수교차로 (송파나루근린공원 앞),202208, 892 , 749 
송파구,1297. 석촌호수교차로(동호 팔각정 앞),202208," 3,147 "," 3,108 "
송파구,1299. 송파소방서 (방이119안전센터),202208, 724 , 689 
송파구,1300. 오륜사거리,202208, 752 , 762 
송파구,2601. 석촌호수 아뜰리에,202208," 3,163 "," 3,120 "
송파구,2603. 송파 글마루 도서관,202208," 1,059 ", 989 
송파구,2604. 풍납토성 서성벽터A,202208," 1,677 "," 1,807 "
송파구,2605. 복정역 1번 출구 앞,202208," 1,443 "," 1,443 "
송파구,2606. 위례동주민센터 맞은편 근린공원,202208," 2,996 "," 3,148 "
송파구,2608. 송파구청,202208," 6,513 "," 6,606 "
송파구,2609. 보성중고등학교 후문 앞,202208, 226 , 228 
송파구,2610. 송리단길,202208," 1,646 "," 1,687 "
송파구,2611. 송파지역자활센터 뒤,202208," 2,287 "," 2,512 "
송파구,2612. 문정·가락 대여소 앞,202208, 76 , 49 
송파구,2613. 잠실나들목,202208," 2,897 "," 2,969 "
송파구,2614. 가락고등학교 앞,202208, 367 , 356 
송파구,2615. 테라타워2,202208," 2,563 "," 2,553 "
송파구,2616. 거여동 사거리,202208, 587 , 592 
송파구,2617. 가락삼환아파트 앞,202208, 611 , 487 
송파구,2618. 삼전역 1번출구,202208," 1,836 "," 1,989 "
송파구,2619. 석촌고분역 4번출구,202208," 2,280 "," 2,408 "
송파구,2620. 송파나루역 4번 출구옆,202208," 5,801 "," 5,960 "
송파구,2621. 한성백제역 2번 출구,202208," 3,244 "," 3,178 "
송파구,2622. 올림픽공원역 3번출구,202208," 6,367 "," 6,206 "
송파구,2623.석촌동 주민센터,202208," 3,215 "," 3,219 "
송파구,2625.가락종합 사회복지관,202208, 666 , 643 
송파구,"2626.경찰병원역 1,2번 출구 사이",202208, 981 , 982 
송파구,2627.문정시영아파트 5동 앞 공원,202208, 881 , 526 
송파구,2628.문정역 1번출구,202208," 2,603 "," 2,578 "
송파구,2630.서울방이동 고분군,202208," 2,026 "," 1,932 "
송파구,2631.배명고등학교,202208, 706 , 860 
송파구,2632.석촌고분역 2번 출구,202208," 3,090 "," 3,248 "
송파구,2633.송파학사 옆,202208," 1,440 "," 1,324 "
송파구,2634.위례포레샤인아파트 2318동,202208, 826 , 921 
송파구,2635.잠실새내역 1번출구,202208," 2,636 "," 2,404 "
송파구,2637. 아시아지하보도 14번 출구,202208," 2,575 "," 2,573 "
송파구,2638.쌍용아파트,202208," 1,261 "," 1,260 "
송파구,2639.석촌역 8번출구,202208," 4,052 "," 3,925 "
송파구,2641.송파역 4번출구,202208," 3,165 "," 3,148 "
송파구,2642.마천동 성내천 쉼터,202208," 1,200 "," 1,224 "
송파구,2643.풍납중학교 측면,202208, 597 , 510 
송파구,2644. 성내5교,202208," 1,391 "," 1,521 "
송파구,2645.잠실나들목2(엘스아파트136동),202208, 976 ," 1,004 "
송파구,2646.레이크펠리스101동앞,202208," 3,535 "," 3,504 "
송파구,2647.잠실 자전거 수리센터 앞,202208," 3,077 "," 3,104 "
송파구,2648.헬리오시티 112동 앞,202208," 1,454 "," 1,456 "
송파구,2649.오금공원사거리2,202208, 313 , 257 
송파구,2650.위례22단지 2208동 다리앞,202208, 466 , 472 
송파구,2651.경찰병원역 3번출구 앞,202208," 1,352 "," 1,362 "
송파구,2652.송파 레미니스1단지 102동 앞,202208, 906 , 910 
송파구,2653.올림픽공원사거리(선수촌아파트),202208," 1,744 "," 1,716 "
송파구,2654.올림픽선수촌아파트 136동 앞,202208, 831 , 713 
송파구,2655.송이공원,202208, 709 , 644 
송파구,2656.풍납동 아이파크 107동 앞,202208," 1,184 "," 1,170 "
송파구,2657.송파 파인타운 11단지 ,202208, 950 , 904 
송파구,2658.가락몰 업무동,202208," 1,588 "," 1,624 "
송파구,2659.서울친환경유통센터,202208, 185 , 173 
송파구,4452. 삼성SDS,202208," 2,578 "," 2,613 "
송파구,4453. 위례중앙푸르지오 201동 앞,202208," 2,337 "," 2,381 "
송파구,4454. 위례 포레샤인 1809동 부근,202208, 380 , 175 
송파구,4456. 위례포레샤인 2310동 부근,202208, 830 , 912 
송파구,4457. 아산병원 기숙사 부근,202208," 3,262 "," 3,537 "
송파구,4458. 가락2동주민센터 인근,202208, 689 , 665 
송파구,4460. 올림픽훼미리아파트 112동 앞,202208," 1,339 "," 1,328 "
송파구,4461. 한양3차아파트 3동 앞,202208, 274 , 228 
송파구,4462. 가락중학교 앞,202208, 770 , 761 
송파구,4463. 방이역 2번 출구,202208, 769 , 763 
송파구,4464. 올림픽공원 북2문,202208," 2,089 "," 2,094 "
송파구,4465. 건영아파트앞 사거리,202208," 1,932 "," 1,904 "
송파구,4467. 한림연예예술고등학교,202208," 1,021 ", 943 
송파구,4468. 가락1동주민센터 ,202208," 1,150 "," 1,104 "
송파구,4469. 거여동 어울림아파트  102동앞,202208, 680 , 674 
송파구,4472. 송파파크데일 1단지 115동 건너편,202208, 529 , 535 
송파구,4473. 마천금호어울림 1차 102동앞,202208, 252 , 234 
송파구,4474. 가락현대 1차 11동 앞,202208, 445 , 402 
송파구,4475. 송파파인타운 4단지 403동,202208, 562 , 548 
송파구,4478. 문정근린공원2,202208," 1,256 "," 1,257 "
송파구,4479. 문정중학교,202208, 144 , 140 
송파구,4480. 가락시장 남1문 사거리,202208, 834 , 803 
송파구,4481. 올림픽공원 북2문 2,202208," 3,059 "," 3,140 "
송파구,4483. 잠실나들목4,202208," 2,142 "," 2,254 "
송파구,4484. 잠실나루역4번출구뒤,202208," 1,777 "," 1,778 "
송파구,4485. 잠실나루역 고가하부,202208, 666 , 521 
송파구,4486. 홈플러스 잠실점,202208," 2,099 "," 2,095 "
송파구,4488. 문현중.고등학교 사이,202208, 258 , 216 
송파구,4490. 송파파인타운 10단지 1005동,202208, 407 , 396 
송파구,4491. 장지역 1번출구,202208," 1,503 "," 1,484 "
송파구,4493. 마천사거리 2,202208, 583 , 645 
송파구,4496. 잠실 파크리오 120동 앞,202208," 1,565 "," 1,563 "
송파구,4497. 아시아선수촌아파트 교차로,202208, 942 , 979 
송파구,4499. 세양청마루 101동 앞,202208, 687 , 452 
송파구,4500. 풍납나들목,202208, 804 , 879 
송파구,4852. 서울복합물류 게이트 1,202208," 1,457 "," 1,459 "
송파구,4853. 송파 안전체험교육관,202208, 111 , 111 
송파구,4854. 가락시장역 2번 출구,202208," 1,250 "," 1,233 "
송파구,4855. 거여5단지 503동 앞,202208, 947 , 920 
송파구,4856. 올림픽공원 서1문 앞,202208, 823 , 816 
송파구,4857. 올림픽공원 장미광장,202208, 564 , 558 
송파구,4859. 잠실나루 나들목,202208," 1,958 "," 1,990 "
송파구,4860. 가락쌍용2차아파트 103동,202208, 841 , 792 
송파구,4862. 성내교 남단,202208, 551 , 524 
송파구,4863. 잠실나들목5,202208, 534 , 595 
송파구,4864. 송파사거리,202208," 3,224 "," 3,211 "
송파구,4865. 한성백제역 1번출구 뒤,202208," 3,231 "," 3,226 "
송파구,4867. 가락대림아파트 앞,202208," 1,199 "," 1,189 "
송파구,4868. 석촌호수 서호 남단,202208," 3,069 "," 3,131 "
송파구,4869. 잠실나들목6,202208, 905 , 987 
송파구,4870. 몽촌토성역 3번 출구,202208," 5,418 "," 5,417 "
송파구,4871. 오금동 대림아파트 정문,202208, 787 , 770 
송파구,4872. 개롱역 3번 출구 뒤,202208," 1,233 "," 1,223 "
송파구,4873. 개롱역사거리 2번 출구,202208," 1,183 "," 1,183 "
송파구,4874. 탄천1교 하부보도,202208, 619 , 678 
송파구,4875. 위례포레샤인13단지,202208," 1,123 "," 1,118 "
송파구,4876. 삼전동주민센터 앞,202208," 2,026 "," 2,565 "
송파구,4879. 마천청소년센터,202208, 207 , 198 
송파구,4880. 송파청소년센터,202208, 897 , 828 
송파구,4881. 거여동사거리 송파둘레길 입구,202208, 289 , 291 
송파구,4882. 위례포레샤인18단지 1802동,202208, 418 , 397 
송파구,4883. 위례포레샤인18단지 1812동,202208, 285 , 190 
송파구,4884. H비즈니스파크,202208," 1,208 "," 1,293 "
송파구,4885. 가든파이브 리빙관,202208, 315 , 305 
송파구,4886. 배명고등학교 건너편,202208, 925 , 999 
송파구,4887. 호돌이상가,202208, 802 , 792 
송파구,4888. 둔촌오륜역 2번출구,202208, 384 , 351 
송파구,4889. 마천역 1번 출구 인근②,202208, 705 , 675 
송파구,4891. 위례포레샤인17단지 위례대로 방면,202208," 1,223 "," 1,212 "
송파구,4892. 성내유수지 체육공원,202208, 558 , 500 
송파구,4893. 문정법조단지12,202208," 1,140 "," 1,205 "
송파구,4894. 문정법조단지13,202208," 1,421 "," 1,860 "
송파구,4895. 위례포레샤인15단지 상가,202208," 1,093 "," 1,083 "
송파구,4896. 위례포레샤인15단지,202208, 192 , 194 
송파구,4897. 잠실주공5단지1,202208," 2,367 "," 2,355 "
송파구,5751. 송파여성축구장,202208, 389 , 386 
송파구,5752. 풍납백제문화공원 옆 인근,202208," 2,223 "," 2,427 "
송파구,5753. 호반써밋,202208," 1,044 "," 1,003 "
양천구,4507. 신정제일시장,202208," 1,082 "," 1,083 "
양천구,4508. 유원목동아파트 103동 앞,202208," 3,566 "," 3,712 "
양천구,4509. 서울영상고교 입구,202208," 3,820 "," 4,023 "
양천구,4510. 신정네거리역 교차로,202208," 1,449 "," 1,561 "
양천구,4512. 목동13_14단지 사거리,202208, 988 , 872 
양천구,4514. 목동성당 앞,202208," 2,942 "," 2,639 "
양천구,4515. 동문굿모닝탑,202208," 3,216 "," 3,277 "
양천구,4516. 신진빌라,202208, 509 , 527 
양천구,4517. 성보하이드로빌딩,202208," 1,332 "," 1,354 "
양천구,4518. 청기와빌딩,202208," 1,107 "," 1,198 "
양천구,4519. 양원보도육교,202208, 228 , 221 
양천구,4520. 대성유니드아파트,202208, 919 ," 1,306 "
양천구,4522. 신곡시장,202208," 1,373 "," 2,074 "
양천구,4523. 구립양천어르신요양센터,202208, 135 , 87 
양천구,4526. 목동아파트2단지 222동 앞,202208," 1,408 "," 1,441 "
양천구,4527. 목동신시가지아파트6단지,202208," 2,188 "," 2,240 "
양천구,4528. 양천구청역 1번출구,202208," 1,191 "," 1,085 "
양천구,4530. 방아다리어린이공원,202208, 703 , 644 
양천구,4531. 목동아파트 613동 앞,202208," 3,213 "," 3,263 "
양천구,4532. 목동현대아파트 후문 앞,202208," 1,957 "," 1,815 "
양천구,4535. 목동12단지 아파트,202208," 2,463 "," 2,444 "
양천구,4536. 양천해누리체육공원,202208, 499 , 597 
양천구,4537. 서울남부지방검찰청 후문 ,202208," 1,219 "," 1,060 "
양천구,4538. 양천공영차고지,202208, 125 , 103 
양천구,4539. 목동7단지아파트 A상가,202208, 999 , 994 
양천구,4540. 목동역 3번 출구,202208," 2,991 "," 2,991 "
양천구,4541. 갈산문화예술센터,202208," 1,474 "," 1,576 "
양천구,700. KB국민은행 염창역 지점 앞,202208," 1,768 "," 1,683 "
양천구,701. 목동사거리 부근,202208," 2,077 "," 2,200 "
양천구,702. 목4동주민센터 옆,202208," 2,187 "," 2,271 "
양천구,703. 오목교역 7번출구 앞,202208," 4,617 "," 4,966 "
양천구,704. 남부법원검찰청 교차로,202208," 3,116 "," 3,095 "
양천구,706. 신정네거리역,202208, 901 , 877 
양천구,708. 서울출입국관리사무소 앞,202208," 4,660 "," 4,701 "
양천구,709. 신정3동 현장민원실 앞,202208," 1,112 "," 1,030 "
양천구,710. 금옥여고보도육교,202208, 733 , 699 
양천구,711. 신일해피트리아파트 앞,202208," 1,481 ", 205 
양천구,712. 강월초교입구 사거리,202208, 721 ," 1,135 "
양천구,713. 양서중학교 옆,202208, 778 , 682 
양천구,714. 한국SGI 양천문화회관 앞,202208, 943 , 877 
양천구,716.신정6동 주민센터 인근,202208," 1,622 "," 1,542 "
양천구,719. 홍익병원앞 교차로,202208," 2,110 "," 2,147 "
양천구,720. 서울강월초등학교 앞,202208, 911 , 375 
양천구,722. 경서농협 버스정류장(우리은행신정동지점방향),202208," 1,737 "," 1,906 "
양천구,723. SBS방송국,202208," 2,738 "," 2,756 "
양천구,724. 계남공원 입구 주출입구 좌측,202208, 334 , 242 
양천구,725. 양강중학교앞 교차로,202208, 893 , 340 
양천구,726. 목동3단지 시내버스정류장,202208," 3,893 "," 4,049 "
양천구,729. 서부식자재마트 건너편,202208," 2,000 "," 2,251 "
양천구,731. 서울시 도로환경관리센터,202208," 2,437 "," 2,427 "
양천구,732. 신월중학교,202208," 1,258 "," 1,234 "
양천구,733. 신정이펜하우스314동,202208, 832 , 422 
양천구,734. 신트리공원 입구,202208," 3,452 "," 3,640 "
양천구,735. 영도초등학교,202208," 3,171 "," 3,325 "
양천구,736. 오솔길공원,202208," 1,089 "," 1,354 "
양천구,737. 장수공원,202208," 1,067 "," 1,120 "
양천구,739. 신월사거리,202208," 1,496 "," 1,601 "
양천구,740. 으뜸공원,202208," 1,203 "," 1,492 "
양천구,741. 화곡로 입구 교차로,202208, 488 , 442 
양천구,742. 등촌역 5번 출구 뒤,202208," 1,372 "," 1,378 "
양천구,743. 현대6차아파트 101동 옆,202208, 817 ," 1,021 "
양천구,744. 신목동역 2번 출구,202208," 3,067 "," 3,099 "
양천구,745. 강서초등학교,202208, 622 , 777 
양천구,746. 목동2단지 상가,202208," 4,626 "," 4,598 "
양천구,747. 목동3단지 상가,202208," 2,459 "," 2,464 "
양천구,748. 목동운동장,202208, 876 , 909 
양천구,749. 이대목동병원보도육교,202208," 1,161 "," 1,198 "
양천구,750. 연의근린공원 건너편,202208, 874 ," 1,129 "
양천구,752. 성원2차 아파트,202208," 1,278 "," 1,174 "
양천구,754. 목동1단지아파트 118동 앞,202208," 2,291 "," 2,323 "
양천구,755. 목동1단지아파트 상가 앞,202208," 3,359 "," 3,322 "
양천구,756. 목동주차장,202208," 1,813 "," 1,786 "
양천구,757. 신정이펜하우스 1단지아파트 입구 사거리,202208, 614 , 413 
양천구,758. 한사랑교회 앞,202208," 1,502 "," 1,492 "
양천구,759. 보아스아파트 앞,202208, 856 ," 1,117 "
양천구,760. 잣절보도육교 아래,202208, 529 , 471 
양천구,762. 오목로 무중력지대 앞,202208, 912 , 917 
양천구,763. 목동11단지 아파트,202208," 1,691 "," 1,547 "
양천구,764. 목동청소년수련관,202208," 4,074 "," 3,833 "
양천구,765. 오목교역 3번출구,202208," 6,275 "," 6,502 "
양천구,766. 신목동역 3번출구,202208," 1,461 "," 1,465 "
양천구,767.신정숲속마을아파트,202208, 561 , 269 
양천구,768.목동5단지아파트 501동,202208," 2,191 "," 2,211 "
양천구,769.CBS방송국 앞,202208," 5,548 "," 5,831 "
양천구,770.목동역5번출구 교통정보센터 앞,202208," 6,076 "," 6,138 "
양천구,771.목동아파트 703동 앞,202208," 3,002 "," 3,019 "
양천구,"773.염창역 3, 4번 출구 사이",202208," 1,633 "," 1,627 "
양천구,774.등촌역 4번 출구 ,202208," 1,340 "," 1,331 "
양천구,775.세종그랑시아 앞(102동),202208," 1,186 ", 866 
양천구,776.목마공원,202208, 471 , 440 
양천구,777.신월6차보람아파트 앞,202208," 1,074 "," 1,369 "
양천구,779. 신정1동 주민센터 앞,202208," 3,344 "," 3,871 "
양천구,780.신정교 하부,202208, 759 , 905 
양천구,781.신정보도육교 아래,202208," 3,875 "," 3,910 "
양천구,782.서남병원 후문,202208, 994 , 570 
양천구,"785.양천구청, 보건소 사잇길",202208," 5,751 "," 5,864 "
양천구,786.목동아파트 8단지 상가동 앞,202208," 2,605 "," 2,636 "
양천구,787.양천아파트 입구,202208," 3,412 "," 3,497 "
양천구,788.양천구청역 2번출구 옆,202208," 2,599 "," 2,645 "
양천구,790.화곡고가 사거리,202208, 311 , 328 
양천구,791.현대하이페리온,202208," 3,396 "," 3,396 "
양천구,792.목동트라팰리스 웨스턴에비뉴,202208," 5,973 "," 6,046 "
양천구,793.목동5단지아파트 534동,202208," 2,614 "," 2,466 "
양천구,794.양천문화회관,202208," 2,803 "," 2,821 "
양천구,795.양천 해누리타운,202208," 2,805 "," 2,797 "
양천구,796.목동아파트 14단지 B상가 앞,202208," 1,877 "," 1,877 "
양천구,797.목동아파트 1422동 1434동 사잇길,202208," 3,858 "," 3,840 "
영등포구,200. 국회의원회관,202208, 183 , 166 
영등포구,201. 진미파라곤 앞,202208," 1,689 "," 1,640 "
영등포구,202. 국민일보 앞,202208," 4,628 "," 4,582 "
영등포구,203. 국회의사당역 3번출구 옆,202208," 1,980 "," 1,798 "
영등포구,204. 국회의사당역 5번출구 옆,202208," 1,574 "," 1,493 "
영등포구,205. 산업은행 앞,202208," 1,899 "," 1,896 "
영등포구,206. KBS 앞,202208," 2,513 "," 2,374 "
영등포구,207. 여의나루역 1번출구 앞,202208," 11,871 "," 11,062 "
영등포구,209. 유진투자증권빌딩 앞,202208," 2,981 "," 3,042 "
영등포구,213. KT앞,202208," 2,905 "," 2,296 "
영등포구,214. 금융감독원 앞,202208," 1,767 "," 1,618 "
영등포구,215. 여의도고교 앞,202208," 1,791 "," 1,832 "
영등포구,217. NH농협은행 앞,202208," 2,943 "," 2,975 "
영등포구,219. 롯데캐슬엠파이어 옆,202208," 2,348 "," 2,341 "
영등포구,220. 미성아파트 A동 앞,202208," 1,774 "," 1,522 "
영등포구,221. 여의도초교 앞,202208," 1,595 "," 1,580 "
영등포구,222. 시범아파트버스정류장 옆,202208," 2,633 "," 2,631 "
영등포구,223. 진주아파트상가 앞,202208," 1,398 "," 1,209 "
영등포구,224. 롯데캐슬 앞,202208," 2,359 "," 2,316 "
영등포구,225. 앙카라공원 앞,202208," 1,765 "," 1,637 "
영등포구,226. 샛강역 1번출구 앞,202208," 2,389 "," 1,848 "
영등포구,227. 양평2나들목 보행통로 입구,202208," 2,280 "," 2,820 "
영등포구,228. 선유도역 3번출구 앞,202208," 4,125 "," 4,239 "
영등포구,229. 양평1 보행육교 앞,202208," 2,221 "," 2,223 "
영등포구,230. 영등포구청역 1번출구,202208," 7,312 "," 7,248 "
영등포구,231. 남부고용노동지청 남측,202208," 1,869 "," 1,861 "
영등포구,232. 양평우림 이비즈센타 앞,202208," 2,600 "," 2,534 "
영등포구,233. 양평1동 YP센터 앞,202208, 676 , 687 
영등포구,234. 영등포구민체육센터 앞,202208," 1,934 "," 2,042 "
영등포구,235. 신길동 우리은행 옆,202208," 1,011 ", 964 
영등포구,236. 문래동자이아파트 앞,202208," 2,967 "," 2,960 "
영등포구,238. 제2구민체육센타 앞,202208," 2,789 "," 2,764 "
영등포구,239. 유스호스텔 앞,202208," 1,427 "," 1,377 "
영등포구,240. 문래역 4번출구 앞,202208," 3,941 "," 3,750 "
영등포구,241. 신길우성1차아파트 앞 공원,202208," 1,074 "," 1,074 "
영등포구,242. 신길선원가와인아파트 앞,202208," 1,318 ", 913 
영등포구,243. 이앤씨드림타워 앞,202208," 3,537 "," 3,531 "
영등포구,244. 영등포삼환아파트 앞,202208," 2,206 "," 2,072 "
영등포구,245. 삼성생명 당산사옥 앞,202208," 3,511 "," 3,496 "
영등포구,247. 당산역 10번출구 앞,202208," 8,144 "," 8,214 "
영등포구,248. 초원아파트 앞,202208," 1,737 "," 1,726 "
영등포구,249. 여의도중학교 옆,202208," 2,225 "," 2,311 "
영등포구,250. 대림아파트 사거리,202208, 885 , 793 
영등포구,251. 서울지방병무청 버스정류장,202208, 874 , 759 
영등포구,252. 보라매역4번출구,202208," 2,135 "," 2,235 "
영등포구,254. 도림신협 앞,202208," 1,482 "," 1,565 "
영등포구,255. 도림사거리,202208," 1,688 "," 1,716 "
영등포구,256. 동아에코빌입구,202208," 1,208 "," 1,229 "
영등포구,258. 신길역3번출구,202208," 2,112 "," 2,104 "
영등포구,259. 대방역6번출구,202208," 3,603 "," 3,745 "
영등포구,260. 여의도 마리나선착장 앞,202208, 755 , 719 
영등포구,262. 영문초등학교 사거리,202208," 4,723 "," 4,779 "
영등포구,263. 근로자회관 사거리,202208," 3,762 "," 3,802 "
영등포구,264. 교보생명보험 앞,202208," 1,662 "," 1,591 "
영등포구,265. 영등포유통상가 사거리,202208," 1,846 "," 1,710 "
영등포구,266. 영등포청과시장 사거리,202208," 1,616 "," 1,428 "
영등포구,267. 삼성화재 사옥 옆,202208," 2,075 "," 1,867 "
영등포구,268. 그랜드컨벤션센터 앞,202208," 3,473 "," 3,521 "
영등포구,270. 증권거래소후문교차로,202208," 1,427 "," 1,424 "
영등포구,271. 샛강생태공원방문자센터 앞,202208, 599 , 407 
영등포구,272. 당산육갑문,202208," 6,196 "," 6,555 "
영등포구,275. 신동아아파트,202208," 2,906 "," 2,966 "
영등포구,276. 영등포로터리2,202208," 4,061 "," 4,058 "
영등포구,278. 쌍용플레티넘오피스텔,202208," 2,674 "," 2,607 "
영등포구,279. 영등포 푸르지오 아파트,202208," 2,015 "," 1,821 "
영등포구,280. 양평동6차현대아파트 앞,202208," 2,813 "," 2,716 "
영등포구,281. 신동아아파트 앞,202208," 1,241 "," 1,201 "
영등포구,282. 신한은행 대림동지점,202208, 786 , 776 
영등포구,283. 아크로타워 스퀘어(영등포시장),202208," 3,597 "," 3,777 "
영등포구,284. 센트럴 푸르지오 시티 앞,202208," 2,425 "," 2,188 "
영등포구,285. 대림3동사거리(하나은행),202208, 879 , 924 
영등포구,286. 우성아파트 교차로,202208," 1,339 "," 1,455 "
영등포구,287. 영등포전화국사거리 (서강어린이공원),202208," 2,710 "," 2,738 "
영등포구,288. 쌍용예가(구청별관),202208," 1,251 "," 1,238 "
영등포구,289. 대림3동사거리,202208," 1,406 "," 1,518 "
영등포구,290. 당산동 SK V1 빌딩,202208," 2,211 "," 2,139 "
영등포구,291. 문래동 하이테크 시티,202208," 2,804 "," 2,734 "
영등포구,292. 영일 어린이공원,202208," 1,456 "," 1,472 "
영등포구,293. 충북 미래관,202208," 3,931 "," 3,868 "
영등포구,295.영등포공원 분수대 앞,202208, 352 , 346 
영등포구,296.KT플라자 영등포점,202208," 2,408 "," 2,406 "
영등포구,297.국회3문,202208, 249 , 198 
영등포구,298.KBS 연구동 건너편,202208, 857 , 487 
영등포구,299.여의도 순복음교회,202208, 854 , 817 
영등포구,3201.당산skv1센터,202208," 1,739 "," 1,743 "
영등포구,3202.당산롯데캐슬프레스티지,202208," 3,275 "," 3,191 "
영등포구,3203.도림동배드민턴체육관,202208," 1,194 "," 1,168 "
영등포구,3204.도림고가도로 밑,202208," 1,086 "," 1,069 "
영등포구,3205.문래현대2차,202208," 2,110 "," 2,170 "
영등포구,3206.문래동 주민센터,202208," 1,489 "," 1,395 "
영등포구,3207.양남사거리1,202208, 837 , 807 
영등포구,3211.신길 래미안 프레비뉴,202208, 655 , 662 
영등포구,3212.신풍역 6번출구,202208," 2,080 "," 2,106 "
영등포구,3214.영등포 푸르지오,202208," 1,551 "," 1,444 "
영등포구,3215.강변삼성래미안,202208," 1,433 "," 1,360 "
영등포구,3219.영등포역 1번출구,202208," 3,604 "," 3,723 "
영등포구,3220.래미안에스티움 앞 (신풍로),202208," 1,394 "," 1,506 "
영등포구,3221.서울특별시 남부교육지원청,202208, 863 , 705 
영등포구,4552. 코레일유통본사,202208," 1,550 "," 1,564 "
영등포구,4553. 당산삼성2차아파트,202208," 3,044 "," 2,868 "
영등포구,4555. 대림우성2차아파트,202208, 678 , 719 
영등포구,4556. 리버뷰신안인스빌1차 후문,202208," 1,421 "," 1,426 "
영등포구,4557. 리버뷰신안인스빌2차 후문,202208," 1,456 "," 1,396 "
영등포구,4558. 대영중고 후문,202208," 1,137 "," 1,400 "
영등포구,4559. 신길역 2번출구,202208," 2,230 "," 1,833 "
영등포구,4560. 양평동성원아파트,202208," 1,405 "," 1,440 "
영등포구,4561. 양평역 1번출구,202208," 3,462 "," 3,423 "
영등포구,4563. 여의도 은하아파트,202208, 877 , 873 
영등포구,4564. 63스퀘어,202208," 2,355 "," 2,366 "
영등포구,4565. 영등포 신세계백화점,202208," 6,876 "," 6,960 "
영등포구,4566. 대림성원상떼빌아파트,202208," 1,666 "," 1,925 "
영등포구,4567. 한림대학교 강남성심병원 신관,202208," 1,327 "," 1,415 "
영등포구,4568. 영등포로터리,202208," 2,246 "," 2,355 "
영등포구,4569. 힐스테이트클래시안아파트,202208," 1,130 "," 1,212 "
영등포구,4571. 문래동롯데캐슬아파트,202208," 4,475 "," 4,575 "
영등포구,4573. 두산위브아파트,202208, 683 , 638 
영등포구,4574. 영등포시장역 포레나영등포,202208," 3,513 "," 3,519 "
영등포구,4575. 대림동 e편한세상영등포아델포레,202208," 1,990 "," 2,132 "
영등포구,4576.보라매sk뷰 108동 앞,202208," 1,169 "," 1,233 "
영등포구,4578.보라매sk뷰,202208, 611 , 511 
영등포구,4579. 국회의사당 본관,202208, 459 , 395 
영등포구,4580. 국회3문,202208, 356 , 356 
영등포구,4581. 국회소통관,202208, 459 , 447 
영등포구,4582. 국회도서관,202208, 425 , 356 
영등포구,4583. 의정관,202208, 333 , 299 
영등포구,4584. 국회2문,202208, 289 , 210 
영등포구,4585. 국회6문,202208, 379 , 355 
영등포구,4588.양남사거리2,202208, 898 , 895 
영등포구,4589. KRX한국거래소(1),202208, 805 , 800 
영등포구,4590. KRX한국거래소(2),202208," 1,060 "," 1,075 "
영등포구,4591. 신길자이아파트,202208, 762 , 198 
영등포구,4592. 신길우성4차아파트,202208," 2,201 "," 2,568 "
영등포구,4594. 양평교 영등포대여소,202208," 2,307 "," 2,443 "
영등포구,4598. 오목교 동측 지하보도,202208," 1,906 "," 1,880 "
영등포구,4599. 대림우성아파트 사거리,202208, 646 , 642 
영등포구,4600. 영등포구 총괄 우체국,202208," 1,195 "," 1,189 "
영등포구,4601.양평역2번출구 뒤,202208," 1,105 "," 1,078 "
영등포구,5851. 도림천 건널목 위,202208," 1,198 "," 1,035 "
영등포구,5852. 대림동현대2차 201동 앞,202208, 296 , 283 
영등포구,5853. 여의도역2번출구 앞,202208," 1,387 "," 1,255 "
영등포구,5854. 신한금융투자 앞,202208," 4,534 "," 4,681 "
영등포구,5855. 하이투자증권 앞,202208," 1,557 "," 1,505 "
영등포구,5857. U레지던스 앞,202208," 1,348 "," 1,603 "
용산구,4602. 숙명여대앞 버스정류소 주변,202208, 197 , 73 
용산구,4603. 한강GS에클라트 건너편 교통섬,202208, 825 , 853 
용산구,4604. 원효로다목적체육관 앞,202208, 510 , 550 
용산구,"4605. 노들섬 다목적홀(동쪽) 숲, 앞",202208, 513 , 493 
용산구,4607. 국립중앙박물관 -용산가족공원 앞,202208, 342 , 301 
용산구,4608. 국립중앙박물관 정문 앞,202208, 207 , 141 
용산구,4609. 파크타워 104동 앞,202208, 291 , 275 
용산구,4610. 한남나인원 105동 앞,202208, 502 , 518 
용산구,4611. 국제루터교회 앞,202208, 198 , 168 
용산구,4612. 한남 준 J.FSS 앞,202208, 155 , 122 
용산구,4613. 서울갤러리아 앞,202208, 243 , 192 
용산구,4615. 크라운호텔앞 버스정류소,202208, 741 , 743 
용산구,4616. 신용산지하차도 앞,202208, 745 , 737 
용산구,4617. 동원베네스트 건너편,202208, 191 , 179 
용산구,4618. 풍전아파트 건너편,202208, 746 , 893 
용산구,4619. 한강트럼프월드3차 앞,202208," 1,016 ", 992 
용산구,4620. 삼각지역 14번 출구 앞(교통섬),202208," 1,240 "," 1,260 "
용산구,4621. 남산도서관 앞,202208, 857 , 172 
용산구,4622. 한강중학교 앞 버스정류장,202208, 437 , 470 
용산구,4623. 라인프랜즈이태원점 앞,202208, 203 , 156 
용산구,4625. 용산공원갤러리앞,202208, 329 , 313 
용산구,4627. 효창공원앞역 5번출구 옆,202208, 479 , 405 
용산구,4629. 한강초교보도육교 앞,202208, 995 ," 1,032 "
용산구,4632. 용산 푸르지오 파크타운 1단지 앞,202208, 247 , 224 
용산구,4633. 센트럴파크타워 앞,202208," 1,578 "," 1,592 "
용산구,4634. 이태원역 3번 출구,202208, 807 , 663 
용산구,4636. 용산구꿈나무종합타운 앞,202208, 918 , 993 
용산구,4637. 용산시티파크 101동 앞,202208, 384 , 379 
용산구,4638. 청파동삼거리 앞,202208, 549 , 554 
용산구,4639. 동빙고근린공원,202208, 593 , 646 
용산구,800. 목월공원 앞,202208," 1,086 "," 1,114 "
용산구,802. 한강진역 2번 출구 앞,202208, 335 , 190 
용산구,803. 한남초교 앞 보도육교,202208, 101 , 103 
용산구,805. 문배어린이공원 앞,202208," 1,323 "," 1,451 "
용산구,806. 전자랜드 본관 앞,202208," 1,050 "," 1,007 "
용산구,807. 서울역 12번 출구 앞,202208," 1,240 "," 1,243 "
용산구,808. 서빙고동 금호맨션 앞,202208, 448 , 461 
용산구,809. 한남 유수지 복개주차장,202208," 1,029 "," 1,101 "
용산구,810. 이태원지하보도,202208, 741 , 722 
용산구,811. 녹사평역1번출구,202208, 800 , 251 
용산구,812. 용산전쟁기념관,202208, 246 , 241 
용산구,813. 삼각지역 3번출구,202208," 1,110 "," 1,114 "
용산구,815. LIG강촌아파트 103동앞,202208," 1,306 "," 1,395 "
용산구,816. 신용산역 6번출구 앞,202208," 2,060 "," 2,091 "
용산구,817. 삼각지역 4번출구 앞,202208," 1,399 "," 1,427 "
용산구,818. 숙명여대 입구 교차로,202208," 1,905 "," 2,109 "
용산구,819. 선린인터넷 고등학교,202208," 2,003 "," 2,223 "
용산구,820. 청파동입구 교차로,202208," 1,043 ", 978 
용산구,822. 이촌1동 마을공원,202208, 453 , 458 
용산구,823. 효창동주민센터 앞,202208, 324 , 245 
용산구,825. 서빙고동 주민센터 앞,202208," 2,910 "," 3,363 "
용산구,827. 국군복지단,202208, 375 , 357 
용산구,828. 숙대입구역 8번,202208," 1,167 "," 1,155 "
용산구,829. 베르가모앞,202208," 2,231 "," 2,169 "
용산구,830. 청암자이아파트앞,202208, 509 , 433 
용산구,831. 이태원관광특구입구,202208, 255 , 236 
용산구,832. 이촌1동 주민센터 뒤,202208," 1,492 "," 1,560 "
용산구,834. 효창공원앞역 3번출구 뒤,202208," 1,680 "," 2,001 "
용산구,835. 남영역 건너편,202208," 1,546 "," 1,580 "
용산구,836. 현대자동차서비스 앞,202208, 785 , 789 
용산구,837. 한남나들목 입구,202208," 1,775 "," 1,897 "
용산구,838. 숙대입구역 4번출구,202208," 1,807 "," 1,910 "
용산구,839. 보광동 삼성리버빌아파트 앞,202208, 993 ," 1,065 "
용산구,840. 용산 파크타워 앞,202208, 474 , 448 
용산구,841. 신용산역 1번 출구,202208," 1,995 "," 1,994 "
용산구,843. 녹사평역 광장,202208, 788 , 365 
용산구,844. 이촌2동 동원베네스트 아파트 앞,202208," 1,121 "," 1,253 "
용산구,845. 용산 선인상가,202208, 855 , 858 
용산구,846. 용산중학교,202208," 1,221 "," 1,209 "
용산구,848. 삼각지12번 출구,202208, 666 , 670 
용산구,849. 삼각지 자이아파트,202208," 1,637 "," 1,631 "
용산구,850. KCC용산월츠타워 ,202208, 780 , 891 
용산구,851.효창 푸르지오 앞,202208, 322 , 171 
용산구,852.청암자이APT(103동),202208, 779 , 717 
용산구,853.용산역 맞은편,202208," 4,479 "," 4,501 "
용산구,854.HID 유족동지회 앞,202208, 215 , 122 
용산구,855.이촌역5번출구 앞,202208, 228 , 223 
용산구,857. 현대 안성타워,202208, 605 , 180 
용산구,858.녹사평역3번 출구,202208, 304 , 283 
용산구,859.남산공원 야외식물원 앞,202208, 201 , 50 
용산구,860.LG한강 자이아파트 앞,202208," 1,707 "," 1,740 "
용산구,863.이촌역2번 출구,202208, 470 , 439 
용산구,864.순천향대학병원(한남오거리),202208, 947 ," 1,013 "
용산구,865.하얏트호텔 앞,202208, 49 , 28 
용산구,866.브라운스톤 남산아파트,202208, 622 , 578 
용산구,867.서빙고역 광장(1번출구),202208, 357 , 345 
용산구,869.노들섬 동측 앞,202208, 371 , 374 
용산구,870.노들섬 서측 앞,202208," 3,509 "," 3,506 "
은평구,4652. 신사두산위브2차아파트 앞,202208," 1,353 "," 1,268 "
은평구,4653. 불광역 9번 출구 맞은편,202208, 923 , 931 
은평구,4657. 본 서부병원 교차로 사거리,202208," 1,711 "," 1,714 "
은평구,4658. 녹번역1번출구앞,202208, 670 , 503 
은평구,4659. 신진과학기술고등학교 버스정류장(응암시장 방면),202208," 1,270 "," 1,398 "
은평구,"4663. 불광역3,6호선 버스정류장(동명여고 방면)",202208, 972 , 946 
은평구,4665. 응암역3번 출구(서부경찰서 방면),202208, 634 , 685 
은평구,4667. 폭포동입구 교차로,202208, 404 , 276 
은평구,4668. 기자촌사거리,202208, 178 , 118 
은평구,4671. 청구성심병원 앞,202208, 906 , 935 
은평구,4672. 준빌딩 앞,202208, 369 , 366 
은평구,4674. 녹번역e편한세상 캐슬 정문 앞,202208," 1,232 "," 1,167 "
은평구,4676. 갈현1동 주민센터,202208, 716 , 721 
은평구,4677. 백련산 SK뷰 아이파크 해모로 아파트 앞,202208," 1,030 "," 1,128 "
은평구,4678. 백련산로 녹번센트레빌 ,202208, 492 , 450 
은평구,4681.박석고개(은평소방서) 앞,202208, 241 , 202 
은평구,4683. 은평 성모병원 사거리,202208, 524 , 522 
은평구,4684. 응암2동주민센터 버스정류장(영락중학교 방면),202208, 511 , 143 
은평구,4685. DMC역 5번 출구(수색역 방향),202208," 1,577 "," 1,535 "
은평구,4686. 우물골 근린공원,202208, 12 , 7 
은평구,4687. 역촌센트레빌아파트 101동 앞,202208, 5 , 1 
은평구,900. 은평예술회관,202208," 1,525 "," 1,583 "
은평구,902. 진관동 은빛초등학교,202208, 624 , 625 
은평구,903. 은평뉴타운 아이파크,202208, 951 ," 1,026 "
은평구,904. 은평뉴타운 푸르지오,202208, 885 , 976 
은평구,905. 구파발역 2번출구,202208," 2,504 "," 2,745 "
은평구,906. 연신내역 5번출구,202208," 3,205 "," 3,465 "
은평구,907. CJ 드림시티,202208," 4,618 "," 5,365 "
은평구,908. 구산역 4번출구,202208," 1,772 "," 1,810 "
은평구,909. 백련산 힐스테이트 3차,202208, 657 , 187 
은평구,911. 은평평화공원(역촌역4번출구),202208," 2,312 "," 2,350 "
은평구,912. 응암오거리,202208," 2,465 "," 3,069 "
은평구,913. 이마트 버스정류장(서부경찰서 방면),202208," 2,842 "," 2,873 "
은평구,914. 새절역 2번출구,202208," 2,986 "," 3,469 "
은평구,915. 증산역 4번출구,202208," 1,820 "," 2,133 "
은평구,916. 평생학습관 앞,202208," 1,430 "," 1,582 "
은평구,917. 녹번역 3번출구,202208," 1,442 "," 1,384 "
은평구,919. 서울혁신파크,202208, 905 , 924 
은평구,921. 신도고등학교,202208, 184 , 116 
은평구,922. 연신내역 4번출구,202208, 619 , 616 
은평구,923. 국민은행 연서지점,202208, 767 , 795 
은평구,924. 메뚜기다리,202208, 116 , 32 
은평구,925. 불광역 2번출구,202208, 744 , 748 
은평구,927. 연신내역 3번출구 인근,202208, 652 , 665 
은평구,928. 은평역사한옥박물관,202208, 412 , 310 
은평구,930. 구 서부경찰서 건너편,202208," 1,044 "," 1,128 "
은평구,931. 역촌파출소,202208," 3,446 "," 4,150 "
은평구,932. 예일여중,202208," 1,157 "," 1,193 "
은평구,933. 역촌종합시장 버스정류장(예일여고 방면),202208," 2,198 "," 2,515 "
은평구,934. 신사동 성당,202208, 339 , 183 
은평구,937. 상림마을 롯데캐슬2단지 옆,202208, 179 , 217 
은평구,938. 금암 문화공원,202208, 269 , 262 
은평구,939. 은평구청 교차로,202208," 1,145 "," 1,132 "
은평구,941. 은평뉴타운 도서관,202208, 514 , 314 
은평구,942. 상림마을 생태공원,202208, 528 , 502 
은평구,945. 기자촌 사거리,202208, 214 , 87 
은평구,946. 독바위역 ,202208, 877 , 756 
은평구,947. 연신내 선일하이츠빌 정류소,202208, 487 , 482 
은평구,948. 디지털미디어 시티역 4번출구(DMC역),202208, 766 , 723 
은평구,949. 연신내역 1번 출구 ,202208," 1,275 "," 1,506 "
은평구,950. 구산역 2번 출구 예일여고 버스정류장,202208," 1,630 "," 1,807 "
은평구,952. 서울연신중학교,202208, 389 , 389 
은평구,953. 서울연신초등학교,202208, 667 , 594 
은평구,954. 은평뉴타운구파발9단지,202208, 824 , 847 
은평구,956. 응암시장교차로,202208," 2,308 "," 3,086 "
은평구,958. 본 서부병원 버스정류장(은평 세무서 방면),202208," 1,258 "," 1,363 "
은평구,959. 구파발10단지 인근,202208, 335 , 331 
은평구,960. 구파발역 환승센터,202208, 742 , 908 
은평구,961. 불광역 9번 출구,202208," 1,631 "," 1,654 "
은평구,962. 은평뉴타운 힐데스하임,202208," 1,543 "," 1,564 "
은평구,963. 대호프라자아파트,202208, 949 , 951 
은평구,964. 북한산힐스테이트 7차아파트,202208, 535 , 321 
은평구,965. 서울특별시 은평병원,202208, 716 , 191 
은평구,966. 서울혁신파크1,202208, 331 , 311 
은평구,967. 서울혁신파크2,202208, 421 , 416 
은평구,968. 은평뉴타운 상림마을 13단지,202208, 154 , 132 
은평구,969. 은평 지웰테라스,202208, 185 , 161 
은평구,971. 역촌 센트레빌 아파트,202208, 471 , 96 
은평구,972. 수색역,202208," 1,701 "," 1,624 "
은평구,973.제각말푸르지오 5-1단지 아파트,202208, 398 , 191 
은평구,974.연신초등학교옆 마을마당,202208, 281 , 140 
은평구,975.백련산 힐스테이트상가앞,202208, 471 , 131 
은평구,976.진관고등학교앞,202208, 791 , 860 
은평구,977.신도중학교앞,202208, 318 , 80 
은평구,978.녹번 힐스테이트상가앞,202208, 456 , 277 
은평구,979.원풍빌라앞,202208, 752 , 691 
은평구,982. 녹번초등학교(서오릉로),202208, 918 ," 1,068 "
은평구,984.상신초등학교앞 버스정류장,202208," 1,316 "," 1,343 "
은평구,985. 은평세무서 버스정류장(은평구청 방면),202208," 1,475 "," 1,517 "
은평구,989. 신응교(가좌로) 앞,202208," 1,556 "," 2,042 "
은평구,991.흥국사 정류장,202208, 137 , 147 
은평구,992.북한산입구 정류장,202208, 218 , 205 
은평구,993.은평뉴타운 은뜨락아파트앞,202208, 554 , 339 
은평구,994.북한산생태공원입구(교통섬),202208, 328 , 296 
은평구,995.은평다목적체육관,202208, 610 , 478 
은평구,996.응암역2번출구 국민은행 앞,202208," 3,850 "," 4,857 "
종로구,301. 경복궁역 7번출구 앞,202208," 1,500 ", 937 
종로구,302. 경복궁역 4번출구 뒤,202208," 2,751 "," 2,470 "
종로구,303. 광화문역 1번출구 앞,202208," 2,879 "," 2,745 "
종로구,305. 종로구청 옆,202208, 478 , 436 
종로구,307. 서울역사박물관 앞,202208," 1,181 "," 1,122 "
종로구,308. 광화문 S타워 앞,202208," 2,289 "," 2,094 "
종로구,309. 광화문역 6번출구 옆 B,202208, 750 , 581 
종로구,314. 국립현대미술관,202208," 1,490 "," 1,486 "
종로구,316. 종각역 1번출구 앞,202208," 2,547 "," 2,488 "
종로구,326. 안국역 5번출구 앞,202208," 1,894 "," 1,407 "
종로구,327. 낙원상가 옆,202208," 1,777 "," 1,665 "
종로구,328. 탑골공원 앞,202208," 1,025 ", 932 
종로구,329. 청계2가 사거리 옆,202208," 2,089 "," 1,678 "
종로구,334. 종로3가역 2번출구 뒤,202208," 1,829 "," 1,650 "
종로구,335. 종로3가역 15번출구 앞,202208," 1,126 "," 1,109 "
종로구,337. 창경궁 입구,202208, 871 , 867 
종로구,338. 세운스퀘어 앞,202208," 1,050 "," 1,045 "
종로구,339. 종로4가 사거리,202208," 1,475 "," 1,461 "
종로구,340. 혜화동 로터리,202208," 1,778 "," 1,771 "
종로구,3401.창신두산아파트,202208, 241 , 257 
종로구,3402.이화공영주차장,202208, 545 , 553 
종로구,3403.서울특별시 교육청,202208, 206 , 73 
종로구,3404.서울특별시 중부교육지원청,202208, 136 , 136 
종로구,3405.파크팰리스,202208," 1,308 "," 1,210 "
종로구,3406.세종로공원,202208," 1,189 "," 1,042 "
종로구,3407.안국동사거리(신),202208," 1,884 "," 1,645 "
종로구,3408.종로타워빌딩,202208," 1,462 "," 1,406 "
종로구,341. 혜화역 3번출구 뒤,202208," 1,289 "," 1,266 "
종로구,3410.종로3가역 8번출구,202208," 2,957 "," 2,966 "
종로구,3411.종묘,202208, 914 , 917 
종로구,3412.세운상가,202208, 868 , 852 
종로구,3413.종로플레이스,202208," 2,220 "," 2,163 "
종로구,3414.종로5가역 4번출구,202208," 1,185 "," 1,192 "
종로구,3415.동대문역6번출구,202208," 1,817 "," 1,918 "
종로구,3416.동묘앞역 6번출구,202208," 2,156 "," 2,170 "
종로구,3417.창신3동주민센터,202208," 1,410 "," 1,394 "
종로구,3418.창신역2번 출구,202208, 117 , 113 
종로구,3419.국립어린이과학관,202208, 653 , 653 
종로구,342. 대학로 마로니에공원,202208," 2,866 "," 2,809 "
종로구,3420. 성균관대입구사거리,202208," 1,421 "," 1,407 "
종로구,3421.혜화역 1번출구,202208," 2,577 "," 2,562 "
종로구,3422.성균관대 정문,202208," 1,971 "," 1,905 "
종로구,3423.현대그룹(본사),202208," 1,078 "," 1,016 "
종로구,3425.광화문 풍림스페이스본 1단지앞,202208, 804 , 610 
종로구,3426.독립문역 2번출구 뒤,202208, 356 , 308 
종로구,3427.인왕산 아이파크 정문,202208, 301 , 252 
종로구,3428.서울미술관,202208, 212 , 109 
종로구,3429.HW컨벤션센터 앞,202208, 247 , 85 
종로구,343. 예일빌딩(율곡로) 앞,202208, 69 , 69 
종로구,3430.구기치안센터 앞,202208, 128 , 40 
종로구,3431.로제우스 레포츠센터,202208, 190 , 113 
종로구,3432.종로2가 사거리,202208," 1,562 "," 1,355 "
종로구,344. 성균관대 E하우스 앞,202208," 1,024 "," 1,004 "
종로구,345. 서울보증보험본사 앞,202208," 1,459 "," 1,467 "
종로구,348. 독립문역 사거리,202208," 1,208 ", 922 
종로구,349. 사직동주민센터,202208, 872 , 832 
종로구,351. 청운초교 앞 삼거리,202208, 757 , 650 
종로구,352. 중앙고입구 삼거리,202208, 410 , 190 
종로구,353. 재동초교 앞 삼거리,202208," 1,168 "," 1,163 "
종로구,354. 포르투갈 대사관 앞,202208," 1,167 ", 746 
종로구,355. 서울사대부속초교 앞,202208," 1,563 "," 1,536 "
종로구,356. KT혜화지사 앞,202208," 1,194 "," 1,178 "
종로구,358. 성대입구 사거리,202208," 1,211 "," 1,204 "
종로구,359. 원남동사거리,202208," 1,116 "," 1,107 "
종로구,361. 동묘앞역 1번출구 뒤,202208," 3,940 "," 4,117 "
종로구,362. 청계8가 사거리,202208," 2,204 "," 2,247 "
종로구,363. 신설동역 11번출구 뒤,202208," 2,181 "," 2,220 "
종로구,364. 창신역 1번출구 앞,202208, 472 , 428 
종로구,367. 독립문역 3-1번출구 ,202208," 1,517 "," 1,132 "
종로구,368. SK 서린빌딩 앞,202208," 2,002 "," 2,044 "
종로구,369. 광화문 시민열린마당,202208," 1,514 "," 1,186 "
종로구,385. 종각역 5번출구,202208," 1,701 "," 1,669 "
종로구,388. 동성중학교 앞,202208, 496 , 483 
종로구,393. 동대문역 8번 출구,202208," 2,703 "," 2,695 "
종로구,394. 경희궁 자이 3단지,202208," 1,002 "," 1,146 "
종로구,395. 경희궁 자이 2단지,202208," 1,181 "," 1,201 "
종로구,397. 종묘공영주차장 건너편,202208, 413 , 393 
종로구,446. 상명대입구,202208, 671 , 669 
종로구,447. 신영동삼거리,202208, 117 , 86 
종로구,449. 일성아파트,202208, 315 , 101 
종로구,450. 효자동 삼거리,202208," 1,183 ", 855 
종로구,451. 청와대앞길,202208, 349 , 189 
종로구,452. 동대문 종합시장 버스정류장,202208, 781 , 733 
종로구,453. 종로오가 지하쇼핑센터 14번출구,202208," 1,259 "," 1,225 "
종로구,454. 종로2가 버스정류장 (종각방향),202208," 1,321 "," 1,299 "
종로구,455. 종로6가역 버스정류장(동대문 방향),202208," 1,043 "," 1,036 "
종로구,456. 숭인2동 주민센터 입구,202208," 1,498 "," 1,578 "
종로구,457. 종로꽃시장 입구 옆,202208," 1,083 "," 1,073 "
종로구,458. 광화문역 5번출구,202208," 3,957 "," 3,644 "
종로구,461. 서울지방경찰청,202208," 1,280 "," 1,161 "
종로구,462. 신영동삼거리(북악터널방향),202208, 84 , 81 
종로구,464. 삼청동 골목,202208, 974 , 880 
종로구,465. 삼청공원 앞,202208, 157 , 101 
종로구,4703. 쌍용아파트2단지 정문,202208, 309 , 39 
종로구,4705. 웰니스센터(민방위교육장 앞),202208," 1,322 "," 1,330 "
종로구,4707. 청계3가 사거리,202208, 996 , 984 
종로구,4708. 조계사앞사거리,202208," 1,585 "," 1,572 "
종로구,4709. 천지인 오피스텔 앞,202208, 125 , 87 
종로구,4710. 자교교회 앞,202208," 1,490 "," 1,706 "
종로구,4711. 올림픽기념 국민생활관 로터리,202208," 1,758 "," 1,782 "
종로구,4713. 현대 뜨레비앙 아파트 앞,202208," 1,439 "," 1,404 "
종로구,4715. 돈의문 박물관 마을,202208, 853 , 520 
종로구,4718. 광화문역 6번출구 옆 A,202208," 1,167 "," 1,081 "
종로구,4719. 종로문화원 건너편,202208, 739 , 709 
종로구,486. 평창동주민센터 앞,202208, 254 , 195 
중구,300. 정동사거리,202208," 1,110 "," 1,064 "
중구,3013.서울지방고용노동청 앞,202208," 1,546 "," 1,316 "
중구,310. 청계광장 옆,202208," 1,664 "," 1,380 "
중구,318. 광교사거리 남측,202208, 967 , 968 
중구,320. 을지로입구역 4번출구 앞,202208," 1,407 "," 1,403 "
중구,321. KEB 하나금융그룹 명동사옥 옆,202208," 1,122 "," 1,078 "
중구,322. 명동성당 앞,202208, 629 , 592 
중구,324. 신세계백화점 본점 앞,202208," 1,012 "," 1,029 "
중구,331. 을지로2가 사거리 북측,202208, 712 , 704 
중구,332. 을지로2가 사거리 남측,202208, 714 , 700 
중구,336. 충무로역 6번출구 앞,202208, 955 , 933 
중구,346. 맥스타일 앞,202208," 1,112 "," 1,102 "
중구,347. 동대문역사문화공원역 9번출구 앞,202208, 700 , 502 
중구,370. 시청역(2호선) 9번출구 뒤,202208," 2,613 "," 2,468 "
중구,371. 동대입구역 6번출구 뒤,202208, 626 , 620 
중구,372. 약수역 3번출구 뒤,202208, 801 , 810 
중구,374. 청구역 2번출구 앞,202208," 1,880 "," 1,940 "
중구,379. 서울역9번출구,202208, 978 , 969 
중구,380. CJ제일제당 앞,202208," 1,455 "," 1,426 "
중구,381. 장충체육관,202208, 125 , 86 
중구,382. 약수역 10번출구 앞,202208, 527 , 528 
중구,383. 신당역 12번 출구 뒤,202208," 3,724 "," 3,809 "
중구,384. 종로학원본원 ,202208, 202 , 204 
중구,387. 훈련원공원주차장 앞,202208," 1,618 "," 1,465 "
중구,389. 을지로4가역 1번출구,202208," 1,081 "," 1,065 "
중구,390. 충무로역 1번출구,202208," 1,158 "," 1,157 "
중구,391. 시립미술관,202208," 1,044 ", 887 
중구,398. 을지로3가역 3번출구,202208," 1,651 "," 1,631 "
중구,399. 서울역 센트럴 자이아파트,202208, 932 , 535 
중구,428. 명보사거리,202208, 552 , 545 
중구,429. 송도병원,202208, 119 , 112 
중구,430. 장충동먹자골목 앞,202208, 901 , 924 
중구,431. 청계천 영도교,202208," 3,515 "," 3,605 "
중구,433. 을지로입구역 2번출구,202208," 1,487 "," 1,440 "
중구,434. 신당 래미안 버스정류장,202208, 405 , 39 
중구,435. SK 남산빌딩,202208, 340 , 313 
중구,441.염천교사거리,202208, 536 , 535 
중구,442.서울역 서부,202208, 467 , 460 
중구,443.호암아트홀,202208, 192 , 175 
중구,445.대한상공회의소,202208," 1,398 "," 1,370 "
중구,466.롯데호텔,202208, 650 , 446 
중구,468.웨스틴 조선호텔,202208, 691 , 709 
중구,469.회현역 1번출구,202208, 453 , 345 
중구,470.회현역 7번출구,202208, 483 , 345 
중구,471.회현사거리 남측,202208, 722 , 717 
중구,472.삼일교(시그니쳐 타워),202208," 1,369 "," 1,154 "
중구,473.을지로4가역 9번출구,202208," 2,050 "," 2,010 "
중구,474.동대문역사문화공원역 1번출구 뒤편,202208," 2,115 "," 1,675 "
중구,475.DDP 패션몰,202208," 1,152 ", 964 
중구,4752. 삼성사이버빌리지아파트,202208, 391 , 283 
중구,4753. 시청역 10번출구,202208, 599 , 525 
중구,476.광희문,202208, 972 , 954 
중구,4760. 서울역 7번출구,202208, 149 , 143 
중구,4761. 중부경찰서앞사거리 건너편,202208, 389 , 374 
중구,4762. 국제빌딩,202208, 480 , 428 
중구,4765. 동대문디자인플라자,202208," 1,947 "," 1,846 "
중구,4766. 서소문성지역사박물관,202208, 368 , 235 
중구,4768. 서울도시건축전시관,202208," 2,694 "," 2,336 "
중구,477.앰배서더 호텔 주변,202208, 650 , 270 
중구,4772. 중앙일보,202208, 257 , 213 
중구,4774. 을지로입구역 8번출구,202208, 738 , 735 
중구,4775. 을지로지하쇼핑센터,202208, 585 , 550 
중구,4776. 신세계면세점,202208, 477 , 469 
중구,4777. 약수동 주민센터,202208, 153 , 156 
중구,4778. 대신파이낸스센터,202208," 1,071 "," 1,043 "
중구,4781. 브라운스위트레지던스,202208, 471 , 442 
중구,4782. 서소문역사공원,202208, 190 , 161 
중구,4784. 중부경찰서앞 사거리,202208, 517 , 498 
중구,4785. 롯데시티호텔,202208, 518 , 469 
중구,479.동대입구역 3번 출구,202208, 390 , 377 
중구,4791. 명동역9번 출구,202208," 1,367 "," 1,308 "
중구,4792. 퇴계로4가 교차로(중구청),202208," 1,882 "," 1,873 "
중구,4793. 동대문역사문화공원역 5번출구,202208, 926 , 911 
중구,4794. 서울역 서부교차로(3),202208," 1,162 "," 1,219 "
중구,4796. 부산은행,202208," 1,881 "," 1,766 "
중구,4797. KG타워 앞,202208," 1,035 "," 1,039 "
중구,4798. 황학동롯데캐슬,202208," 2,374 "," 2,407 "
중구,480.약수역 6번 출구,202208, 461 , 459 
중구,4800. 필동 삼거리,202208, 712 , 719 
중구,4801. 충정로역 2호선(엘리베이터 앞),202208, 229 , 152 
중구,481.신당역 10번 출구,202208," 1,796 "," 1,866 "
중구,483.남산타운아파트 버스정류장,202208, 373 , 129 
중구,484.도동삼거리,202208, 206 , 106 
중구,485.서울역5번출구,202208," 1,064 "," 1,105 "
중구,826. 서울역 서부교차로2,202208," 1,345 "," 1,438 "
중랑구,1401. 극동늘푸른아파트,202208," 1,946 "," 2,090 "
중랑구,1402. 금란주차장 앞,202208," 1,148 "," 1,180 "
중랑구,1403. 중화빌딩 앞 (동부시장),202208," 1,223 "," 1,265 "
중랑구,1404. 동일로 지하차도,202208," 1,886 "," 1,902 "
중랑구,1405. 망우역 1번출구,202208, 968 , 972 
중랑구,1406. 망우청소년수련관,202208, 293 , 199 
중랑구,1407. 먹골역 1번출구 뒤,202208," 1,499 "," 1,537 "
중랑구,1408. 먹골역 6번출구 앞,202208," 1,204 "," 1,456 "
중랑구,1410. 면목 대원칸타빌아파트,202208, 203 , 95 
중랑구,1411. 상봉시장앞 교차로 한성빌딩 앞,202208," 1,280 "," 1,279 "
중랑구,1413. 봉화산역 5번출구 뒤,202208," 1,405 "," 1,485 "
중랑구,1414. 사가정역 2번출구,202208," 2,954 "," 3,060 "
중랑구,1416. 상봉역 3번출구,202208," 1,897 "," 2,060 "
중랑구,1418. 새솔초등학교,202208, 451 , 63 
중랑구,1420. 신내어울공원 앞,202208, 857 , 879 
중랑구,1421. 신내역 4번출구,202208, 492 , 413 
중랑구,1422. 신내우디안아파트 1단지,202208, 236 , 89 
중랑구,1424. 양원역 2번출구,202208, 142 , 127 
중랑구,1425. 용마문화복지센터,202208, 566 , 417 
중랑구,1426. 면목도시개발아파트 1동 앞,202208, 478 , 127 
중랑구,1427. 용마산역 1번출구,202208, 262 , 222 
중랑구,1428. 원묵고등학교,202208," 1,252 ", 800 
중랑구,1429. 장안중학교,202208," 1,012 "," 1,135 "
중랑구,1430. 중랑구청,202208," 1,123 ", 510 
중랑구,1431. 중랑구청 사거리,202208," 1,453 "," 1,275 "
중랑구,1433. 중화역 2번출구,202208," 1,707 "," 1,929 "
중랑구,1435. 능산삼거리,202208, 320 , 296 
중랑구,1436. 동원베네스트 건물 앞,202208, 405 , 340 
중랑구,1437. 늘푸른공원 앞,202208," 1,497 "," 1,988 "
중랑구,1438. 홈플러스 신내점 앞,202208," 2,484 "," 2,738 "
중랑구,1440. 면목2동 사거리,202208, 120 , 185 
중랑구,1441. 신내능말공원,202208, 546 , 342 
중랑구,1442. 중랑구 중소기업 창업센터,202208," 2,336 "," 2,551 "
중랑구,1444. 면목4치안센터,202208," 1,211 "," 1,606 "
중랑구,1445. 용마지구대,202208, 247 , 280 
중랑구,1446. 중랑전화국 교차로,202208," 1,950 "," 2,253 "
중랑구,1447. 면목역 3번출구,202208," 2,725 "," 2,927 "
중랑구,1448. 코스트코 상봉점,202208," 2,173 "," 2,158 "
중랑구,1449. 상봉역 1번출구,202208," 2,532 "," 2,537 "
중랑구,1450. 화랑대역 7번출구,202208," 1,648 "," 1,830 "
중랑구,1451. 중랑세무서,202208," 2,654 "," 2,774 "
중랑구,1452. 겸재교 진입부,202208," 2,860 "," 3,309 "
중랑구,1453. 중랑캠핑숲,202208, 90 , 98 
중랑구,1454. 한국전력공사(동대문 중랑지사),202208, 936 , 991 
중랑구,1455. 상봉역 2번 출구,202208," 2,208 "," 2,305 "
중랑구,1456. 상아빌딩(우림시장 교차로),202208," 1,557 "," 1,680 "
중랑구,1457. 동원사거리,202208, 618 , 607 
중랑구,1458. 상봉터미널2,202208," 2,555 "," 2,604 "
중랑구,1459. 용마한신아파트사거리,202208, 259 , 260 
중랑구,1461.동양엔파트 앞,202208," 1,466 "," 1,458 "
중랑구,1462.동부시장 북문 앞,202208," 2,069 "," 2,108 "
중랑구,1463.중랑구민회관,202208, 280 , 292 
중랑구,1464.중화역 4번출구,202208, 991 ," 1,291 "
중랑구,1465.중랑공영차고지 옆,202208, 943 ," 1,236 "
중랑구,1466.두산대림아파트 삼거리,202208, 520 , 560 
중랑구,1467.sk신내 주유소앞(용마산로),202208, 175 , 170 
중랑구,1468.먹골역 7번 출구,202208, 929 ," 1,030 "
중랑구,1469.먹골역 4번출구,202208," 1,067 "," 1,078 "
중랑구,1470.중화동 우리은행 앞,202208," 1,249 "," 1,382 "
중랑구,1471.동양쇼핑 정류소 앞,202208," 1,613 "," 1,835 "
중랑구,1472.영성빌딩(PAT),202208, 797 ," 1,006 "
중랑구,1473.중랑역 1번 출구(중화문화복지센터),202208," 1,125 "," 1,287 "
중랑구,1474.서울중랑우체국,202208, 957 , 957 
중랑구,1477.면목삼익아파트 앞,202208, 361 , 369 
중랑구,1478.홈플러스 상봉점 앞,202208," 1,725 "," 1,725 "
중랑구,1479.면목 홈플러스 2 ,202208, 462 , 462 
중랑구,1480. 용마지구대 옆,202208, 775 , 802 
중랑구,4802. 새우개마을,202208, 228 , 230 
중랑구,4803. 상봉2동 주민센터 앞,202208, 395 , 417 
중랑구,4804. 동서울농협 앞,202208," 1,570 "," 1,590 "
중랑구,4807. 라코지스테이 앞,202208, 534 , 541 
중랑구,4808. 신내2동 주민센터 앞,202208, 683 , 678 
중랑구,"4809. 동성1,2차 아파트 앞",202208," 1,432 "," 1,098 "
중랑구,4811. 한양수자인아파트 앞,202208, 384 , 258 
중랑구,4812. 묵동 이마트 앞,202208," 1,755 "," 1,803 "
중랑구,4813. 망우지구대,202208," 1,929 "," 1,936 "
중랑구,4815. 중랑데시앙플렉스 앞,202208, 376 , 379 
중랑구,4819. 면목동 새싹어린이공원 앞,202208," 1,333 "," 1,478 "
중랑구,4820. 망우역 2번 출구,202208," 1,458 "," 1,472 "
중랑구,4821. 동원초등학교 정문 앞,202208, 474 , 566 
중랑구,4823. 방정환교육지원센터 옆,202208," 1,064 "," 1,100 "
중랑구,4824. 상봉신협 앞,202208," 1,321 "," 1,376 "
중랑구,4825. 신내동 벽산아파트 후문 앞,202208, 960 , 956 
중랑구,4826. 홈플러스 면목점,202208," 1,058 "," 1,144 "
중랑구,4827. 신내SK V1센터 앞,202208, 357 , 295 
중랑구,4828. 신내동 한살림 중랑지구 앞,202208," 1,048 "," 1,093 "
중랑구,4829. 신내동 한살림 중랑지구 북축,202208, 525 , 507 
중랑구,4830. 신내 우디안 111동 앞,202208, 105 , 89 
중랑구,4834. 용마복지센터 앞,202208, 243 , 156 
중랑구,4835. 망우동 본죽 앞,202208, 882 , 898 
중랑구,4836. 양원역 1번 출구,202208, 591 , 592 
중랑구,4837. 양원지구 힐데스하임 앞,202208, 941 , 964 
중랑구,4838.동원사거리 행복오피스텔 앞,202208, 701 , 588 
중랑구,4840. 서울시 북부병원 앞,202208, 476 , 487 
강남구,2301. 현대고등학교 건너편,202209," 3,917 "," 4,058 "
강남구,2302. 교보타워 버스정류장(신논현역 3번출구 후면),202209," 1,281 "," 1,250 "
강남구,2303. 논현역 10번출구,202209," 1,745 "," 1,452 "
강남구,2304. 대현그린타워,202209, 184 , 122 
강남구,2305. MCM 본사 직영점 앞,202209, 426 , 431 
강남구,2306. 압구정역 2번 출구 옆,202209," 2,536 "," 2,448 "
강남구,2307. 압구정 한양 3차 아파트,202209, 660 , 556 
강남구,2308. 압구정파출소 앞,202209," 1,296 "," 1,303 "
강남구,2309. 청담역(우리들병원 앞),202209, 518 , 329 
강남구,2310. 청담동 맥도날드 옆(위치),202209, 651 , 683 
강남구,2311. 학동로 래미안 아파트 앞,202209, 345 , 160 
강남구,2312. 청담역 13번 출구 앞,202209, 838 , 743 
강남구,2313. 금원빌딩 앞,202209, 990 ," 1,077 "
강남구,2314. 청담나들목입구,202209, 942 , 952 
강남구,2315. 봉은사역 5번출구 옆,202209," 1,103 "," 1,101 "
강남구,2317. 삼성도로공원,202209," 1,280 "," 1,270 "
강남구,2318. 삼성중앙역4번출구(문화센터더 리빌),202209, 555 , 298 
강남구,2319. 포스코사거리 서측(수협 삼성동 지점),202209, 932 , 926 
강남구,2320. 도곡역 대치지구대 방향,202209, 888 , 902 
강남구,2321. 학여울역 사거리,202209, 767 , 720 
강남구,2323. 주식회사 오뚜기 정문 앞,202209, 776 , 803 
강남구,2324. 천주교 대치 2동 교회 옆,202209," 1,807 "," 1,846 "
강남구,2325. 대치삼성아파트 앞 교차로,202209," 1,132 "," 1,108 "
강남구,2326. 대치동 삼성로,202209, 580 , 413 
강남구,2327. 뱅뱅사거리 랜드마크타워 앞,202209," 1,560 "," 1,625 "
강남구,2328. 르네상스 호텔 사거리 역삼지하보도 7번출구 앞,202209, 700 , 672 
강남구,2329. 르네상스호텔사거리 역삼지하보도 2번출구,202209, 561 , 543 
강남구,2330. 역삼월드메르디앙아파트 앞,202209, 966 , 958 
강남구,2331. 동영문화센터앞,202209, 801 , 725 
강남구,2332. 선릉역3번출구,202209," 1,836 "," 1,833 "
강남구,2333. 양재역 3번출구 주변,202209," 1,663 ", 869 
강남구,2334. 삼호아파트 2동 ( 간선도로),202209, 329 , 292 
강남구,2335. 3호선 매봉역 3번출구앞,202209," 2,643 "," 2,724 "
강남구,2336. 강남세브란스교차로  래미안그레이튼 104동 앞,202209, 597 , 524 
강남구,2337. 대모산입구역 2번출구 앞,202209, 725 , 653 
강남구,2339. 현대아파트 정문 앞,202209, 723 , 723 
강남구,2340. 삼호물산버스정류장(23370) 옆,202209," 2,831 "," 2,982 "
강남구,2341. 일원역 4~5번 출구 사이,202209, 803 , 376 
강남구,2342. 대청역 1번출구  뒤,202209," 1,903 "," 1,945 "
강남구,2343. 세곡사거리 대왕파출소 앞,202209, 163 , 125 
강남구,2344. 리엔파크 2단지 앞,202209, 657 , 669 
강남구,2347. 두산건설 본사,202209, 258 , 135 
강남구,2348. 포스코사거리(기업은행),202209," 2,306 "," 2,428 "
강남구,2349. 역삼빌딩 앞(하나은행 옆),202209, 334 , 284 
강남구,2350. 래미안그레이튼102동앞,202209, 270 , 270 
강남구,2351. 청소년수련관(수영장)앞,202209, 555 , 424 
강남구,2352. 서울본부세관(건설회관 앞),202209, 214 , 149 
강남구,2353. 강남구청역 2번출구 뒤,202209, 587 , 498 
강남구,2354. 청담역 2번출구,202209, 377 , 376 
강남구,2356. 강남구청,202209, 742 , 475 
강남구,2357. 르네상스호텔사거리 역삼지하보도 3번출구 앞 (더 오번 빌딩 명동칼국수 앞),202209, 382 , 384 
강남구,2358. 구룡초사거리 (현대아파트10동 앞 ),202209, 512 , 511 
강남구,"2359. 국립국악중,고교 정문 맞은편",202209," 1,126 "," 1,132 "
강남구,2360. 도곡1동 주민센터 교차로,202209, 772 , 763 
강남구,2362. 신사동 가로수길 입구,202209," 1,468 "," 1,343 "
강남구,2363. 강남 을지병원 교차로,202209, 530 , 427 
강남구,2364. 도산공원교차로,202209, 757 , 728 
강남구,2365. K+ 타워 앞,202209," 1,072 "," 1,091 "
강남구,2368. 도곡동 경남아파트 건너편,202209, 341 , 307 
강남구,2369. KT선릉타워,202209," 1,465 "," 1,441 "
강남구,2370. 한티역 3번출구,202209, 710 , 485 
강남구,2371. 한국우편사업진흥원,202209, 200 , 112 
강남구,2372. 대치역 사거리,202209," 1,309 "," 1,348 "
강남구,2373. 개포동역 사거리,202209, 852 , 818 
강남구,2375. 수서역 1번출구 앞,202209," 1,454 "," 1,489 "
강남구,2376. 수서역 6번출구 앞,202209, 564 , 632 
강남구,2377. 수서역 5번출구,202209," 3,742 "," 3,987 "
강남구,2380. 삼성동베이직하우스앞,202209, 535 , 425 
강남구,2381. 언주역 6번출구앞,202209, 558 , 553 
강남구,2382. 역삼동 sk뷰 501동앞,202209, 546 , 543 
강남구,2383. 보금자리정원,202209, 383 , 411 
강남구,2384. 자곡사거리,202209," 2,050 "," 2,175 "
강남구,2385. 학동역,202209, 844 , 783 
강남구,2386. 크린랩 본사,202209, 307 , 192 
강남구,2387. 래미안강남힐즈 사거리,202209," 1,241 "," 1,258 "
강남구,2388. 강남구 도시관리공단,202209, 610 , 254 
강남구,2389. 경기여자고등학교 후문 (삼성로3길 입구),202209, 827 , 808 
강남구,2390. 구룡마을 입구 (래미안블레스티지 아파트),202209, 399 , 376 
강남구,2391. 구룡터널 입구(개포1단지아파트),202209, 19 , 15 
강남구,2392. 구룡산 입구 (구룡산 서울둘레길 입구),202209, 163 , 88 
강남구,2393. 구룡사 앞 교차로 (보도육교),202209, 124 , 83 
강남구,2394. 개포래미안포레스트아파트 107동 앞,202209, 775 , 760 
강남구,2395. 개포1단지아파트 입구 (보도육교),202209, 167 , 89 
강남구,2396. 영동3교 북단(우성캐릭터 앞 보도),202209, 674 , 676 
강남구,2398. 더라움,202209, 209 , 210 
강남구,2401. 밀알학교 입구 (삼성서울병원 입구),202209, 414 , 271 
강남구,2403. 공무원연금매점 교차로 (개포주공9단지 입구),202209, 1 , 1 
강남구,2404. 대모산입구역 4번 출구 앞,202209," 2,070 "," 2,046 "
강남구,2405. 청담공원앞 교차로,202209," 1,381 ", 423 
강남구,2406. 논현동 광명빌딩 앞,202209, 649 , 347 
강남구,2407. 역삼.서초.삼성 세무서 앞 (역삼빌딩 앞),202209," 2,000 "," 1,981 "
강남구,2408. 강남한양수자인아파트,202209," 1,142 "," 1,138 "
강남구,2409. 역삼동 디오슈페리움 (우성아파트 사거리),202209," 1,165 "," 1,160 "
강남구,2410. 포스코피앤에스타워 (역삼역 3번출구 부근),202209," 1,164 ", 756 
강남구,2411. 세곡동 성당,202209," 1,054 "," 1,043 "
강남구,2412. 일원1동 주민센터,202209," 1,312 "," 1,379 "
강남구,2413.도곡역 1번 출구,202209," 1,294 "," 1,271 "
강남구,2414. 도곡역 아카데미스위트 앞,202209," 2,105 "," 2,123 "
강남구,2415.한티역 롯데백화점 앞,202209," 1,353 "," 1,352 "
강남구,2416.한티역 6번 출구,202209, 576 , 546 
강남구,2417.선정릉 디캠프(D.CAMP)앞,202209, 346 , 349 
강남구,2418.봉은사역 7번 출구 ,202209," 1,017 "," 1,020 "
강남구,"2419.봉은사역 1,2번 출구 ",202209, 858 , 844 
강남구,2420.학여울역 사거리(LG베스트샵 앞),202209," 1,417 "," 1,290 "
강남구,2421. 신논현역 4번출구,202209," 1,299 ", 898 
강남구,2422.수서동 성당 맞은편,202209, 802 , 921 
강남구,2423.영희초교 사거리(래미안개포루체하임),202209," 1,272 "," 1,364 "
강남구,2425.세곡동 사거리(대왕초등학교 정류장),202209, 193 , 198 
강남구,2426.강남한신휴플러스 6단지,202209, 763 , 744 
강남구,2427.개포고등학교 정문앞,202209, 533 , 509 
강남구,2428.롯데리아 개포점앞,202209, 607 , 613 
강남구,2429.압구정로데오역 6번출구,202209," 1,327 "," 1,331 "
강남구,2430.강남파이낸스센터앞(역삼역2번출구),202209, 679 , 589 
강남구,2431.대치역 7번출구,202209," 1,818 "," 1,854 "
강남구,3602. 한국지역난방공사강남지사,202209, 413 , 491 
강남구,3604. 삼성중앙역 5번출구,202209, 845 , 583 
강남구,3606. 신사동주민센터 옆,202209," 1,367 "," 1,394 "
강남구,3609. 언주초등학교 입구,202209, 775 , 712 
강남구,3610. 윗반마을 입구,202209, 154 , 147 
강남구,3611. 방죽마을 입구,202209, 385 , 386 
강남구,3612. 은곡마을,202209, 705 , 815 
강남구,3614. 은마아파트 입구 사거리,202209," 1,559 "," 1,541 "
강남구,3615. 서울 논현동우체국 앞,202209, 336 , 274 
강남구,3616. 역삼중학교 앞(체육관 방향),202209, 260 , 260 
강남구,3618. 서울율현초교 삼거리,202209, 988 ," 1,090 "
강남구,3620. 청담역 11번 출구,202209, 225 , 74 
강남구,3621. 휘문고교 사거리,202209, 511 , 249 
강남구,3622. 은마아파트입구 사거리(1),202209, 313 , 247 
강남구,3623. 일원에코파크 앞(개포로 방면),202209, 967 , 998 
강남구,3624. 대모산입구역 7번 출구 앞,202209, 380 , 314 
강남구,3627. 압구정나들목,202209," 3,011 "," 3,081 "
강남구,3628. 역삼1동 주민센터,202209," 1,276 "," 1,285 "
강남구,3629. 청담사거리(신한오피스텔빌딩 앞),202209, 805 , 907 
강남구,3630. 개포우성6차아파트 정문 앞,202209, 399 , 370 
강남구,3634. 국악고교 앞 교차로,202209, 463 , 470 
강남구,3636. 삼성중앙역·플래티넘아파트 정류소,202209, 648 , 637 
강남구,3637. 세곡데이케어센터,202209, 284 , 296 
강남구,3638. 신청담나들목,202209, 626 , 633 
강남구,3640. 일원1동주민센터앞 사거리,202209, 844 , 872 
강남구,3641. 대청역,202209, 786 , 778 
강남구,3642. LH강남힐스테이트아파트,202209, 682 , 299 
강남구,3643. 더시그넘하우스 앞,202209, 755 , 760 
강남구,3644. 상록수아파트,202209, 739 , 388 
강남구,3646. 선정릉역 4번 출구,202209, 399 , 399 
강남구,3647. 구룡역 1번 출구,202209, 223 , 213 
강남구,3648. 구룡역 4번 출구,202209, 192 , 194 
강남구,3649. 구룡역 5번 출구,202209, 275 , 267 
강남구,3651. 개포동역 4번출구,202209," 1,386 "," 1,379 "
강남구,4901.KT&G타워 옆(상상마당 대치아트홀),202209, 685 , 533 
강남구,4902. 구역삼세무서 교차로,202209," 1,021 "," 1,023 "
강남구,4903. 신사스퀘어,202209, 450 , 444 
강남구,4905. 강남경찰서,202209," 1,825 "," 1,830 "
강남구,4906. 섬유센터 앞,202209," 2,052 "," 2,095 "
강남구,4907. 극동스포츠 앞,202209, 670 , 635 
강남구,4908. SB타워 앞,202209, 346 , 333 
강남구,4909. 노보텔 앰배서더 앞,202209, 426 , 189 
강남구,4911. 도곡동 골프 로데오거리,202209, 471 , 468 
강남구,4913. 레베쌍트 빌딩 앞,202209, 293 , 297 
강남구,4914. 도심공항타워 앞,202209, 901 , 883 
강남구,4915. 영동중앙교회 버스정류장,202209, 261 , 262 
강동구,1001. 광진교 남단 사거리(천호공원 방면),202209," 2,472 "," 2,480 "
강동구,1002. 해공공원(천호동),202209," 3,474 "," 3,589 "
강동구,1003. 해공도서관앞,202209," 1,447 "," 1,463 "
강동구,1004. 삼성광나루아파트 버스정류장,202209," 2,507 "," 3,409 "
강동구,1006. 롯데캐슬 115동앞,202209, 328 , 330 
강동구,1007.암사동 선사유적지,202209, 275 , 277 
강동구,1008. 암사역 3번출구(국민은행앞),202209," 4,927 "," 6,191 "
강동구,1009. 천호역4번출구(현대백화점),202209," 6,773 "," 6,755 "
강동구,1010. 강동세무서,202209," 3,694 "," 3,716 "
강동구,1011. LIGA 아파트 앞,202209," 4,040 "," 4,051 "
강동구,1012. 서울 상운차량,202209," 1,926 "," 1,893 "
강동구,1013. 강동구청역 1번 출입구,202209," 2,791 "," 2,807 "
강동구,1015. 샛마을 근린공원,202209," 1,232 "," 1,205 "
강동구,1016. 해뜨는 주유소옆 리엔파크 109동앞,202209," 1,041 "," 1,037 "
강동구,1017. 둔촌고교입구 교차로(길동주민센터 방면),202209," 2,461 "," 2,500 "
강동구,1018. 둔촌 주공 GS 맞은편,202209, 994 , 967 
강동구,1019. 다성이즈빌아파트(호원대 대각선 맞은편),202209," 4,840 "," 4,947 "
강동구,1020. 강동경찰서,202209," 5,312 "," 5,380 "
강동구,1021. 강일동 리슈빌 빌딩앞,202209," 2,094 "," 2,570 "
강동구,1022. 길동 사거리(초소앞),202209," 2,306 "," 2,280 "
강동구,1023. 한국종합기술사옥 앞,202209," 3,180 "," 3,253 "
강동구,1024.  강동구청 앞,202209," 4,088 "," 4,087 "
강동구,1025. 상일초등학교,202209, 979 ," 1,022 "
강동구,1026. 대명초교 입구 교차로,202209, 900 , 850 
강동구,1027. 프라자 아파트 앞,202209," 1,800 "," 1,771 "
강동구,1028. 포레스 주상복합 빌딩,202209," 2,298 "," 2,301 "
강동구,1029. 성내어울터,202209," 3,771 "," 3,778 "
강동구,1030. 미호 플랜트 앞,202209," 1,861 "," 1,858 "
강동구,1031. 올림픽로 836(아리수로),202209, 894 ," 1,080 "
강동구,1032. 선사고등학교,202209, 818 , 862 
강동구,1033. 고덕동 아남아파트,202209," 1,307 "," 1,115 "
강동구,1034. 고덕동 래미안 힐스테이트,202209, 588 , 500 
강동구,1035. 고덕역 4번출구,202209," 2,684 "," 1,795 "
강동구,1036. 고덕동 주양쇼핑,202209," 1,620 "," 1,594 "
강동구,1037. 강일리버파크 6단지,202209, 507 , 505 
강동구,1038. 강일 다솜 어린이 공원,202209, 373 , 461 
강동구,1039. 고덕초등학교,202209, 307 , 299 
강동구,1041. 묘곡초등학교,202209, 836 , 835 
강동구,1042. 강일리버파크 2~5단지,202209, 901 ," 1,028 "
강동구,1044. 굽은다리역,202209," 5,540 "," 5,714 "
강동구,1047. 강동 한신휴플러스,202209," 2,873 "," 3,004 "
강동구,1048. 둔촌어린이공원,202209," 3,439 "," 3,717 "
강동구,1049. 강일리버파크 10단지,202209," 1,014 "," 1,203 "
강동구,1050.  둔촌역 3번 출입구,202209," 5,947 "," 6,022 "
강동구,"1051. 강일중,선사고 버스정류장(신암중학교 방면)",202209," 1,892 "," 1,930 "
강동구,1052. 리싸이클시티,202209, 185 , 170 
강동구,1053. 동명근린공원 진입로 (아리수로),202209, 397 , 409 
강동구,1054. 말우물 어린이 공원,202209, 411 , 461 
강동구,1056. 강일리버파크 7~11단지,202209, 779 , 869 
강동구,1057. 능골근린공원,202209, 928 , 976 
강동구,1058. 고덕숲 아이파크 1,202209, 526 , 468 
강동구,1059. 래미안 강동팰리스(102동),202209," 1,848 "," 1,579 "
강동구,1060. 천일초교 사거리,202209," 1,511 "," 1,502 "
강동구,1061. 천호초교 입구 사거리(일주빌딩),202209," 1,994 "," 1,969 "
강동구,1062. 고덕숲 아이파크 2,202209, 302 , 305 
강동구,1063.강동롯데캐슬퍼스트 아파트(관리동),202209, 920 , 922 
강동구,1064.중앙보훈병원역 1번출구,202209, 835 , 492 
강동구,1065.보훈병원 후문옆(더 원커피),202209, 587 , 500 
강동구,1066.생태공원앞 교차로(조명탑),202209, 236 , 234 
강동구,1067.한영중고앞사거리,202209, 758 , 626 
강동구,1068.명일파출소,202209," 1,098 ", 992 
강동구,1069.강동경희대학교병원 입구,202209, 516 , 498 
강동구,1070.(시립)고덕평생학습관,202209, 808 , 802 
강동구,1071.명일근린공원공동체텃밭,202209, 355 , 352 
강동구,1072.고덕역 5번출구,202209," 1,843 "," 1,816 "
강동구,1073. SSTS 몰 앞,202209," 1,200 "," 1,206 "
강동구,1074.대명초교입구 사거리,202209," 1,874 "," 1,868 "
강동구,1075.천동초교 삼거리,202209," 2,155 "," 2,177 "
강동구,1076. 천동초교입구사거리 버스정류장(십자성마을 방면),202209," 2,484 "," 2,544 "
강동구,1077.강동역 1번출구 앞,202209," 2,808 "," 2,789 "
강동구,1078.둔촌사거리,202209," 4,178 "," 4,210 "
강동구,1079.강일동입구교차로,202209, 582 , 614 
강동구,1080.엘웨딩,202209," 1,675 "," 1,637 "
강동구,1081.트레빌빌딩,202209," 1,709 "," 1,672 "
강동구,1082.중앙보훈병원역3번출구,202209, 164 , 125 
강동구,1083.광문고교사거리(아이파크),202209, 983 , 953 
강동구,1084. 윤선생빌딩(JYP사옥),202209," 4,301 "," 4,643 "
강동구,1085.래미안 솔베뉴(고덕로),202209," 1,340 ", 921 
강동구,1086.래미안 솔베뉴(구천면로),202209," 1,089 "," 1,090 "
강동구,1088.풍납사거리(강동),202209," 2,666 "," 2,641 "
강동구,1089.고덕 래미안힐스테이트(201동),202209, 413 , 398 
강동구,1090.상일동역 2번출구 앞,202209," 3,480 "," 3,562 "
강동구,3539. 서원마을,202209, 343 , 330 
강동구,3652. 한영외국어고등학교,202209, 316 , 284 
강동구,3653. 강동리버스트4단지아파트 404동 앞,202209, 637 , 656 
강동구,3654. 강동리버스트4단지아파트 405동 앞,202209, 577 , 628 
강동구,3655. 둔촌신성미소지움아파트,202209, 835 , 656 
강동구,3656. 둔촌푸르지오아파트,202209," 2,273 "," 2,278 "
강동구,3657. 서울천호동우체국,202209," 2,863 "," 2,890 "
강동구,3658. 프라이어팰리스아파트,202209," 1,247 "," 1,257 "
강동구,3659. 명일초등학교 옆,202209, 455 , 406 
강동구,3661. 명일동신동아아파트 앞,202209, 705 , 708 
강동구,3663. 암사정수센터교차로(강동롯데캐슬퍼스트아파트),202209, 471 , 395 
강동구,3664. 맥도날드 서울둔촌DT점 앞,202209," 3,424 "," 3,469 "
강동구,3665. 고덕센트럴 아이파크상가 앞,202209," 1,008 ", 968 
강동구,3668. 성내삼성아파트,202209," 4,096 "," 4,581 "
강동구,3671. 둔촌동역교차로,202209," 3,060 "," 3,053 "
강동구,3672. 고덕중학교 후문,202209, 531 , 535 
강동구,3673. 강동리버스트6단지,202209, 878 , 871 
강동구,3674. 강동리버스트7단지,202209, 576 , 645 
강동구,3675. 강동리버스트8단지,202209, 815 , 820 
강동구,3676. 강동리엔파크9단지,202209, 848 , 847 
강동구,3677. 강동구음식물재활용센터,202209, 108 , 117 
강동구,3680. 강동역3번출구,202209," 4,560 "," 4,560 "
강동구,3681. 길동 마루빌딩,202209," 5,058 "," 5,496 "
강동구,3682. 길동 동호빌딩,202209, 637 , 696 
강동구,3683. KT&G강동지사,202209," 1,866 "," 1,966 "
강동구,3684. 고덕자이(105동 앞),202209," 1,810 "," 1,892 "
강동구,3685. 강동리엔파크14단지(1401동 앞),202209," 1,549 "," 1,656 "
강동구,3686. 고덕 래미안 힐스테이트(101동),202209, 833 , 832 
강동구,3687. 신명초교입구 교차로,202209," 2,433 "," 2,663 "
강동구,3688. 상일동산(동아아파트앞 교차로),202209, 514 , 507 
강동구,3689. 강일역 3번출구,202209," 1,535 "," 1,488 "
강동구,3690. 강일역 4번출구,202209, 638 , 435 
강동구,3691. 둔촌역 2번출구,202209, 946 , 942 
강동구,3692. 둔촌오륜역 1번 출구,202209, 918 , 885 
강동구,3694. 강동리엔파크 13단지(1303동 앞),202209, 929 , 938 
강동구,3698. 명일역 3번출구 옆,202209," 2,039 "," 2,033 "
강동구,3699. 상일파출소 옆,202209," 1,590 "," 1,596 "
강동구,3700. 강변그대가리버뷰 입구 맞은편,202209," 1,696 "," 1,923 "
강북구,"1501. 미아역 3번,4번 출구 사이",202209," 2,108 "," 2,107 "
강북구,1503. 강북구청사거리(수유역 8번출구),202209," 3,408 "," 3,542 "
강북구,1504. 삼양시장오거리,202209, 615 , 610 
강북구,1506. 강북문화예술회관,202209," 1,678 "," 1,620 "
강북구,1509. 서울북부수도사업소,202209, 764 , 770 
강북구,1510. 번동주공5단지 관리사무소 앞,202209, 514 , 530 
강북구,1511. 번동 금호어울림아파트102동앞,202209, 606 , 618 
강북구,1512. 강북중학교 앞,202209," 2,921 "," 2,963 "
강북구,1513. 강북구청 뒷편,202209, 504 , 504 
강북구,1514. 강북구청 사거리 버스정류소 앞,202209," 1,521 "," 1,512 "
강북구,1515. 송천동 주민센터,202209, 796 , 791 
강북구,1516. 우이초등학교 후문 옆,202209, 864 , 865 
강북구,1518. 수유2동은행빌딩 앞,202209, 908 , 886 
강북구,1519. 장미원시장 건너편,202209," 1,025 ", 931 
강북구,1520. 수유중앙시장,202209," 1,468 "," 1,458 "
강북구,1525. 미아동 복합청사,202209, 636 , 599 
강북구,1526. 강북종합시장 앞,202209," 1,024 "," 1,024 "
강북구,1527. 미아역 1번 출구 뒤,202209," 1,229 "," 1,200 "
강북구,1528. 삼각산동 주민센터,202209," 1,003 ", 344 
강북구,1529. 미아동 한국전력공사,202209," 2,387 "," 2,389 "
강북구,1530. 광산사거리,202209," 2,337 "," 2,362 "
강북구,1531. 미아사거리 1번 출구,202209," 3,263 "," 3,514 "
강북구,1532. 번3동 주민센터 교차로,202209," 1,039 "," 1,159 "
강북구,"1533. 번동 주공3, 4단지 교차로",202209," 1,436 "," 1,677 "
강북구,1535. 효성인텔리안 앞,202209," 2,130 "," 2,125 "
강북구,1536. 번동 두산위브 101동 옆,202209," 1,236 "," 1,107 "
강북구,1537. 북한산 우이역,202209, 654 , 661 
강북구,1538. 솔밭공원역,202209, 533 , 539 
강북구,1539. 4.19민주묘지역,202209, 886 , 860 
강북구,1540. 가오리역,202209," 1,380 "," 1,355 "
강북구,1541. 삼양역,202209, 277 , 264 
강북구,1542. 삼양사거리역,202209, 609 , 603 
강북구,1543. 수유1동 주민센터,202209, 749 , 752 
강북구,1546. 송천동우체국,202209, 531 , 603 
강북구,1547. 꿈의숲 롯데캐슬,202209, 591 , 350 
강북구,1548. 북서울 꿈의숲 서문,202209, 983 , 574 
강북구,1550.삼각산아이원아파트(105동 옆),202209, 41 , 8 
강북구,1551.4.19탑 앞,202209, 670 , 665 
강북구,1552. 강북구청사거리,202209," 2,168 "," 2,160 "
강북구,1553.서울북부고용노동지청,202209, 880 , 837 
강북구,1554.번동사거리,202209, 946 , 923 
강북구,1557.신창교,202209," 1,286 "," 1,327 "
강북구,1558.강북문화정보도서관,202209, 473 , 396 
강북구,1560. 도봉세무서 앞,202209," 1,394 "," 1,382 "
강북구,1564.4.19민주묘지역 1번출구,202209," 1,262 "," 1,251 "
강북구,1565.수유사거리,202209," 1,728 "," 1,716 "
강북구,1568.4.19민주묘지 입구사거리,202209, 857 , 842 
강북구,1569.수유역2번출구,202209," 4,103 "," 4,098 "
강북구,1571.북서울 꿈의 숲 입구,202209, 574 , 548 
강북구,1572. 우이동 먹거리마을,202209, 163 , 144 
강북구,1573.현대성우아파트 옆,202209, 620 , 617 
강북구,1574.송중초등학교 옆,202209, 876 , 937 
강북구,3703. 삼양입구사거리,202209, 459 , 465 
강북구,3707. 드래곤타워 앞,202209," 1,190 "," 1,160 "
강북구,3711. 월계2교 교차로,202209, 765 , 796 
강북구,3714. 송천센트레빌,202209, 330 , 295 
강북구,3718. 번동3단지 버스정류장,202209," 1,112 "," 1,373 "
강서구,1101. 개화동상사마을종점 버스정류장,202209, 400 , 459 
강서구,1102. 방화사거리 마을버스 버스정류장,202209," 3,884 "," 3,961 "
강서구,1103. 방화역 4번출구앞,202209," 4,109 "," 4,095 "
강서구,1105. 방화근린공원,202209, 661 , 584 
강서구,1106. 신방화사거리,202209," 5,132 "," 5,674 "
강서구,1108. 공항시장역 2번출구 뒤,202209," 2,113 "," 2,123 "
강서구,1109. 공항시장역 4번출구,202209," 1,370 "," 1,408 "
강서구,1110. 공항중학교앞,202209," 1,618 "," 1,652 "
강서구,1111. 마곡엠밸리6_7단지 마곡중학교,202209," 3,600 "," 3,434 "
강서구,1112. 마곡엠밸리4단지 정문,202209," 5,629 "," 5,581 "
강서구,1113. 서남환경공원 버스정류장,202209," 2,969 "," 2,827 "
강서구,1117. 등촌5단지아파트 버스정류장,202209," 5,494 "," 5,544 "
강서구,1118. 증미역 3번출구뒤(등촌두산위브센티움오피스텔),202209," 4,042 "," 4,251 "
강서구,1119. 염창동 한마음아파트 앞,202209," 2,991 "," 2,904 "
강서구,1120. 대림경동아파트앞,202209," 2,926 "," 2,922 "
강서구,1121. 가양레포츠센터 앞,202209," 1,920 "," 1,908 "
강서구,1122. 황금내근린공원,202209," 4,049 "," 4,374 "
강서구,1124. 발산역 6번 출구 뒤,202209," 7,729 "," 7,727 "
강서구,1125. 명덕고교입구(영종빌딩),202209," 6,251 "," 6,588 "
강서구,1126. 우장산역 1번출구옆(우장산아이파크105동앞),202209," 3,002 "," 1,966 "
강서구,1127. 화곡역 버스정류장,202209," 3,055 "," 3,043 "
강서구,1128. 화곡역 6번출구,202209," 2,468 "," 2,453 "
강서구,1129. 화곡역 1번 출구 앞,202209," 3,183 "," 3,194 "
강서구,1130. 화곡본동시장 버스정류장,202209, 856 , 742 
강서구,1132. 등촌역 7번출구,202209," 3,023 "," 3,120 "
강서구,1135. 강서구의회,202209," 3,407 "," 3,006 "
강서구,1136. 등촌2파출소,202209," 1,193 ", 742 
강서구,1137. 등촌2동주민센터,202209, 559 , 389 
강서구,1139. 용문사 버스정류장,202209," 2,234 "," 2,251 "
강서구,1140. 목동사거리 버스정류장,202209," 2,702 "," 2,798 "
강서구,1141. 곰달래 문화복지센터 1-1,202209," 2,212 "," 3,143 "
강서구,1145. 곰달래 문화복지센터 1-2,202209," 1,246 "," 1,573 "
강서구,1148. 볏골공원,202209," 1,951 "," 1,790 "
강서구,1149. 신방화역환승주차장,202209," 5,829 "," 5,824 "
강서구,1150. 송정역 1번출구,202209," 3,294 "," 3,540 "
강서구,1151. 마곡역1번출구,202209," 3,473 "," 3,363 "
강서구,1152. 마곡역교차로,202209," 5,718 "," 5,792 "
강서구,"1153. 발산역 1번, 9번 인근 대여소",202209," 10,229 "," 10,401 "
강서구,1155. 기쁜우리복지관,202209," 3,089 "," 3,091 "
강서구,1157. 강서구청,202209," 4,189 "," 5,096 "
강서구,1158. 가양역 8번출구,202209," 6,657 "," 6,884 "
강서구,1159. 서서울모터리움 앞,202209, 985 , 953 
강서구,1160. 양천향교역 7번출구앞,202209," 7,663 "," 7,624 "
강서구,1161. 강서면허시험장 앞,202209, 596 , 484 
강서구,1162. 공항초등학교건너편,202209," 3,216 "," 3,193 "
강서구,1163. 방화동강서기동대앞,202209," 3,941 "," 4,096 "
강서구,1165. 마곡중학교 후문,202209," 1,484 "," 1,269 "
강서구,1166. 강서구립등빛도서관,202209," 6,031 "," 6,095 "
강서구,1167. 마곡수명산파크3단지 교차로,202209," 5,293 "," 5,288 "
강서구,1168. 마곡엠밸리10단지 앞,202209," 1,978 "," 1,742 "
강서구,1169. 염창역 1번 출구,202209," 3,275 "," 3,361 "
강서구,1170. 강서구보건소,202209," 1,412 ", 961 
강서구,1171. 염창동 새마을금고 건너편,202209," 1,514 "," 1,623 "
강서구,1172. 가양3동 주민센터,202209," 2,283 "," 2,849 "
강서구,1173. 강서구청사거리(SH타워),202209," 4,907 "," 4,503 "
강서구,1174. 강서구청사거리(부민병원),202209," 2,020 "," 1,978 "
강서구,1175. 대한항공 인력개발센터,202209," 2,062 "," 1,544 "
강서구,1177. 수명중․고교,202209," 2,495 "," 2,834 "
강서구,1178. 개화산역 2번 출구,202209," 1,360 "," 1,301 "
강서구,1180. 마곡엠밸리 15단지(1502동) 건너편,202209," 3,611 "," 3,663 "
강서구,1181. 농수산식품공사 (강서지사),202209, 358 , 364 
강서구,1182. KBS 스포츠월드,202209," 4,299 "," 4,317 "
강서구,1183. KC 대학교,202209, 786 , 599 
강서구,1184. 마곡13단지,202209," 4,689 "," 4,916 "
강서구,1185. 등촌9단지,202209," 2,020 "," 2,041 "
강서구,1186. 송정중학교,202209," 1,636 "," 1,805 "
강서구,1187. 강서수산물도매시장,202209," 1,206 "," 1,322 "
강서구,1188. 롯데중앙연구소,202209, 526 , 530 
강서구,1190. 마곡역 교차로(2번출구),202209," 2,004 "," 1,839 "
강서구,"1191. 마곡역 버스정류장(마곡나루역1번출구, 웰튼병원 방면)",202209," 4,320 "," 4,159 "
강서구,1192. 마곡수명산파크 209동 건너편,202209," 3,182 "," 2,825 "
강서구,1193. 마곡센트럴타워 1차,202209," 5,355 "," 5,899 "
강서구,1194. 센서텍㈜,202209," 1,899 "," 2,007 "
강서구,1195. 코오롱One&Only타워,202209," 3,648 "," 3,824 "
강서구,1196. 서울식물원(문화센터) 건너편,202209, 543 , 333 
강서구,1197. 엠펠리체 호텔 건너편,202209," 4,220 "," 4,202 "
강서구,1198. LG 사이언스파크,202209," 1,143 ", 751 
강서구,1199. 우장산역 3번출구,202209," 2,890 "," 2,142 "
강서구,1200. 개화광역환승센터,202209, 319 , 313 
강서구,2701. 마곡나루역 5번출구 뒤편,202209," 11,188 "," 11,196 "
강서구,2702. 마곡 엠밸리2단지,202209," 2,317 "," 2,328 "
강서구,2703.서울도시가스 앞 ,202209," 1,658 "," 1,337 "
강서구,2704.홈플러스(강서점),202209," 4,215 "," 4,389 "
강서구,2706.강서공업고등학교 앞,202209," 1,908 "," 1,893 "
강서구,2707.한강아파트,202209," 2,213 "," 2,142 "
강서구,2708.강서한강자이타워 앞,202209," 4,547 "," 4,747 "
강서구,2709.강변아파트 310동 앞,202209," 1,759 "," 1,824 "
강서구,2710.라이품 공영주차장 앞,202209," 1,643 "," 1,383 "
강서구,2711.가로공원공영주차장 1번 출구,202209," 2,343 "," 2,416 "
강서구,2712.화곡터널입구교차로,202209," 1,115 ", 539 
강서구,2713.우장초등학교 앞,202209," 2,982 "," 3,102 "
강서구,2715.마곡나루역 2번 출구 ,202209," 17,648 "," 17,592 "
강서구,2716.롯데 R&D 센터,202209, 923 , 929 
강서구,2717.LG유플러스 마곡사옥,202209," 5,533 "," 6,037 "
강서구,2718.마곡수명산파크1단지,202209," 2,501 "," 2,462 "
강서구,2719.마곡문화공원,202209," 4,677 "," 5,566 "
강서구,2720.힐스테이트에코,202209," 4,670 "," 4,677 "
강서구,2721.등촌1-10단지 교차로,202209," 5,349 "," 5,230 "
강서구,2722.마곡 문영비지웍스,202209," 2,729 "," 2,688 "
강서구,2723.마곡 필네이처,202209," 3,913 "," 4,099 "
강서구,2724.(재)FITI시험연구원,202209," 2,171 "," 1,875 "
강서구,2725.서울식물원 식물문화센터,202209," 1,646 "," 1,454 "
강서구,2727.서울식물원 잔디마당 앞,202209," 3,281 "," 3,720 "
강서구,2728.마곡나루역 3번 출구,202209," 10,955 "," 10,360 "
강서구,2729.넥센 유니버시티 앞,202209," 2,686 "," 2,702 "
강서구,2730.마곡메가박스 앞,202209," 3,343 "," 3,361 "
강서구,2731.명덕고교,202209," 1,521 "," 1,841 "
강서구,2732.마곡수명산 1-2단지 ,202209," 2,522 "," 2,125 "
강서구,2733.마곡13단지 정문 앞,202209," 4,871 "," 4,806 "
강서구,2735.마곡 공공청사,202209," 1,848 "," 1,833 "
강서구,2737.까치산역 3번 출구,202209," 2,546 "," 2,697 "
강서구,2739.수명산파크1단지교차로,202209," 4,962 "," 4,874 "
강서구,2740.마곡레포츠센터,202209," 3,000 "," 2,758 "
강서구,2741.마곡수명산파크5-6단지,202209," 2,338 "," 1,952 "
강서구,2742.강서구민올림픽체육센터,202209," 2,337 "," 2,407 "
강서구,2743.동신아파트 104동 앞,202209," 1,235 "," 1,238 "
강서구,2744.강서세무서 앞,202209," 3,848 "," 3,763 "
강서구,2745.수명초등학교,202209," 1,852 "," 1,755 "
강서구,2746.수명산파크 4단지 411동 앞,202209," 2,003 "," 1,845 "
강서구,3753. 공항중학교 버스정류장,202209," 1,177 ", 964 
강서구,3754. 신방화역 8번출구,202209," 2,433 "," 2,299 "
강서구,3756. 마곡힐스테이트 정문,202209," 2,123 "," 2,039 "
강서구,3757. 신방화역 6번출구,202209," 2,671 "," 2,601 "
강서구,3758. 서울남부출입국관리소,202209," 1,687 "," 1,369 "
강서구,3759. 이대서울병원,202209," 2,513 "," 2,531 "
강서구,3760. 발산역 8번 출구,202209," 3,002 "," 2,807 "
강서구,3761. 나이아가라관광호텔,202209, 846 , 912 
강서구,3762. 마곡9단지 907동앞,202209," 1,962 "," 1,783 "
강서구,3763. 등촌태영아파트,202209," 1,507 "," 1,749 "
강서구,3764. 관문주유소(GS칼택스) 앞,202209," 2,524 "," 2,533 "
강서구,3765. 문소빌딩,202209, 945 , 900 
강서구,3766. 강서문화센터,202209, 483 , 384 
강서구,3767. 대원빌딩,202209," 2,962 "," 2,939 "
강서구,3769. 증미역 2번출구,202209," 3,498 "," 4,242 "
강서구,3770. 남부순환로 205,202209, 836 , 727 
강서구,3772. 길성그랑프리텔아파트,202209," 3,648 "," 3,658 "
강서구,3774. 마곡9단지 910동 상가앞,202209," 2,151 "," 2,173 "
강서구,3775. 가양오토갤러리,202209," 1,756 "," 1,765 "
강서구,3776. 김포공항교차로,202209, 864 , 997 
강서구,3778. 김포공항입구 교차로,202209," 2,534 "," 2,528 "
강서구,3780. 등촌서광아파트,202209," 4,920 "," 5,195 "
강서구,3781. 강서아동복지센터,202209, 178 , 249 
강서구,3782. 겸재정선미술관,202209," 2,098 "," 2,072 "
강서구,3783. 마곡금호어울림아파트,202209," 1,866 "," 1,814 "
강서구,3784. 벽산아파트,202209," 3,510 "," 3,492 "
강서구,3785. 마곡14단지 1408동앞,202209," 2,301 "," 2,193 "
강서구,3786. 강서힐스테이트 상가 앞,202209," 1,437 "," 1,148 "
강서구,3787. 가양나들목,202209," 1,114 "," 1,094 "
강서구,3788. 정곡나들목,202209," 2,843 "," 3,018 "
강서구,3789. 염창나들목,202209," 2,611 "," 2,954 "
강서구,3792. 화곡본동시장 입구,202209," 1,172 "," 1,126 "
강서구,3793. 더리브골드타워,202209," 1,618 "," 1,612 "
강서구,3794. 안양천합수부(현대3차아파트),202209," 2,479 "," 2,763 "
강서구,3796. 송정역 3번출구 앞,202209," 2,946 "," 2,953 "
강서구,3797. 마곡수명산파크7단지 710동 앞,202209, 881 , 885 
강서구,3798. 그랜드아이파크아파트 앞,202209," 6,957 "," 7,048 "
강서구,3799. 국립항공박물관,202209, 632 , 657 
강서구,3801. 이랜드글로벌R&D센터,202209," 1,821 "," 1,845 "
강서구,5052. 마곡역 7번출구,202209," 6,264 "," 6,441 "
강서구,5053. 신마곡벽산블루밍메트로오피스텔앞,202209," 2,414 "," 2,717 "
강서구,5055. 마곡역5번출구앞,202209," 2,171 "," 2,150 "
강서구,"5056. 마곡역4,5번출구",202209," 1,334 "," 1,437 "
강서구,5057. 마곡역4번출구,202209," 1,943 "," 1,960 "
강서구,5059. 화곡2동주민센터,202209," 1,482 "," 1,927 "
강서구,5061. 우장산동 가곡어린이공원앞,202209," 3,254 "," 3,299 "
강서구,5062. 마곡동 767-6,202209," 2,333 "," 2,338 "
강서구,5063. 서남환경공원(방화동도시개발2단지방향),202209," 1,554 "," 1,536 "
강서구,5064. 양천향교역8번출구,202209," 3,085 "," 3,130 "
강서구,5065. 허준박물관삼거리,202209," 1,812 "," 1,741 "
강서구,5066. 아망떼마곡전시장,202209," 1,872 "," 2,074 "
강서구,5067. 주원 리젠트 앞,202209," 1,110 "," 1,164 "
강서구,5070. 마곡13단지힐스테이트마스터 후문(1320동 앞),202209," 3,362 "," 3,308 "
강서구,5072. 김포공항입구 교통섬,202209, 706 , 651 
강서구,5073. 우장산역 헤링턴타워 앞,202209," 2,065 "," 1,810 "
강서구,"5074. 마곡엠밸리14단지 버스정류장(마곡엠밸리11,12단지상가방면)",202209," 3,716 "," 3,680 "
강서구,5075. 등촌역 1번출구,202209," 1,959 "," 1,945 "
강서구,5076. 메이필드호텔앞,202209," 1,360 "," 1,280 "
강서구,5078. 왈도강서캠퍼스 앞,202209," 2,150 "," 2,253 "
강서구,5080. 가양역 1번출구,202209," 3,304 "," 3,456 "
강서구,5082. 가양역 7번출구,202209," 4,800 "," 5,138 "
강서구,5084. 강서우체국,202209," 1,359 "," 1,225 "
강서구,5086. 가양테크노타운,202209, 782 , 803 
강서구,5087. 연세강서빌딩,202209," 1,505 "," 1,471 "
강서구,5088. 등촌역 센터스퀘어,202209," 1,310 "," 1,271 "
강서구,5089. LG사이언스파크 E10동,202209," 1,548 "," 1,640 "
강서구,5090. 대상연구소,202209, 228 , 231 
관악구,2102. 봉림교 교통섬,202209," 13,056 "," 13,273 "
관악구,2103. 신림동 우방아파트,202209," 1,915 "," 1,896 "
관악구,2104. 사당역 5번출구,202209," 2,061 "," 2,327 "
관악구,2105. 미성동 신림체육센터,202209," 1,902 "," 1,907 "
관악구,2106. 세이브마트,202209," 2,253 "," 3,040 "
관악구,2107. 도림천 신화교,202209," 2,917 "," 3,009 "
관악구,2108. 은천치안센터,202209," 1,970 "," 1,992 "
관악구,2109. 은천로입구 가로공원,202209," 4,052 "," 4,073 "
관악구,2111. 서울대입구역 1번출구,202209," 1,900 "," 1,892 "
관악구,2112. 서울대입구역 마에스트로,202209," 1,494 "," 1,490 "
관악구,2115. 관악구시설관리공단,202209," 2,139 "," 1,851 "
관악구,2116. 에이스에이존빌딩,202209," 1,324 "," 1,321 "
관악구,2119. 중앙동 동진빌딩,202209," 1,592 "," 1,583 "
관악구,2122. 낙성대로 입구,202209," 1,193 "," 1,160 "
관악구,2127. 난곡종점,202209, 806 , 438 
관악구,2128. 관악구청교차로,202209, 878 , 828 
관악구,2129. 낙성대 과학전시관,202209, 680 , 490 
관악구,2130. 영어마을 관악캠프,202209, 311 , 110 
관악구,2137. KT&G 관악지점,202209, 618 , 615 
관악구,2139. 서울신성초등학교,202209," 1,337 "," 1,336 "
관악구,2140. 신림1교 교차로,202209," 2,844 "," 2,816 "
관악구,2141. 미림여고입구 교차로,202209, 392 , 366 
관악구,2143. 서울산업정보학교,202209, 623 , 626 
관악구,2144. 난우길입구,202209, 954 , 956 
관악구,2145. 은천초등학교 육교,202209," 1,052 "," 1,064 "
관악구,2148. 낙성대역 3번출구 뒤,202209," 1,308 "," 1,276 "
관악구,2156. 신림푸르지오아파트,202209," 1,250 "," 1,250 "
관악구,2159. 인헌초교,202209, 604 , 504 
관악구,2164. 관악우체국,202209," 2,885 "," 2,965 "
관악구,2165. JK장평타워,202209, 419 , 362 
관악구,2167. 낙성대역 1번출구,202209, 897 , 882 
관악구,2169. 봉천역 2번출구,202209," 2,250 "," 2,290 "
관악구,2170. 조원동 강남힐병원,202209," 1,744 "," 1,773 "
관악구,2171. 서울대입구역 5번출구,202209," 2,025 "," 2,018 "
관악구,2172. 나들목공원,202209, 760 , 663 
관악구,2173. 당곡사거리,202209," 5,417 "," 5,503 "
관악구,2174. 삼성디지털프라자관악점,202209," 1,110 "," 1,112 "
관악구,2175. 신림동걷고싶은문화의거리입구,202209," 2,446 "," 2,440 "
관악구,2176. 보라매공원 보도육교,202209," 3,034 "," 3,033 "
관악구,2177. 신대방역 2번 출구,202209," 9,781 "," 10,244 "
관악구,2178. 서울대학교 정문,202209, 653 , 572 
관악구,2179. 양녕로 입구,202209," 1,811 "," 1,802 "
관악구,2183. 동방1교,202209," 4,001 "," 4,013 "
관악구,2184. 구암초등학교 버스정류장,202209, 267 , 106 
관악구,2185. 대학동 고시촌,202209, 415 , 404 
관악구,2186. 낙성대입구삼거리,202209, 872 , 844 
관악구,2187. 현대시장사거리,202209," 1,491 "," 1,340 "
관악구,2189. 봉천역 4번출구,202209," 2,116 "," 2,139 "
관악구,2190.도원맨션,202209, 733 , 736 
관악구,2191.대학동주민센터 ,202209, 584 , 578 
관악구,2195.은천교회,202209," 1,394 "," 1,412 "
관악구,2196. 봉천역 3번출구,202209, 914 , 910 
관악구,2198.사랑의병원,202209," 1,102 "," 1,096 "
관악구,2199.신봉천주유소 A,202209, 248 , 250 
관악구,3306.서울신우초등학교,202209, 95 , 33 
관악구,3307.봉천고개 육교,202209, 566 , 81 
관악구,3310.영락고등학교,202209, 346 , 95 
관악구,3311.서울대입구역 4번 출구,202209," 1,229 "," 1,227 "
관악구,3802. 관악구민체육센터,202209, 818 , 816 
관악구,3803. 남서울중학교,202209," 1,425 "," 1,432 "
관악구,3804. 낙성대공원,202209, 480 , 328 
관악구,3806. 낙성대 교수아파트,202209, 560 , 173 
관악구,3807. 관악우체국 교차로,202209, 816 , 837 
관악구,3810. 신봉천주유소 B,202209, 303 , 298 
관악구,3811.신사로입구,202209," 2,623 "," 2,597 "
관악구,3812. KT관악지점,202209," 1,302 "," 1,303 "
관악구,3813. 낙성대역 5번출구,202209, 786 , 781 
관악구,3814. 난곡사거리 ,202209," 2,058 "," 2,070 "
관악구,3815. 광일빌딩,202209," 1,587 "," 1,718 "
관악구,3816. 관악 GSfresh,202209," 1,131 "," 1,029 "
관악구,3818. 은천교회 앞,202209," 1,632 "," 1,611 "
광진구,3500. 군자역2번출구,202209," 3,870 "," 3,925 "
광진구,3501. 광진구청 앞,202209," 4,242 "," 4,245 "
광진구,3502. 중곡역 1번출구,202209," 1,699 "," 1,678 "
광진구,3503. 광진유진스웰,202209, 409 , 143 
광진구,3504. 원일교회,202209," 3,581 "," 3,533 "
광진구,3505. 신양초교앞 교차로,202209," 1,114 "," 1,119 "
광진구,3506. 영동대교 북단,202209," 2,533 "," 2,536 "
광진구,3507. 어린이회관,202209," 1,178 ", 844 
광진구,3508. 화양사거리,202209, 918 , 905 
광진구,3509. 세종사이버대학교,202209," 4,312 "," 4,381 "
광진구,3510. 중곡SK아파트앞,202209, 902 , 849 
광진구,3516. 구의아리수정수센터앞,202209," 1,282 "," 1,264 "
광진구,3517. 용마사거리,202209," 2,606 "," 2,667 "
광진구,3518. 군자역 7번출구뒤,202209," 5,711 "," 5,724 "
광진구,3520. 광진경찰서,202209," 3,615 "," 3,606 "
광진구,3521. 현대홈타운 뒷길,202209, 444 , 444 
광진구,3523. 건국대학교 과학관(이과대) 앞,202209," 1,616 "," 1,709 "
광진구,3524. 세종대학교,202209, 395 , 388 
광진구,3528. 광진정보도서관,202209," 1,396 "," 1,871 "
광진구,3529. 어린이대공원정문,202209," 1,307 "," 1,063 "
광진구,3533. 건대입구역 사거리(롯데백화점),202209," 9,381 "," 9,506 "
광진구,3534. 건대입구역 5번출구 뒤,202209," 4,927 "," 4,932 "
광진구,3536. 중앙농협(자양동),202209," 3,304 "," 3,390 "
광진구,3537. 아차산 휴먼시아 아파트 옆,202209, 723 , 370 
광진구,3541. 커먼그라운드,202209," 5,328 "," 5,305 "
광진구,3542. 래미안 구의파크 스위트,202209," 3,562 "," 3,555 "
광진구,3543. 세종대학교(학술정보원),202209, 638 , 638 
광진구,3563.구의7단지현대아파트,202209, 312 , 313 
광진구,3564.나루마당,202209, 146 , 81 
광진구,3566.우성4차아파트,202209," 1,877 "," 1,876 "
광진구,3569.건대병원후문,202209," 6,493 "," 6,550 "
광진구,3570.구의역 리버비스타 오피스텔,202209," 4,532 "," 4,606 "
광진구,3571.화양 APT(횡단보도 옆),202209," 4,521 "," 4,385 "
광진구,3573.광나루안전체험관,202209," 2,234 "," 2,229 "
광진구,3575. 자양사거리(서원빌딩),202209," 5,326 "," 5,359 "
광진구,3578.중곡동 파크웨이빌딩,202209," 2,193 "," 2,197 "
광진구,3579.광진 캠퍼스시티,202209," 3,471 "," 3,464 "
광진구,3581.광진광장,202209," 3,084 "," 2,495 "
광진구,3582.화양동 우체국,202209," 2,972 "," 2,746 "
광진구,3586.군자역 비채온 오피스텔,202209," 2,517 "," 2,520 "
광진구,3587.우성식품 앞,202209," 1,915 "," 1,922 "
광진구,3588.세종대학교(영실관),202209, 972 , 967 
광진구,3853. 어린이대공원역 2번출구,202209," 1,263 "," 1,029 "
광진구,3860. 건국대학교 정문 앞,202209," 2,063 "," 2,033 "
광진구,3863. 동일로58길 입구,202209," 1,004 ", 911 
광진구,3864. 광진소방서 앞,202209," 1,543 "," 1,523 "
광진구,3865. 이튼타워리버 2차,202209," 2,347 "," 2,345 "
광진구,3868. 자양한강도서관,202209," 2,177 "," 2,177 "
광진구,3873. 동서울우편집중국 앞,202209," 1,159 "," 1,164 "
광진구,3878. 장로회신학대학교 주기철 기념관,202209, 89 , 88 
광진구,3879. 중랑천 뚝방길 산책로 입구,202209," 2,015 "," 2,197 "
광진구,3880. 홍련봉 공원,202209, 743 , 613 
광진구,3881. 신자초교입구 교차로,202209," 4,049 "," 4,071 "
광진구,3882. 자양2동 주민센터,202209," 2,041 "," 2,069 "
광진구,3886.광진구 민방위교육센터,202209," 1,749 "," 1,759 "
광진구,500. 어린이대공원역 3번출구 앞,202209," 3,246 "," 3,200 "
광진구,501. 광진구의회 앞,202209," 2,550 "," 2,317 "
광진구,502. 뚝섬유원지역 1번출구 앞,202209," 20,470 "," 22,249 "
광진구,505. 자양사거리 광진아크로텔 앞,202209," 3,320 "," 3,300 "
광진구,515. 광양중학교 앞,202209," 1,066 "," 1,064 "
광진구,516. 광진메디칼 앞,202209," 1,979 "," 1,988 "
광진구,539. 군자교교차로,202209," 2,740 "," 2,756 "
광진구,540. 군자역 7번출구 베스트샵 앞,202209," 3,454 "," 3,457 "
광진구,542. 강변역 4번출구 뒤,202209," 2,869 "," 2,887 "
광진구,543. 구의공원(테크노마트 앞),202209," 2,883 "," 2,900 "
광진구,544. 광남중학교,202209," 1,609 "," 1,726 "
광진구,546. 잠실대교북단 교차로,202209," 2,544 "," 2,539 "
광진구,548. 자양나들목,202209," 3,543 "," 3,583 "
광진구,549. 아차산역 3번출구,202209," 3,929 "," 3,922 "
광진구,551. 구의삼성쉐르빌 앞,202209," 3,864 "," 3,860 "
광진구,552. 대림아크로리버 앞,202209," 1,283 "," 1,295 "
광진구,553. 중곡 성원아파트 앞,202209," 1,531 "," 1,592 "
광진구,555. 구의3동주민센터,202209, 779 , 780 
광진구,571. 세종대학교 대양AI센터,202209," 1,532 "," 1,508 "
광진구,572. 국립정신 건강센터 앞,202209, 589 , 262 
광진구,573. 구의문주차장 앞,202209," 2,656 "," 2,683 "
광진구,574. 아차산역4번출구,202209," 3,831 "," 2,133 "
광진구,575. 대원중고교 입구(대하빌딩),202209, 577 , 576 
광진구,576. 광나루역 3번 출구,202209," 2,862 "," 2,895 "
광진구,577. 광진청소년수련관,202209," 2,550 "," 2,668 "
광진구,584. 광진광장 교통섬,202209," 4,013 "," 2,710 "
광진구,588. 뚝섬 유원지역,202209," 3,372 "," 3,449 "
광진구,590. 건국대학교 (입학정보관),202209," 3,145 "," 3,128 "
광진구,591. 건국대학교 (행정관),202209," 1,231 "," 1,238 "
광진구,592. 건국대학교 학생회관,202209," 4,998 "," 5,267 "
광진구,593.자양중앙나들목,202209," 2,647 "," 2,840 "
구로구,1901. 신도림동주민센터 앞,202209," 2,650 "," 2,739 "
구로구,1904. 도림천역 1번 출구 앞,202209," 3,371 "," 3,527 "
구로구,1906. 신도림역 1번 출구 앞,202209," 8,199 "," 8,176 "
구로구,1907. 구일우성(아) 육교 밑,202209," 1,912 "," 1,930 "
구로구,1908. 해원리바파크 육교 밑,202209," 2,259 "," 2,314 "
구로구,1910. 낙원교회 맞은편,202209, 600 , 504 
구로구,1911. 구로디지털단지역 앞,202209," 10,028 "," 10,086 "
구로구,1912. 한신휴아파트 앞,202209," 2,760 "," 2,676 "
구로구,1913. 구로리공원,202209," 1,620 "," 1,815 "
구로구,1914. 대림역4번출구,202209," 3,650 "," 3,653 "
구로구,1916. 구로중학교앞,202209, 916 , 925 
구로구,1920. 서울미래초등학교 사거리,202209," 2,285 "," 1,968 "
구로구,1924. 삼부르네상스파크빌,202209," 1,515 ", 821 
구로구,1925. 동양미래대학교 정문 옆,202209," 6,090 "," 6,167 "
구로구,1928. 고척스카이돔구장 광장,202209," 1,510 "," 1,390 "
구로구,1929. 고척근린공원 고척도서관 앞,202209," 1,362 "," 1,075 "
구로구,1930. 개봉지구대 개봉치안센터,202209," 1,410 "," 1,429 "
구로구,1931. 개봉역2번출구 A,202209," 1,843 "," 2,320 "
구로구,1933. 개봉푸르지오아파트 상가,202209," 2,182 "," 2,568 "
구로구,1936. 개봉역 1번 출구 자전거보관서쪽,202209, 976 ," 1,204 "
구로구,1937. 한진아파트 입구,202209," 1,596 "," 1,602 "
구로구,1941. 오류동역 2번출구,202209," 1,493 "," 1,838 "
구로구,1943. 온수역 북측,202209, 672 , 543 
구로구,1946. 구로역 광장,202209," 3,531 "," 3,576 "
구로구,1951. 천왕이펜하우스 4단지 후문,202209, 373 , 231 
구로구,1952. 천왕연지타운2단지 앞,202209," 1,747 "," 2,301 "
구로구,1953. 천왕역 4번출구 뒤,202209," 1,883 "," 1,391 "
구로구,1955. 디지털입구 교차로,202209," 4,633 "," 4,625 "
구로구,1956. 동아1차APT105동 버스정류장(신도림중학교 방면),202209," 2,230 "," 2,235 "
구로구,1957. 구일고등학교 정문 ,202209," 2,269 "," 2,417 "
구로구,1958. 강서수도사업소민원센터,202209," 2,399 "," 2,442 "
구로구,1959. 구로구의회 앞,202209," 2,059 "," 2,167 "
구로구,1960. 구로거리공원 동측(신도림역 방면),202209," 1,639 "," 1,461 "
구로구,1961. 신도림테크노근린공원,202209," 5,596 "," 5,797 "
구로구,1962. 가리봉동주민센터,202209," 2,164 "," 2,117 "
구로구,1964. 원메디타운 앞,202209," 2,026 "," 2,102 "
구로구,1965. 삼환로즈빌아파트 105동 옆,202209," 1,357 "," 1,129 "
구로구,1966. 한마을아파트 정문상가,202209," 1,948 "," 1,961 "
구로구,1967. 참새공원(백곡경노당),202209, 576 , 659 
구로구,1968. 동인오피스텔 건너편 소공원,202209, 677 , 687 
구로구,1969. 궁동생태공원,202209, 375 , 364 
구로구,1971. 오정초교 앞 보도육교,202209, 491 , 405 
구로구,1973. 오리로와 서해안도로 교차로 앞,202209, 721 , 552 
구로구,1974. 신도림2차e편한세상아파트 203동 앞,202209," 2,136 "," 1,864 "
구로구,1975. 대림역 1번 출입구 밑,202209," 2,003 "," 1,963 "
구로구,1976. 남구로역 5번 출입구 앞,202209, 751 , 539 
구로구,1977. 천왕역 1번 출입구 앞,202209," 3,070 "," 2,606 "
구로구,1979. 구로1동우체국 앞,202209, 416 , 428 
구로구,1981. 천왕이펜하우스5단지 앞,202209," 1,102 "," 1,486 "
구로구,1983. 구로동롯데아파트,202209," 1,540 "," 1,318 "
구로구,1984. 구로구청,202209," 2,133 "," 2,301 "
구로구,1985. 구로도서관,202209," 4,789 "," 4,325 "
구로구,1986. 태평양물산빌딩,202209," 3,873 "," 4,297 "
구로구,1987. 개봉아이파크아파트 앞,202209," 1,481 "," 1,549 "
구로구,1988. 고척LIGA아파트 앞,202209," 2,866 "," 2,884 "
구로구,1991. 오류동역 맞은편,202209," 2,080 "," 2,388 "
구로구,1992. 구로구배드민턴실내체육관 앞,202209, 530 , 576 
구로구,1993. 금강수목원아파트 앞,202209, 839 , 883 
구로구,1994. 삼성전자 물류센터 앞,202209," 1,690 "," 1,684 "
구로구,1996. 구일역 1번 출입구 앞,202209," 3,436 "," 3,467 "
구로구,1998. 고척교 교차로,202209," 1,184 "," 1,014 "
구로구,1999. 수궁동 성당 주변,202209, 845 , 831 
구로구,2000. 신도림4차 e편한세상 아파트 1109동 앞,202209," 2,557 "," 2,109 "
구로구,2801. 대륭포스트타워1차,202209," 3,129 "," 3,112 "
구로구,2804.항동지구 6단지 602동 앞,202209, 338 , 466 
구로구,2805.구로자원순환센터 ,202209, 213 , 190 
구로구,2806.항동지구 4단지 입구,202209, 191 , 136 
구로구,2807.항동지구 1단지 105동 앞,202209, 261 , 286 
구로구,2808.항동지구 2단지 202동 앞,202209, 262 , 336 
구로구,2809.항동지구 11단지 1103동 앞,202209, 275 , 316 
구로구,2810.항동지구 3단지 311동 앞,202209, 156 , 249 
구로구,2812.항동프라자,202209, 678 , 684 
구로구,2813.항동지구 3단지 302동 앞,202209, 110 , 78 
구로구,2814.항동지구 10단지 1001동 앞,202209, 375 , 373 
구로구,2815.항동지구 7단지 정문,202209, 646 , 576 
구로구,2816.항동지구 8단지 803동옆(주차장입구),202209, 135 , 124 
구로구,2817.천왕이펜하우스5단지 앞,202209, 434 , 313 
구로구,2818.천왕이펜하우스3단지 앞,202209, 610 , 179 
구로구,2819.하늘숲초등학교 앞,202209," 1,006 "," 1,437 "
구로구,2820.신세기아파트 앞,202209," 1,126 "," 1,174 "
구로구,2821.청구아파트 앞,202209," 1,622 "," 1,617 "
구로구,2822.제니스스포츠 앞,202209, 566 , 583 
구로구,2823.중앙유통단지 앞,202209," 1,443 "," 1,471 "
구로구,2824.미래사랑어린이공원 앞,202209," 4,215 "," 4,177 "
구로구,2825.초롱타운 앞,202209, 539 , 536 
구로구,2826.가마산지하보도 옆,202209, 734 , 765 
구로구,3902. 항동지구5단지 501동 앞,202209, 364 , 401 
구로구,3903. 현대아파트 앞,202209, 720 , 746 
구로구,3904. 테크노마트 앞,202209," 4,025 "," 4,035 "
구로구,3905. 희훈타워빌 앞,202209," 2,541 "," 2,482 "
구로구,3906. 천왕차량사업소 입구,202209, 853 ," 1,167 "
구로구,3907. 신도림7차e편한세상아파트 806동 앞,202209," 2,075 "," 1,923 "
구로구,3908. 오류동 다숲오피스텔 앞,202209," 1,038 "," 1,265 "
구로구,3910. 목양전원교회 앞 로터리,202209, 352 , 408 
구로구,3911. 항동하버리안2단지아파트 후문,202209, 244 , 323 
구로구,3912. 삼호아파트 앞,202209, 707 , 690 
구로구,3914. 신도림쌍용플래티넘노블아파트 앞,202209," 2,481 "," 2,494 "
구로구,3915. 동선아파트 앞,202209, 209 , 265 
구로구,3917. 성공회대학교,202209, 843 , 501 
구로구,3918. 이좋은집오피스텔 앞,202209," 1,068 "," 1,214 "
구로구,3919. 구로역·NC신구로점 버스정류장(구로역 방면),202209," 2,162 "," 2,031 "
구로구,3920. 개봉역2번출구 B,202209, 403 , 396 
구로구,3922. 서울남부교정시설 앞,202209, 256 , 347 
구로구,3923. 구로공구상가 앞,202209, 521 , 524 
구로구,3924. 오류동 계림웨스트밸리 앞,202209, 206 , 195 
구로구,3925. 중앙유통단지 앞 B,202209, 483 , 491 
금천구,1804. 독산역 2번출구 자전거주차장,202209," 2,230 "," 2,221 "
금천구,1805. 서울디지털운동장 앞,202209," 1,228 "," 1,227 "
금천구,1806. 에이스하이엔드타워9차 앞,202209," 1,391 "," 1,400 "
금천구,1808. 에이스하이엔드타워8차 앞,202209," 1,570 "," 1,563 "
금천구,1809. LG전자 별관동(호서대 벤처타워 맞은편),202209," 1,103 "," 1,082 "
금천구,1812. 갑을그레이트밸리 앞,202209, 961 , 967 
금천구,1814. 두산위브아파트 옆 상가건물 앞,202209," 1,527 "," 1,514 "
금천구,1816. 금천폭포공원 앞,202209, 287 , 209 
금천구,1819. 금천구청 앞 자전거거치대,202209, 475 , 479 
금천구,1820. 신한은행 시흥대로금융센터지점,202209, 415 , 492 
금천구,1821. 홈플러스 시흥점 맞은편 다비치안경 앞,202209," 1,126 "," 1,233 "
금천구,1822. 서울 시흥동우체국 앞,202209, 945 ," 1,002 "
금천구,1823. 상신정비공업 앞,202209, 341 , 165 
금천구,1824. 독산근린공원 입구,202209," 2,385 "," 2,456 "
금천구,1825. 한신아파트 앞 육교 아래,202209, 826 , 900 
금천구,1826. 한신코아 앞,202209, 653 , 690 
금천구,1827. 독산보도육교 앞 자전거 보관소,202209," 2,924 "," 3,129 "
금천구,1828. 한양수자인아파트 앞,202209," 1,079 ", 650 
금천구,1829. 홈플러스 금천점 앞,202209," 1,025 "," 1,183 "
금천구,1830. 빅마켓 금천점 앞,202209," 2,319 "," 2,375 "
금천구,1831. 메이퀸웨딩컨벤션 앞,202209, 889 , 870 
금천구,1833. 독산역 1번출구 앞 자전거보관소,202209," 1,320 "," 1,343 "
금천구,1834. 월드메르디앙 벤처센터 2차,202209," 1,699 "," 1,724 "
금천구,1835. STX V타워,202209, 900 , 898 
금천구,1836. 금천구립 독산도서관,202209, 266 , 119 
금천구,1839. 수출의 다리 아래,202209," 1,028 "," 1,049 "
금천구,1840. 솔브레인이엔지 뒤편,202209," 1,325 "," 1,335 "
금천구,1841. 가산동 주민센터,202209," 2,201 "," 2,216 "
금천구,1842. 한울중학교,202209, 316 , 109 
금천구,1843. 독산고등학교,202209, 616 , 531 
금천구,1845. 롯데캐슬골드파크1차 서문,202209, 788 , 795 
금천구,1846. 롯데캐슬골드파크1차 동문,202209," 1,409 "," 1,345 "
금천구,1847. 독산주공 14단지 버스정류소,202209, 293 , 292 
금천구,1848. 벽산 디지털밸리 5차,202209," 1,976 "," 2,175 "
금천구,1849. 대륭포스트타워5차,202209, 625 , 648 
금천구,1850. 코오롱테크노밸리,202209, 381 , 376 
금천구,1851. 가산디지털단지 7번출구,202209," 3,911 "," 3,840 "
금천구,1852. 혜명양로원 담장 옆,202209, 53 , 47 
금천구,1853. 서울디자인직업전문학교 앞,202209, 587 , 514 
금천구,1854. 가산아네스트 오피스텔 앞,202209, 883 , 455 
금천구,1855. 성지아파트 옆 도로변,202209, 228 , 313 
금천구,1856. 모두의학교,202209," 1,123 "," 1,103 "
금천구,1857. 주공14단지,202209, 367 , 390 
금천구,1858. 500번·507번 버스 종점 앞,202209, 470 , 505 
금천구,1859. 대륭테크노타운 18차,202209, 955 , 957 
금천구,1861.IBK기업은행 석수역 지점 앞,202209, 221 , 230 
금천구,1862.스타즈호텔독산 빌딩 앞,202209," 1,300 "," 1,193 "
금천구,1863.위너스 스포츠클럽 골프연습장옆,202209, 591 , 495 
금천구,1864.산호시티빌 옆,202209, 367 , 251 
금천구,1865.금천구청앞(M빌딩),202209, 412 , 407 
금천구,1866.서울안천초등학교 옆,202209, 286 , 312 
금천구,1867.대륭포스트타워6차 앞,202209," 5,435 "," 5,788 "
금천구,1868.우리은행 시흥남자동화점 앞,202209, 499 , 467 
금천구,1869.롯데캐슬골드파크3차 301동 앞,202209," 1,184 "," 1,178 "
금천구,1870.독산3동주민센터 앞,202209, 829 , 457 
금천구,3956. 대륭테크노타운21차 앞,202209," 1,313 "," 1,312 "
금천구,3958. 롯데캐슬2차 마을버스 정류장(18804) 뒤편,202209, 640 , 685 
금천구,3959. 시흥사거리(시흥동 994-3 앞),202209," 1,157 "," 1,368 "
금천구,3963. 에이스 하드웨어(시흥대로 396) 앞,202209," 1,095 "," 1,248 "
금천구,3966. 독산역1번출구 옆,202209," 2,970 "," 3,419 "
금천구,3967. 혜명양로원 담장 옆(2),202209, 536 , 444 
금천구,3968. 독산동 현대홈타운 금천과선교 앞,202209, 239 , 209 
금천구,3969. 독산역 롯데캐슬 104동 앞,202209, 984 , 995 
금천구,3970. 시흥4동주민센터 앞,202209, 323 , 281 
금천구,3971. 순흥안씨묘 건너편,202209, 81 , 83 
금천구,3972. 산기슭공원 앞,202209, 183 , 164 
금천구,3973. 독산2동주민센터 앞,202209, 272 , 249 
금천구,3974.  안천중학교,202209, 435 , 534 
금천구,3975.현대시티아울렛 가산,202209," 1,706 "," 1,732 "
금천구,3977. 말미사거리,202209, 957 , 965 
금천구,3980. 금천현대홈타운 후문 서부샛길,202209, 879 , 833 
금천구,3983. 금천구청역 1번 출구,202209," 1,172 "," 1,659 "
금천구,3984. 가산롯데아이티캐슬,202209," 1,374 "," 1,361 "
금천구,3985. 디폴리스 지식산업센터,202209," 1,028 "," 1,041 "
노원구,1601. 석계역 문화광장 내 자전거 보관소,202209," 6,362 "," 6,537 "
노원구,1602. 광운대역 앞,202209," 2,524 "," 2,757 "
노원구,1605. 헬스케어,202209," 2,167 "," 2,330 "
노원구,1606. 태릉입구역 3번출구 ,202209," 1,941 "," 1,959 "
노원구,1608. 공릉역 1번 출구 앞,202209," 4,799 "," 4,966 "
노원구,1610. 화랑대역 2번출구 앞,202209," 4,589 "," 4,859 "
노원구,1611. 과기대 입구(우),202209," 4,389 "," 4,320 "
노원구,1616. 하계2동 공항버스정류장 옆,202209," 2,853 "," 2,919 "
노원구,1617. 하계동 중평어린이공원 앞,202209," 3,374 "," 3,397 "
노원구,1619. 중계동 하나프라자빌딩 앞(중1-1),202209," 2,568 "," 2,503 "
노원구,1620. 중계동 노원구민체육센터 옆(중1-2),202209," 1,591 "," 1,583 "
노원구,1625. 상계역(4번출구),202209," 5,512 "," 5,479 "
노원구,1627. 수락산역 4번출구,202209," 1,773 "," 1,722 "
노원구,1628. 노일초등학교 앞,202209," 1,007 "," 1,022 "
노원구,1630. 수연빌딩 앞,202209," 1,633 "," 1,630 "
노원구,1634. 당고개공원 대여소,202209, 819 , 801 
노원구,1635. 상계3.4동 주민센터 대여소,202209, 574 , 425 
노원구,1636. 상계주공2단지 버스정류장 옆,202209," 2,820 "," 2,815 "
노원구,1637. KT 전화국 버스정류장 옆,202209," 6,141 "," 6,541 "
노원구,1639. 희성오피앙,202209," 1,864 "," 1,954 "
노원구,1640. 한내근린공원 북측,202209," 1,927 "," 2,193 "
노원구,1641. 한내근린공원 남측,202209," 1,103 "," 1,215 "
노원구,1642. 서울여대 남문,202209," 1,262 "," 1,012 "
노원구,1643. 태릉입구역 8번출구,202209," 3,445 "," 3,457 "
노원구,1646. 삼육대 입구,202209, 896 , 815 
노원구,1650. 중계근린공원내,202209," 4,577 "," 4,588 "
노원구,1651. 상계동 우방유쉘아파트 앞,202209," 1,544 "," 1,523 "
노원구,1652. 파르코 앞,202209, 627 , 616 
노원구,1653. 노원역1번출구,202209," 6,412 "," 6,705 "
노원구,1654. 당고개입구 오거리,202209," 1,177 "," 1,092 "
노원구,1655. 공릉1단지아파트,202209," 3,481 "," 3,545 "
노원구,1656. 중앙하이츠 아파트 입구,202209," 2,592 "," 2,526 "
노원구,1657. 노원구청 ,202209," 2,440 "," 2,513 "
노원구,1659. 중계동 을지중학교,202209," 1,005 ", 896 
노원구,1660. 서울시립과학관,202209, 517 , 447 
노원구,1661. 당현천근린공원,202209," 2,293 "," 2,273 "
노원구,1662. 노원역7번출구,202209," 3,464 "," 3,642 "
노원구,1663. 동해문화예술관앞,202209," 3,984 "," 4,170 "
노원구,1664. 노해근린공원내,202209, 616 , 619 
노원구,1665. 양지근린공원앞,202209," 1,378 "," 1,150 "
노원구,1666. 노원소방서인근,202209," 1,287 "," 1,192 "
노원구,1667. 중계중학교,202209," 2,262 "," 2,189 "
노원구,1668. 중계역 6번출구,202209," 2,479 "," 2,487 "
노원구,1669. 중계역 3번출구,202209," 2,815 "," 2,743 "
노원구,1670. 노원경찰서교차로,202209," 2,107 "," 2,081 "
노원구,1671. 인덕대학교,202209," 1,324 "," 1,431 "
노원구,1672. 상계동수락리버시티,202209," 1,085 "," 1,129 "
노원구,1674. 서울북부고용센터앞,202209," 4,460 "," 4,575 "
노원구,1675. 월계문화체육센터,202209, 302 , 262 
노원구,1677. 육군사관학교  앞,202209," 2,935 "," 3,066 "
노원구,1678. 성서대학교 밀알관,202209, 777 , 772 
노원구,1679. 삼육대 도서관,202209, 694 , 530 
노원구,1680. 삼육대 제3과학관,202209, 159 , 57 
노원구,1681. 현대6차 아파트,202209," 1,408 "," 1,305 "
노원구,1682. 중계종합사회복지관 교차로,202209," 1,130 "," 1,128 "
노원구,1683. 노원문화예술회관,202209," 2,254 "," 2,241 "
노원구,1684. 태릉입구역 5번출구,202209," 5,199 "," 5,136 "
노원구,1685. 불암고등학교 앞 횡단보도,202209," 1,888 "," 1,833 "
노원구,1686. 상계주공10단지 종합상가 앞,202209," 3,115 "," 3,099 "
노원구,1688. 마들역 7번출구,202209," 2,944 "," 2,938 "
노원구,1689. 마들역 3번출구,202209," 2,581 "," 2,578 "
노원구,1690. 도봉운전면허시험장 버스정류장 옆,202209," 2,303 "," 2,302 "
노원구,1691. 노원정보도서관,202209," 1,824 "," 1,837 "
노원구,1692. 온곡초교 교차로,202209," 3,295 "," 1,980 "
노원구,1693. 원자력 병원,202209, 695 , 409 
노원구,1696.수락리버시티4단지,202209," 1,080 "," 1,109 "
노원구,1697.상계주공2단지 219동,202209," 1,687 "," 1,704 "
노원구,2901.공릉동풍림아파트 101동,202209," 1,666 "," 1,852 "
노원구,2902.공릉풍림아파트 108동,202209," 1,293 "," 1,550 "
노원구,2903.월계초안아파트 1단지,202209, 835 , 844 
노원구,2904.중계3차청구아파트,202209," 1,574 "," 1,566 "
노원구,2907. 월계중학교,202209, 452 , 140 
노원구,2908. 광운대학교 중앙도서관,202209," 2,427 "," 2,404 "
노원구,2909. 석계역 3번 출구,202209," 2,277 "," 2,347 "
노원구,2910.도깨비시장,202209," 3,226 "," 3,260 "
노원구,2911.상계역중앙시장,202209," 1,738 "," 1,736 "
노원구,2912.대진고등학교,202209," 2,557 "," 2,290 "
노원구,2913.상계8동 주민센터,202209," 2,647 "," 2,886 "
노원구,2914.서울과학기술대학교(미래관),202209," 1,468 "," 1,591 "
노원구,2915.서울과학기술대학교(어학교육원),202209," 4,408 "," 3,905 "
노원구,2917.신창중학교 후문 맞은편 버스정류장,202209," 1,332 "," 1,531 "
노원구,2919.등나무 근린공원(시립북서울미술관 앞) ,202209," 4,716 "," 4,719 "
노원구,2920.상계중학교(당현2교사거리),202209," 1,228 "," 1,151 "
노원구,2921.중계역 2번출구,202209," 3,668 "," 4,080 "
노원구,4002. 상계주공 14단지 상가 앞,202209," 1,169 "," 1,240 "
노원구,4003. 상계초교 입구 교차로 명주빌딩 앞,202209," 2,578 "," 2,616 "
노원구,4004. 당고개입구오거리 당현천변,202209," 1,879 "," 1,887 "
노원구,4005. 중계2차 한화꿈에그린 101동 인근,202209," 1,506 "," 1,460 "
노원구,4007. 노원 을지대학교 병원,202209," 2,834 "," 3,128 "
노원구,4008. 하계 어린이 공원,202209," 2,692 "," 2,735 "
노원구,4009. 월계프라자,202209, 992 , 487 
노원구,4011. 월계 센트럴 아이파크,202209," 1,797 "," 2,190 "
노원구,4013. 중계 롯데마트,202209," 2,331 "," 2,275 "
노원구,4014. 당고개역 3번 출구,202209," 1,665 "," 1,668 "
노원구,4016. 노원 마들스타디움,202209," 1,724 "," 1,734 "
노원구,4017. 월계 청백1단지 아파트 정류장,202209, 678 , 242 
노원구,4018. 상계주공15단지 버스정류소,202209," 2,032 "," 2,010 "
노원구,4019. 상계주공10단지 버스정류소,202209," 1,837 "," 1,813 "
노원구,4020. 중계동 성모빌딩 앞 ,202209," 1,995 "," 1,996 "
노원구,4021. 중계본동 입구,202209, 257 , 118 
노원구,4023. 월계역 1번 출구,202209," 1,515 "," 1,754 "
노원구,4024. 꿈의숲 SK뷰 아파트,202209," 2,235 "," 2,269 "
노원구,4025. 한천교 동편,202209," 1,885 "," 2,025 "
노원구,4026. 상계주공1단지아파트,202209," 2,160 "," 2,135 "
노원구,4027. 한내 행복발전소 옆,202209," 4,387 "," 4,520 "
노원구,4028. 한일유앤아이아파트 105동 인근,202209," 1,760 "," 1,563 "
노원구,4029. 청소년수련관 후문,202209," 4,712 "," 4,880 "
노원구,4031. 청암예술학교 앞,202209," 1,742 "," 1,638 "
노원구,4032. 은행사거리 성모빌딩 앞,202209," 1,453 "," 1,441 "
노원구,4033. 녹천역 4번 출구 옆,202209, 754 , 875 
노원구,4034. 상계근린공원 운동장 앞,202209," 1,529 "," 1,750 "
노원구,4035. 휴플러스 수락한신아파트 101동 앞,202209, 889 , 893 
노원구,4036. 하계역 6번출구,202209," 2,341 "," 2,548 "
노원구,4037. 물넘이교,202209," 3,043 "," 2,967 "
노원구,4039. 서울시 북부여성발전센터,202209," 1,167 "," 1,143 "
노원구,4040. 공릉로 26길,202209," 1,649 "," 1,890 "
노원구,4041. 공릉역3번출구,202209," 3,151 "," 3,246 "
노원구,4042. 상계문화정보도서관,202209," 1,346 "," 1,345 "
노원구,4043. 상계주공13단지 1301동,202209, 385 , 348 
노원구,4044. 공릉산 백세문 입구,202209, 240 , 182 
노원구,4045. 은하수 공원,202209, 668 , 788 
노원구,4046. 경춘선 숲길,202209, 563 , 629 
노원구,5301. 상계주공1단지 버스정류장 옆(대원빌딩 앞),202209," 3,013 "," 3,025 "
노원구,5305. 대륜E&S 서울지사 앞,202209, 721 , 737 
노원구,5306. 동신아파트 후문 옆,202209," 4,693 "," 4,893 "
노원구,5308. 상계신동아아파트,202209, 204 , 117 
노원구,5309. 월계 롯데캐슬아파트 뒤,202209, 716 , 751 
노원구,5310. 목련아파트,202209, 908 , 811 
노원구,5311. 주공601동 상가 노원지하보도 앞,202209," 2,079 "," 2,080 "
노원구,5313. 중계주공2단지 앞,202209, 902 , 903 
노원구,5314. 월계1동주민센터 앞,202209, 723 , 713 
노원구,5315. 당고개역 앞,202209, 192 , 173 
도봉구,1702. 녹천역 1번출구 앞,202209, 958 ," 1,025 "
도봉구,1703. 도봉산광역환승센터앞 ,202209, 434 , 418 
도봉구,1705. 도봉구청 정문앞,202209," 2,083 "," 2,186 "
도봉구,1706. 방학동우체국 건너편,202209," 1,017 "," 1,021 "
도봉구,1707. 도봉구민회관,202209," 1,892 "," 1,880 "
도봉구,1708. 도봉보건소사거리,202209," 2,396 "," 2,402 "
도봉구,1709. 쌍문역4번출구 주변,202209," 1,407 "," 1,262 "
도봉구,1713. 쌍문동 이안아파트 앞,202209, 543 , 258 
도봉구,1714. 도봉문화정보도서관 삼거리,202209, 386 , 111 
도봉구,1715. 서울특별시교육청도봉도서관,202209," 1,399 "," 1,398 "
도봉구,1716. 창동역 1번출구 건너편,202209," 1,206 "," 1,207 "
도봉구,1717. 시립창동운동장 입구,202209, 528 , 429 
도봉구,1719. 신도봉사거리 버스정류장,202209," 1,159 "," 1,225 "
도봉구,1720. 도봉구청 옆(중랑천변),202209," 2,673 "," 2,751 "
도봉구,1721. 창동역 2번출구 ,202209," 4,838 "," 5,569 "
도봉구,1722. 창동청소년수련관,202209," 1,125 "," 1,066 "
도봉구,1723. 방학동학마을도서관,202209, 743 , 743 
도봉구,1725. 창1동주민센터,202209, 945 ," 1,004 "
도봉구,1726. 삼익세라믹아파트교차로,202209," 1,689 "," 1,620 "
도봉구,1727. 서울도봉초등학교인근,202209, 766 , 757 
도봉구,1728. 서울북부지방법원,202209, 432 , 406 
도봉구,1729. 도봉한신아파트 버스정류장,202209," 1,593 "," 1,598 "
도봉구,1730. 도봉산역 교차로 앞,202209, 292 , 292 
도봉구,1731. 도봉고등학교 맞은편,202209, 313 , 222 
도봉구,1732. 방학역사거리,202209, 813 , 895 
도봉구,1733. 방학사거리 (봄마당 앞),202209," 1,124 "," 1,080 "
도봉구,1734. 쌍문현대1차아파트 108동 앞,202209," 1,081 ", 927 
도봉구,"1735. 도봉역 1,2번 출구사이 건너편",202209," 1,175 "," 1,171 "
도봉구,1736. 버스정류장 앞,202209, 636 , 449 
도봉구,1737. 신창시장,202209," 2,508 "," 2,653 "
도봉구,1738. 창동주공17단지 상가앞,202209," 2,982 "," 3,163 "
도봉구,1741. 제일강산수산입구,202209," 1,687 "," 1,539 "
도봉구,1742. 북한산 코오롱 하늘채,202209," 2,625 "," 2,636 "
도봉구,1743.창동19단지아파트 관리사무소앞,202209," 1,730 "," 1,737 "
도봉구,1744.도봉소방서 옆,202209," 2,378 "," 2,370 "
도봉구,1746. 방학남부역 버스정류장,202209," 1,235 "," 1,239 "
도봉구,1748. 방학역 1번출구,202209," 1,290 "," 1,407 "
도봉구,1749. ESA아파트 상가 앞,202209," 1,732 "," 1,779 "
도봉구,1750. 창포원 남쪽 입구,202209," 1,230 "," 1,328 "
도봉구,1751. 창원초등학교 교차로,202209, 908 , 839 
도봉구,1752. 창동 주공 4단지 입구 옆,202209," 1,254 "," 1,318 "
도봉구,1754. 창동시장입구 사거리,202209," 1,268 "," 1,260 "
도봉구,1756.서울북부광역등기국,202209, 389 , 350 
도봉구,1757.솔밭공원역 1번출구 앞,202209, 707 , 625 
도봉구,1758.솔밭공원역 1번출구 주변,202209, 804 , 804 
도봉구,1759.서울북부지방법원 앞,202209, 742 , 749 
도봉구,1761.방학중학교 앞,202209, 535 , 488 
도봉구,1762.북한산 한신휴플러스APT앞,202209," 2,421 "," 2,338 "
도봉구,1765.쌍문역 1번출구 주변,202209," 1,433 "," 1,407 "
도봉구,1767.방학초등학교 앞,202209," 2,295 "," 2,613 "
도봉구,1768.신동아타워 버스정류소,202209, 837 , 837 
도봉구,1770.도봉한신아파트 주변,202209," 1,138 "," 1,150 "
도봉구,1771.성원APT버스정류소,202209, 843 , 797 
도봉구,1772.시립도봉노인복지관 버스정류소,202209, 954 , 914 
도봉구,1774.정의여중고 버스정류소,202209, 698 , 692 
도봉구,1775.신원리베르텔 앞,202209," 1,118 "," 1,064 "
도봉구,4054. 창동한신아파트 버스정류소,202209, 857 , 708 
도봉구,4058. 다락원체육공원 전망대 입구,202209, 831 , 896 
도봉구,4062. 평화도봉공원 주변,202209," 1,459 "," 1,476 "
도봉구,4064. 신창아파트 입구 앞,202209, 473 , 464 
도봉구,4065. 창동역 1번출구 앞,202209," 4,284 "," 4,350 "
도봉구,4073.방아골종합사회복지관,202209, 886 , 751 
도봉구,4074. 도봉구육아종합지원센터(창동),202209," 1,164 "," 1,485 "
도봉구,4076. 도봉통합복지센터 뒤 중랑천 변,202209," 3,829 "," 4,063 "
도봉구,4077. 도봉제1교,202209," 2,450 "," 2,716 "
도봉구,4078. 원당공원 앞,202209," 1,485 "," 1,468 "
도봉구,4080. 창동주공19단지앞 ,202209," 2,591 "," 2,599 "
도봉구,4083.도봉아이나라도서관 앞,202209," 1,164 "," 1,189 "
도봉구,4084. 도봉동실내스포츠센터,202209, 849 , 828 
도봉구,4086. 도봉로 534,202209, 340 , 296 
도봉구,4087. 우이교 교차로,202209," 2,337 "," 2,367 "
도봉구,4088. 김근태도서관,202209, 365 , 202 
도봉구,4089. 동부센트레빌 앞,202209," 1,054 "," 1,148 "
동대문구,4102. 휘경1동주민센터 앞,202209," 1,728 "," 1,783 "
동대문구,4103. 휘경sk뷰아파트 앞,202209, 864 , 854 
동대문구,4104. 외대앞역 교차로,202209," 1,717 "," 1,770 "
동대문구,4105. 서울교통공사사거리 교통섬,202209," 1,397 "," 1,519 "
동대문구,4107. 장안동근린공원 입구,202209," 1,041 "," 1,205 "
동대문구,4108. 답십리파크자이아파트 앞,202209," 3,021 "," 3,317 "
동대문구,4110. 용두롯데캐슬리치아파트 앞,202209," 1,549 "," 1,380 "
동대문구,4113. 한국국방연구원 앞,202209," 1,862 "," 1,913 "
동대문구,4114. 휘경여중고삼거리,202209," 1,999 "," 2,267 "
동대문구,4116. 이문e편한세상아파트 앞,202209, 771 , 929 
동대문구,4117. 휘경119안전센터 앞,202209," 1,631 "," 1,452 "
동대문구,4121. 서울문화재단 앞,202209," 2,275 "," 2,419 "
동대문구,4122. 청계9가교차로 앞,202209," 3,912 "," 4,116 "
동대문구,4123. 배봉초교 교차로,202209," 1,412 "," 1,473 "
동대문구,4125. 회기역 2-①번출구,202209," 2,825 "," 2,870 "
동대문구,600. 휘경2동 주민센터,202209, 562 , 479 
동대문구,601. 용신동주민센터,202209," 1,189 "," 1,190 "
동대문구,602. 장안동 사거리,202209," 5,722 "," 6,308 "
동대문구,604. 답십리초등학교 옆 공원,202209," 1,497 "," 1,616 "
동대문구,605. 신설동역8번출구,202209," 2,028 "," 2,136 "
동대문구,606. 휘경공고앞,202209, 761 , 772 
동대문구,607. 신이문역 2번출구,202209," 1,004 "," 1,108 "
동대문구,608. 전농삼성아파트,202209, 370 , 371 
동대문구,609. 제기2교,202209," 2,230 "," 2,187 "
동대문구,610. 동대문중 교차로,202209," 1,338 "," 1,325 "
동대문구,612. 시립동부병원 앞 사거리,202209," 2,997 "," 3,013 "
동대문구,613. 신설동역 10번출구 앞,202209," 3,065 "," 3,113 "
동대문구,614. 용두동 사거리,202209," 3,617 "," 3,544 "
동대문구,615. 용두동 래미안허브리츠아파트 앞,202209," 2,187 "," 2,077 "
동대문구,616. 서울시립대 앞,202209, 264 , 155 
동대문구,617. 청솔우성아파트 앞,202209," 1,745 "," 1,944 "
동대문구,621. 동대문중학교 옆,202209, 517 , 461 
동대문구,622. 전농사거리 교통섬,202209," 2,075 "," 2,006 "
동대문구,623. 서울시립대 정문 앞,202209," 2,210 "," 1,803 "
동대문구,624. 전농동 동아아파트 앞,202209," 2,226 "," 2,304 "
동대문구,626. 군자교 서측 녹지대,202209," 2,409 "," 2,556 "
동대문구,627. 장안동삼거리 교통섬,202209," 1,722 "," 1,812 "
동대문구,628. 휘봉고등학교 앞,202209," 1,287 "," 1,336 "
동대문구,630. 동대문구 보건소,202209," 3,162 "," 3,362 "
동대문구,631. 답십리역 1번출구,202209," 5,075 "," 5,309 "
동대문구,633. 청량리 기업은행 앞,202209," 3,853 "," 4,028 "
동대문구,634. 외국어대 정문 앞,202209," 4,765 "," 4,763 "
동대문구,635. 시조사 앞,202209," 2,217 "," 2,178 "
동대문구,636. 세종대왕기념관 교차로,202209, 870 , 873 
동대문구,637. KAIST 경영대학 앞,202209," 1,494 "," 1,291 "
동대문구,638. 서울시립대 정보기술관,202209, 930 , 733 
동대문구,639. 서울시립대 후문,202209," 1,026 ", 695 
동대문구,640. 동대문경찰서 교차로,202209," 1,544 "," 1,690 "
동대문구,641. 용두역 4번출구,202209," 3,582 "," 3,700 "
동대문구,642. 신답역 사거리,202209," 2,457 "," 2,483 "
동대문구,643. 동대문구민체육센터 (육교아래),202209," 2,982 "," 3,264 "
동대문구,646. 장한평역 1번출구,202209," 6,260 "," 7,522 "
동대문구,647. 신이문역 1번출구,202209," 1,259 "," 1,322 "
동대문구,648. 장안동위더스빌옆,202209," 3,999 "," 3,977 "
동대문구,650. 중랑교사거리,202209," 2,252 "," 2,113 "
동대문구,652. 답십리 래미안엘파인아파트 입구,202209," 1,035 "," 1,087 "
동대문구,654. 전농동 텃골공원,202209, 974 , 934 
동대문구,656. 영휘원 교차로,202209," 1,122 "," 1,210 "
동대문구,657. 동대문롯데캐슬아파트 앞,202209," 2,378 "," 2,404 "
동대문구,658. 촬영소 사거리,202209, 218 , 292 
동대문구,659. 제기역1번출구,202209," 3,901 "," 3,813 "
동대문구,660. 동의보감타워,202209," 2,525 "," 2,581 "
동대문구,661. 경희대학교 청운관,202209," 1,889 "," 1,914 "
동대문구,663. 외대앞역 4번출구,202209," 2,388 "," 2,433 "
동대문구,664. 서울시립대 건설공학관,202209, 945 , 859 
동대문구,665.이문동 쌍용아파트 정문,202209," 1,309 "," 1,549 "
동대문구,666.이문대성유니드아파트 앞,202209," 1,122 "," 1,177 "
동대문구,667.청량차도 육교 밑,202209, 913 , 615 
동대문구,668.서울축산농협(장안지점),202209," 4,386 "," 4,671 "
동대문구,669.청계한신휴플러스앞 삼거리,202209," 1,995 "," 2,033 "
동대문구,670.삼육서울병원 버스정류장,202209," 4,199 "," 4,234 "
동대문구,671.대광빌딩,202209, 754 , 730 
동대문구,672.대광고등학교,202209," 1,329 "," 1,477 "
동대문구,673.안암골벽산아파트(후문),202209," 1,606 "," 1,561 "
동대문구,674.고대앞사거리 교통섬,202209," 2,285 "," 2,179 "
동대문구,676.FITI시험연구원 앞,202209," 1,220 "," 1,221 "
동대문구,678.장안힐스테이트(아) 앞,202209," 2,765 "," 2,936 "
동대문구,679.전농SK아파트 앞,202209, 380 , 376 
동대문구,680.꿈마루어린이도서관 앞,202209," 3,398 "," 3,260 "
동대문구,681.서울특별시 동부교육지원청(육교),202209, 408 , 397 
동작구,2002. 노들역 1번출구,202209," 6,293 "," 7,075 "
동작구,2003. 사육신공원앞,202209," 1,952 "," 2,008 "
동작구,2007. 유한양행앞,202209," 2,153 "," 2,298 "
동작구,2008. 노량진근린공원 대방공원,202209, 745 , 506 
동작구,2009. 보라매역 8번출구,202209," 1,445 "," 1,451 "
동작구,2012. 대림사거리(동작상떼빌아파트),202209," 1,281 "," 1,288 "
동작구,2013. 장승배기역 5번출구,202209," 2,204 "," 1,976 "
동작구,2015. 신대방삼거리역 6번출구쪽,202209," 3,714 "," 4,048 "
동작구,2016. 신대방삼거리역 3번출구쪽,202209, 91 , 86 
동작구,2020. 장승배기역2번출구뒷편쪽,202209," 1,137 "," 1,130 "
동작구,2024. 상도역 1번출구,202209, 802 , 711 
동작구,2025. 흑석역 1번출구,202209," 4,070 "," 4,778 "
동작구,2026. 흑석역 4번출구,202209," 1,076 "," 1,120 "
동작구,2027. 중앙대학교 정문 1,202209," 1,148 "," 1,272 "
동작구,2032. 이수역 11번출구쪽,202209," 2,580 "," 3,163 "
동작구,2033. 사당동 아르테스 웨딩앞,202209," 1,756 "," 1,839 "
동작구,2034. 사당역 7번출구쪽,202209," 1,199 "," 1,218 "
동작구,2036. 정금마을 마을버스정류장,202209," 1,160 "," 1,211 "
동작구,2037. 동작역 5번출구 동작주차공원,202209," 1,180 "," 1,154 "
동작구,2038. 동작역 7번출구,202209, 412 , 354 
동작구,2040. 비계 버스정류소,202209, 260 , 200 
동작구,2041. 사당중학교 버스정류소,202209, 460 , 429 
동작구,2048. 삼일초등학교 인근,202209, 607 , 546 
동작구,2050. 노량진역 5번출구,202209," 4,496 "," 5,064 "
동작구,2054. 삼익아파트,202209," 2,269 "," 2,296 "
동작구,2056. 동작구민 체육센터,202209," 1,675 "," 1,659 "
동작구,2057. 상도 아이파크 아파트,202209, 422 , 285 
동작구,2058. 동작경찰서,202209," 3,700 "," 4,075 "
동작구,2059. 보라매공원 정문,202209," 2,265 "," 2,300 "
동작구,2060. 남성역3번출구 뒤,202209," 2,279 "," 2,830 "
동작구,2061. 한강 현대아파트 건너편,202209, 183 , 127 
동작구,2062. 사당새마을금고,202209, 656 , 649 
동작구,2064. 흑석한강푸르지오 106동앞,202209, 212 , 131 
동작구,2065. 서울시여성가족재단,202209, 826 , 841 
동작구,2066. 양문교회 앞,202209," 1,401 "," 1,396 "
동작구,2067. 보라매역․동작세무서 버스정류장(강남중학교방면),202209," 2,138 "," 2,146 "
동작구,2068. 총신대 앞(육교),202209, 301 , 132 
동작구,2069. 숭실대 입구역3번 출구 앞,202209, 964 , 743 
동작구,2070. 노량진역 2번 출구 앞,202209," 2,661 "," 2,968 "
동작구,2071. 대림아파트 후문 상가 옆,202209, 892 , 193 
동작구,2077.노들역 3번출구,202209," 1,768 "," 1,854 "
동작구,2078.흑석 아크로리버하임(103동),202209, 286 , 121 
동작구,2079.중앙대학교 중앙광장,202209, 282 , 256 
동작구,2080. 대방지하보도(대방동경남아너스빌아파트),202209," 2,782 "," 2,882 "
동작구,2082.7호선 이수역7번출구,202209," 1,287 "," 1,307 "
동작구,2083.흑석롯데캐슬에듀포레(107동),202209, 563 , 521 
동작구,2084.e편한세상 상도노빌리티 앞,202209," 1,027 ", 866 
동작구,2085.강남중학교 앞,202209," 1,519 "," 1,507 "
동작구,2086.삼일수영장 앞,202209," 1,657 "," 1,406 "
동작구,2088.상도중앙하이츠빌 입구,202209, 541 , 463 
동작구,2089.사당역10번출구(금강빌딩),202209," 1,676 "," 1,848 "
동작구,2090.기아자동차 사당점 앞,202209," 1,895 "," 1,888 "
동작구,2091. 이수역9번출구,202209," 1,710 "," 1,799 "
동작구,2092.흑석한강푸르지오(110동),202209, 284 , 44 
동작구,2093.상도SH빌아파트 입구,202209, 289 , 55 
동작구,2094.숭실대학교(중문) ,202209, 681 , 146 
동작구,2095.경문고등학교 앞,202209," 1,201 "," 1,339 "
동작구,2096.서울특별시 동작관악교육지원청,202209, 85 , 35 
동작구,237. 보라매 두산위브 건너편,202209," 2,220 "," 2,228 "
동작구,4152. 상도효성해링턴플레이스,202209, 808 , 624 
동작구,4153. 흑석동효사정앞,202209, 302 , 196 
동작구,4158. 노량진근린공원,202209, 348 , 155 
동작구,4162. 노량진1동 청소년독서실,202209, 451 , 92 
동작구,4167. 구로교 아래,202209," 2,068 "," 1,681 "
동작구,4169. 신대방삼거리,202209," 2,724 "," 2,934 "
동작구,4171. 우성아파트 앞,202209," 3,221 "," 3,372 "
동작구,4173. 중대후문 마을버스정류장,202209, 941 , 917 
동작구,4175. 대방역2번출구,202209," 1,677 "," 1,740 "
동작구,4177. 롯데캐슬 101동 앞,202209, 361 , 267 
동작구,4178. 이수성결교회 옆,202209, 227 , 197 
동작구,4179. 보라매병원역 1번출구,202209," 4,854 "," 4,941 "
동작구,4180. 흑석동주민센터 입구,202209, 463 , 498 
동작구,4181. 보라매공원역 2번출구,202209," 1,114 "," 1,123 "
마포구,102. 망원역 1번출구 앞,202209," 5,247 "," 5,270 "
마포구,103. 망원역 2번출구 앞,202209," 4,172 "," 4,185 "
마포구,104. 합정역 1번출구 앞,202209," 2,239 "," 2,002 "
마포구,105. 합정역 5번출구 앞,202209," 1,324 "," 1,301 "
마포구,106. 합정역 7번출구 앞,202209," 4,880 "," 4,842 "
마포구,107. 신한은행 서교동지점,202209," 2,793 "," 3,044 "
마포구,108. 서교동 사거리,202209," 2,441 "," 2,504 "
마포구,109. 제일빌딩 앞,202209," 1,813 "," 1,823 "
마포구,111. 상수역 2번출구 앞,202209," 1,518 "," 1,520 "
마포구,112. 극동방송국 앞,202209," 2,031 "," 2,037 "
마포구,113. 홍대입구역 2번출구 앞,202209," 6,837 "," 8,075 "
마포구,114. 홍대입구역 8번출구 앞,202209," 3,345 "," 3,342 "
마포구,118. 광흥창역 2번출구 앞,202209, 993 , 996 
마포구,119. 서강나루 공원,202209," 2,375 "," 2,447 "
마포구,120. 신수동 사거리,202209, 602 , 613 
마포구,121. 마포소방서 앞,202209," 1,000 "," 1,001 "
마포구,122. 신성기사식당 앞,202209," 1,181 "," 1,180 "
마포구,124. 서강대 정문 건너편,202209," 1,458 "," 1,369 "
마포구,125. 서강대 남문 옆,202209," 1,662 "," 1,668 "
마포구,126. 서강대 후문 옆,202209," 1,602 "," 1,606 "
마포구,127. 현대벤처빌 앞,202209, 405 , 340 
마포구,129. 신촌역(2호선) 6번출구 옆,202209," 1,252 "," 1,251 "
마포구,130. 신촌역(2호선) 7번출구 앞,202209," 2,761 "," 2,749 "
마포구,142. 아현역 4번출구 앞,202209, 769 , 767 
마포구,143. 공덕역 2번출구,202209," 1,702 "," 1,734 "
마포구,144. 공덕역 8번출구,202209," 4,200 "," 4,420 "
마포구,145. 공덕역 5번출구,202209," 1,614 "," 1,701 "
마포구,146. 마포역 2번출구 뒤,202209," 4,152 "," 4,504 "
마포구,147. 마포역 4번출구 뒤,202209," 4,567 "," 5,106 "
마포구,148. 용강동 주민센터 앞,202209," 2,424 "," 2,576 "
마포구,150. 서강대역 2번출구 앞,202209," 1,099 "," 1,101 "
마포구,153. 성산2교 사거리,202209," 2,699 "," 2,706 "
마포구,154. 마포구청역 ,202209," 3,728 "," 4,072 "
마포구,155. 가좌역1 번출구 앞,202209," 1,274 "," 1,197 "
마포구,156. 서울서부지방법원 앞,202209," 1,347 "," 1,372 "
마포구,157. 애오개역 4번출구 앞,202209," 2,306 "," 2,311 "
마포구,181. 망원초록길 입구,202209," 1,955 "," 1,967 "
마포구,182. 망원2빗물펌프장 앞,202209," 1,766 "," 1,757 "
마포구,183. 하늘채코오롱아파트 건너편,202209," 3,030 "," 2,805 "
마포구,184. 7번가피자 서교망원점,202209," 3,980 "," 4,124 "
마포구,185. 마포 신수공원 앞,202209," 1,274 "," 1,157 "
마포구,186. 월드컵공원,202209," 4,549 "," 4,482 "
마포구,199. 서울 월드컵 경기장,202209," 1,572 ", 951 
마포구,3002.벽산상암스마트큐브 ,202209," 4,561 "," 4,585 "
마포구,3003.래미안신공덕3차아파트,202209, 85 , 58 
마포구,3005.마포구청 청사내,202209, 383 , 387 
마포구,3006. 상암월드컵파크5단지(상암중학교),202209, 600 , 583 
마포구,3007.MBC 앞,202209," 1,001 "," 1,012 "
마포구,3008.DMC역7번출구,202209, 877 , 733 
마포구,3009.서교동사거리(신),202209," 2,431 "," 2,668 "
마포구,3010.홍대입구역 3번출구,202209," 5,276 "," 5,282 "
마포구,3011.경의선(노고산동),202209," 2,020 "," 2,028 "
마포구,400. 상암한화오벨리스크 1차 앞,202209," 1,682 "," 1,690 "
마포구,401. 상암월드컵파크 10단지 앞,202209," 1,265 "," 1,273 "
마포구,402. 상암월드컵파크 9단지 앞,202209," 1,001 "," 1,002 "
마포구,403. 부엉이공원 앞,202209," 1,339 ", 730 
마포구,405. DMC빌 앞,202209," 1,094 "," 1,151 "
마포구,406. 상암월드컵파크 7단지 앞,202209," 1,063 ", 996 
마포구,407. 마포구 육아종합지원센터,202209," 1,094 "," 1,094 "
마포구,408. LG CNS앞,202209," 1,111 "," 1,108 "
마포구,409. 누리꿈스퀘어 옆,202209," 2,991 "," 3,063 "
마포구,410. 상암중학교 옆,202209, 414 , 384 
마포구,411. DMC홍보관,202209," 1,960 "," 2,101 "
마포구,412. DMC산학협력연구센터 앞,202209," 1,919 "," 1,917 "
마포구,413. 상암월드컵파크 3단지 후문,202209," 1,034 ", 995 
마포구,414. 상암동주민센터 옆,202209," 2,688 "," 2,692 "
마포구,415. DMC역 9번출구 앞,202209," 3,521 "," 3,432 "
마포구,416. 상암월드컵파크 1단지 교차로,202209, 984 , 694 
마포구,417. DMC역 2번출구 옆,202209," 2,357 "," 2,087 "
마포구,418. 월드컵경기장역 3번출구 옆,202209," 3,798 "," 3,765 "
마포구,419. 홈플러스 앞,202209," 3,580 "," 3,446 "
마포구,420. 서울시 공공자전거 상암센터,202209," 2,225 "," 1,695 "
마포구,4202. 프런트원(공덕역4번출구 앞),202209," 1,181 "," 1,237 "
마포구,4206. 광흥창역5번출구,202209, 890 , 898 
마포구,4207. 아만티호텔 앞,202209, 755 , 765 
마포구,4208. 스타벅스(동교동) 앞,202209," 1,203 "," 1,312 "
마포구,421. 마포구청 앞,202209," 2,914 "," 2,914 "
마포구,4210. 가좌행복주택 앞,202209," 1,455 "," 1,447 "
마포구,4211. 시석빌딩 앞,202209," 1,238 "," 1,242 "
마포구,4212. 한화오벨리스크 앞,202209," 1,156 "," 1,032 "
마포구,4213. 마포구중앙도서관 정문 앞,202209," 2,821 "," 2,636 "
마포구,4214. JTBC 앞,202209," 1,260 "," 1,267 "
마포구,4216. 망원정 앞,202209," 1,150 "," 1,153 "
마포구,4217. 한강공원 망원나들목,202209," 19,768 "," 20,852 "
마포구,4218. 디지털매직스페이스,202209," 2,753 "," 2,811 "
마포구,422. 문화비축기지,202209, 506 , 509 
마포구,4220. 신촌 청년주택,202209," 2,498 "," 2,511 "
마포구,4221. 솔리스타오피스텔(공덕동주민센터),202209, 636 , 223 
마포구,4222. 서울디자인고등학교 앞,202209," 2,163 "," 2,271 "
마포구,4224. 서부운전면허시험장,202209," 1,224 "," 1,232 "
마포구,4226. 마포프레스티지자이 1,202209," 1,254 "," 1,250 "
마포구,4233. 코오롱아파트사거리,202209," 4,330 "," 4,317 "
마포구,4234. 에스테반,202209, 517 , 368 
마포구,4238. 상암한샘빌딩앞,202209," 1,434 "," 1,431 "
마포구,4239. 성산2동 주민센터 ,202209, 233 , 217 
마포구,424. 롯데하이마트 (상암월드컵점) ,202209, 686 , 606 
마포구,4240. 아현문화건강센터,202209, 36 , 22 
마포구,4244. 당인리발전소 공원 앞,202209," 1,335 "," 1,342 "
마포구,4246. 상수역새마을금고,202209, 801 , 802 
마포구,4247. 서울서부지방법원등기국앞,202209, 521 , 529 
마포구,4248. 신촌 교보빌딩,202209, 659 , 610 
마포구,425. DMC첨단산업센터,202209, 756 , 755 
마포구,4251. 공덕역 경의선숲길 커뮤니티센터,202209, 857 , 845 
마포구,426. 서울신용보증재단,202209," 2,138 "," 2,142 "
마포구,427. 성산시영아파트,202209," 1,526 "," 1,588 "
마포구,432. 마포중앙도서관,202209, 372 , 111 
마포구,436. 이대역 5번출구,202209, 748 , 365 
마포구,437. 대흥역 1번출구,202209," 1,569 "," 1,583 "
마포구,438. 성산2-1 공영주차장,202209," 2,209 "," 2,101 "
마포구,439. 마포어린이공원,202209," 3,273 "," 3,533 "
마포구,440. 하늘공원 입구,202209," 1,710 "," 1,654 "
마포구,487.신석초교앞 교차로 교통섬,202209," 2,839 "," 2,981 "
마포구,488.푸르메병원,202209," 2,120 "," 2,175 "
마포구,489.구룡근린공원,202209, 644 , 397 
마포구,490.가온문화공원,202209," 1,972 "," 2,076 "
마포구,491.월드컵파크 4단지,202209, 626 , 574 
마포구,492.성산시영아파트 후문,202209," 2,154 "," 2,262 "
마포구,493.홍대입구역 6번출구,202209," 2,507 "," 2,503 "
마포구,494.신수동주민센터,202209, 486 , 492 
마포구,495.염리초등학교 앞,202209," 1,563 "," 1,695 "
마포구,497.합정동주민센터 앞,202209," 3,282 "," 2,891 "
마포구,498.연남동주민센터 앞,202209," 3,671 "," 3,766 "
마포구,5503. 마포아트센터 앞,202209, 810 , 815 
서대문구,115. 마스타 빌딩 앞,202209," 1,006 ", 879 
서대문구,116. 일진아이윌아파트 옆,202209," 2,170 "," 2,187 "
서대문구,117. 홍은사거리,202209," 4,650 "," 4,679 "
서대문구,123. 문화촌 공원,202209," 2,678 "," 2,723 "
서대문구,128. 신촌역(2호선) 1번출구 옆,202209," 1,982 "," 1,988 "
서대문구,131. 증산2교,202209," 3,197 "," 3,661 "
서대문구,133. 해담는다리,202209," 3,065 "," 3,460 "
서대문구,134. 연세로 명물길,202209," 1,431 "," 1,426 "
서대문구,135. 명물길 원형무대 앞,202209, 999 , 996 
서대문구,137. 신촌기차역입구 교차로,202209, 583 , 390 
서대문구,138. 신촌동 제1공영주차장 앞,202209," 1,256 "," 1,262 "
서대문구,139. 연세대 정문 건너편,202209, 519 , 379 
서대문구,140. 이화여대 후문,202209," 1,113 "," 1,063 "
서대문구,141. 연대 대운동장 옆,202209, 736 , 675 
서대문구,159. 이대역 4번 출구,202209, 430 , 331 
서대문구,160. 북아현동 가구거리,202209, 686 , 585 
서대문구,161. 무악재역1번 출구,202209, 491 , 476 
서대문구,162. 봉원고가차도 밑,202209," 1,006 ", 405 
서대문구,163. 명지전문대학교 정문 앞,202209, 710 , 695 
서대문구,164. 북가좌1동 주민센터 ,202209, 533 , 481 
서대문구,165. 중앙근린공원,202209," 1,772 "," 1,433 "
서대문구,166. 가재울 초등학교,202209," 2,304 "," 2,316 "
서대문구,167. 연가초등학교 옆,202209, 583 , 152 
서대문구,169. 북가좌 삼거리,202209, 593 , 518 
서대문구,170. DMC파크뷰자이아파트 302동 앞,202209," 1,702 "," 1,680 "
서대문구,171. 임광빌딩 앞,202209, 421 , 423 
서대문구,173. 서대문역 8번출구 앞,202209, 524 , 521 
서대문구,175. 홍연2교옆,202209," 2,126 "," 2,130 "
서대문구,176. 명지대학교 도서관,202209," 3,329 "," 3,512 "
서대문구,177. 북가좌 초등학교,202209," 1,116 "," 1,118 "
서대문구,178. 증산3교 앞,202209," 2,114 "," 2,153 "
서대문구,179. 가좌역 4번출구 앞,202209," 2,091 "," 2,106 "
서대문구,180. 충정로역 7번출구 아래,202209, 931 , 615 
서대문구,188. 홍은동 정원여중 입구,202209," 1,285 "," 1,274 "
서대문구,191. 서우빌딩,202209," 1,561 "," 1,648 "
서대문구,192. 연서어린이공원,202209, 817 , 826 
서대문구,194. 증산교 앞,202209," 2,746 "," 2,789 "
서대문구,195. 모래내고가차도 ,202209, 934 , 924 
서대문구,196. 연희교차로 인근,202209, 556 , 435 
서대문구,198. 충정2교,202209, 841 , 585 
서대문구,3100. 북성초교,202209, 321 , 308 
서대문구,3101. 서대문구청,202209, 854 , 828 
서대문구,3102. 연희삼거리,202209," 1,468 "," 1,464 "
서대문구,3103. 홍제삼거리 북측,202209," 1,547 "," 1,562 "
서대문구,3104. e편한세상 신촌4단지 앞,202209, 875 , 872 
서대문구,3105. 홍은센트레빌 아파트 앞,202209, 467 , 157 
서대문구,3107. 연희초등학교 앞,202209, 639 , 634 
서대문구,3109.북한산더샾 106동 앞,202209, 446 , 435 
서대문구,3110.홍은 현대아이파크 아파트 202동 앞,202209," 1,060 "," 1,047 "
서대문구,3111.무악재역 4번 출구,202209, 302 , 224 
서대문구,3113.독립문역사거리,202209, 937 , 927 
서대문구,3114.충정로역 3번 출구,202209, 350 , 302 
서대문구,3115.북아현 치안센터 인근,202209, 975 , 895 
서대문구,3116.신촌역 4번출구,202209, 984 , 980 
서대문구,3117.이화여대 인문관 인근,202209, 420 , 412 
서대문구,3119.연희 브라운스톤 아파트 앞,202209," 2,286 "," 2,284 "
서대문구,3120.DMC엘가아파트 앞,202209," 1,635 "," 1,619 "
서대문구,3121.가좌삼거리,202209," 1,423 "," 1,404 "
서대문구,3122.북가좌삼거리2,202209, 905 , 887 
서대문구,3123.DMC파크뷰자이1단지 110동 앞,202209," 1,329 "," 1,284 "
서대문구,3125.연희파크푸르지오아파트 앞,202209," 1,803 "," 1,795 "
서대문구,3126.남가좌동 제2공영주차장,202209, 449 , 412 
서대문구,3127.홍은2파출소 옆,202209, 833 , 859 
서대문구,3128.동신병원 맞은편,202209," 1,562 "," 1,589 "
서대문구,3129.DMC래미안e편한세상203동옆,202209, 736 , 716 
서대문구,3130.가재울사거리,202209, 889 , 556 
서대문구,3131.연가교 교차로,202209," 1,485 "," 1,470 "
서대문구,3132.홍제교,202209," 1,057 "," 1,078 "
서대문구,3134.SK리쳄블(상수도사업본부),202209, 563 , 555 
서대문구,4253. 홍은도담도서관,202209, 917 , 883 
서대문구,4255. 래미안 루센티아 아파트 108동 앞,202209," 1,583 "," 1,317 "
서대문구,4262. 서대문자연사박물관 입구,202209, 353 , 339 
서대문구,4264. 홍남교 버스정류장,202209, 965 , 972 
서대문구,4265. 안산초등학교 앞,202209, 139 , 83 
서대문구,4266.국민연금공단충정로사옥,202209, 378 , 263 
서대문구,4267. 서대문역 2번 출구,202209," 1,841 "," 1,844 "
서대문구,4269. 연희IC 남측,202209, 836 , 838 
서대문구,4270. 우국한마음 아파트 맞은편,202209, 236 , 239 
서대문구,4271. 충정로역 1번 출구,202209, 308 , 235 
서대문구,4272. 홍남교 사거리,202209," 1,369 "," 1,403 "
서대문구,4273. 홍연2교 사거리,202209, 589 , 590 
서대문구,4274. 신촌 파랑고래 입구,202209, 61 , 51 
서초구,2201. 본마을 정류소 앞,202209, 85 , 71 
서초구,2202.청계산입구역 1번출구,202209," 1,748 "," 1,662 "
서초구,2203. 청계산입구역 2번출구,202209, 405 , 282 
서초구,2205. 내곡3단지 어린이공원 앞,202209, 854 , 803 
서초구,2206. 언남초등학교 앞,202209," 1,305 "," 1,280 "
서초구,2207. 내곡파출소 뒤 정자,202209, 222 , 142 
서초구,2210. 반포1동 주민센터 앞,202209, 418 , 329 
서초구,2211. 서초구립반포도서관 앞,202209," 2,188 "," 2,176 "
서초구,2212.서초현대4차아파트 201동 맞은편,202209, 986 , 971 
서초구,2213. 고속터미널역 5번출구 앞,202209," 1,103 ", 817 
서초구,2214. 신반포역 2번출구 앞,202209," 1,172 "," 1,280 "
서초구,2215. 반포종합운동장 입구,202209," 1,195 "," 1,272 "
서초구,2217.아크로리버뷰 부지 앞,202209," 3,223 "," 3,628 "
서초구,"2219. 고속터미널역 8-1번, 8-2번 출구 사이",202209," 6,502 "," 6,538 "
서초구,2220. 반포본동 주민센터 앞,202209," 2,057 "," 2,381 "
서초구,2221. 방일초교 마을버스 정류장,202209," 1,841 "," 1,968 "
서초구,2222.사당역 12번출구 뒤,202209," 2,950 "," 3,272 "
서초구,2223. 방배래미안 정문 앞,202209, 446 , 542 
서초구,2225.백석예술대학교 제3캠퍼스 앞,202209, 263 , 164 
서초구,2226. 신동아럭스빌아파트 앞,202209, 449 , 96 
서초구,2227.방배열린문화센터 앞,202209, 968 , 973 
서초구,2228.뒷벌공원 옆,202209," 1,420 "," 1,611 "
서초구,2229.로고스교회 맞은 편,202209, 898 , 981 
서초구,2230.이수역 4번 출구,202209," 2,581 "," 2,629 "
서초구,2231. 삼성타운(삼성생명) A동 맞은편,202209," 2,171 "," 2,198 "
서초구,2233. 서초신동아1차아파트 옆,202209," 1,020 ", 969 
서초구,2235.KT 서초지사 앞,202209, 524 , 343 
서초구,2237.서울남부터미널 대합실 입구,202209," 1,171 ", 749 
서초구,2239.교대역 6번출구,202209," 1,117 "," 1,098 "
서초구,2241.양재전화국 사거리,202209, 535 , 533 
서초구,2242.양재역 11번 출구 앞,202209," 1,029 "," 1,026 "
서초구,2243.서울가정법원,202209," 1,091 ", 753 
서초구,2244.교육개발원입구 교차로,202209," 1,902 "," 1,922 "
서초구,2245.양재초등학교 맞은편,202209," 1,208 "," 1,299 "
서초구,2246. 서울시 품질시험소 앞,202209, 804 , 831 
서초구,2247.섬들근린공원,202209," 1,676 "," 1,721 "
서초구,2248. 서초리슈빌S 글로벌 앞,202209, 260 , 238 
서초구,2249. 우솔초등학교 맞은편,202209, 429 , 426 
서초구,2250. 서초유치원 맞은편,202209, 875 , 859 
서초구,2251. 더케이호텔 입구(양재2) ,202209," 1,376 "," 1,373 "
서초구,2252. 잔디마을 마을버스 정류장,202209," 2,464 "," 2,539 "
서초구,2255.시민의숲역 1번출구 옆,202209," 3,259 "," 3,262 "
서초구,2256.양재동 꽃시장 입구,202209, 471 , 474 
서초구,2257. 청계산 입구 삼거리,202209, 159 , 156 
서초구,2258.구룡사 삼거리,202209, 567 , 276 
서초구,2259. 잠원역 3번-4번 출구사이 ,202209," 1,353 "," 1,372 "
서초구,2262. 한신16차아파트 119동 앞,202209," 6,290 "," 7,470 "
서초구,2263. 바우뫼문화복지회관,202209, 996 , 965 
서초구,2264. 이수역 1번출구,202209," 3,439 "," 3,710 "
서초구,2265. 이수고가차도 남단,202209," 2,277 "," 2,511 "
서초구,2266. 서초역 3번출구,202209," 1,388 "," 1,335 "
서초구,2268. 서초4동주민센터 ,202209, 999 , 950 
서초구,2269. 주홍교 하부,202209, 303 , 211 
서초구,2270. 서초포레스타 7단지,202209, 447 , 431 
서초구,2271. 내방역 8번출구 앞,202209," 1,239 "," 1,264 "
서초구,2272. 교대입구 교차로,202209, 710 , 691 
서초구,2273. 일동제약 사거리,202209," 1,340 "," 1,388 "
서초구,2274. 양재시민의숲역 3번출구,202209," 1,713 "," 1,716 "
서초구,2275. 염곡치안센터 건너편,202209, 246 , 254 
서초구,2276. 영동1교 (양재천근린공원),202209," 1,430 "," 1,448 "
서초구,2277. 길마중4교 하부,202209," 1,713 "," 1,732 "
서초구,2279. 교대역 5번출구뒤,202209," 2,401 "," 2,401 "
서초구,2280. 서울서초고용센터앞,202209, 781 , 662 
서초구,2281. 연세사랑병원신관앞,202209, 547 , 555 
서초구,2283. 그룹한빌딩옆,202209, 388 , 135 
서초구,2284. CJ오쇼핑앞,202209, 288 , 143 
서초구,2285. LH서초3단지 301동 맞은편,202209, 429 , 399 
서초구,2286. 탑성마을입구,202209, 50 , 10 
서초구,2287. 능안마을입구,202209, 71 , 21 
서초구,2288. 안골마을입구,202209, 65 , 34 
서초구,2289. 남태령역 2번출구,202209, 191 , 59 
서초구,2293. SPC 앞,202209, 961 , 938 
서초구,2294. 두상빌딩 앞,202209," 1,740 "," 1,869 "
서초구,2297. 남부터미널역 1번출구,202209, 852 , 742 
서초구,2298. 래미안서초스위트앞,202209, 843 , 774 
서초구,2299. 한전아트센터 앞,202209," 1,114 "," 1,009 "
서초구,2501. 서초 포레스타5단지,202209, 725 , 693 
서초구,2502. 서초역1번출구 앞,202209, 890 , 765 
서초구,2503. 반포1동 서초빌딩 앞,202209," 1,182 "," 1,179 "
서초구,2504. 신사역 4번출구 뒤,202209," 1,439 "," 1,335 "
서초구,2505. 우성아파트사거리 (기업은행앞),202209," 2,197 "," 2,191 "
서초구,2506. LG유플러스 (방배사옥),202209, 118 , 67 
서초구,2508. 양재이스타빌 앞,202209," 1,807 "," 1,883 "
서초구,2509. 심산기념문화센터,202209," 1,071 "," 1,069 "
서초구,2510. JW타워,202209, 238 , 216 
서초구,2511. 이수역 6번출구 앞,202209," 1,695 "," 1,714 "
서초구,2514.사평역 2번출구,202209, 833 , 785 
서초구,2515.서초초등학교 후문,202209," 1,502 "," 1,489 "
서초구,2516.본마을 노인복지센터 앞,202209, 444 , 461 
서초구,2517.서초3교(효령로69길 방면),202209, 408 , 374 
서초구,2518.서초3교(효령로70길 방면),202209, 873 , 894 
서초구,2519.서초2교(사임당로 방면),202209, 369 , 383 
서초구,2520.서초1교 (진흥아파트 방면),202209, 708 , 651 
서초구,2521.서초 크로바타워 앞,202209, 840 , 764 
서초구,2523.뉴코아 킴스클럽 앞,202209," 1,451 "," 1,477 "
서초구,2524.반포쇼핑타운 8동 앞,202209," 1,431 "," 1,420 "
서초구,2525.반포쇼핑타운 2동 앞,202209," 5,937 "," 6,730 "
서초구,2526.반포경남쇼핑 앞,202209, 620 , 650 
서초구,2527.반포중학교 앞(세화여고 맞은편),202209, 736 , 886 
서초구,2528.함지박 사거리,202209," 1,359 "," 1,493 "
서초구,2529.우리은행 방배동지점 앞,202209," 1,290 "," 1,303 "
서초구,2530.삼호3차아파트 앞,202209," 1,961 "," 1,993 "
서초구,2531.멤피스아파트 앞,202209," 1,586 "," 1,628 "
서초구,2532.국립국악원 앞,202209, 452 , 71 
서초구,2533.한가람미술관 앞,202209, 385 , 294 
서초구,2535.신반포역 3번출구 뒤,202209, 621 , 641 
서초구,2536.서초종합체육관 입구,202209, 108 , 95 
서초구,2537.양재역 8번출구 앞,202209," 1,203 "," 1,153 "
서초구,2538.사평리 공원,202209," 1,856 "," 1,933 "
서초구,2539.대한무역투자진흥공사 KOTRA 앞,202209, 731 , 778 
서초구,2540.반포천 앞,202209," 1,611 "," 1,608 "
서초구,2541.옛골 입구,202209, 114 , 37 
서초구,2542.신논현타워 앞,202209," 1,155 "," 1,093 "
서초구,2545.국립중앙도서관(국제회의장옆),202209, 452 , 179 
서초구,2547. 반포래미안 리오센트,202209," 1,045 "," 1,070 "
서초구,2548.반포1동 자율방범초소 옆,202209, 700 , 517 
서초구,2549.LH 서초 4단지 403동,202209, 681 , 662 
서초구,2550.양재동 꽃시장 건너편,202209, 827 , 827 
서초구,4303. 매헌역 2번출구앞광역버스 정류장앞(22-297),202209," 1,170 "," 1,177 "
서초구,4304. 서울고앞,202209, 538 , 495 
서초구,4305. 서일스포츠센터,202209, 333 , 219 
서초구,4306. 서래공원 앞,202209," 1,142 "," 1,105 "
서초구,4307. 고투몰 gate 15옆,202209," 1,097 "," 1,085 "
서초구,4309. 서초케이타운앞,202209, 270 , 244 
서초구,4312. 반포미도2차아파트 옆,202209, 611 , 611 
서초구,4313. 반포종합운동장,202209, 823 , 837 
서초구,4314. 탑성마을 버스정거장 옆,202209, 39 , 3 
서초구,4315. 이투스교육 앞,202209, 431 , 356 
서초구,4316. 고속터미널역 3번출구,202209," 1,012 ", 643 
서초구,4317. 양재근린공원,202209," 1,705 "," 1,819 "
서초구,4318. 방배역 2번 출구,202209," 1,265 "," 1,311 "
서초구,4319. 삼성전자R&D어린이집 뒤,202209, 280 , 181 
서초구,4320. 신영체르니 아파트,202209, 761 , 798 
서초구,4322.서울추모공원 입구,202209, 48 , 16 
서초구,4323. 내곡도서관,202209, 290 , 285 
서초구,4324. 세화고등학교,202209, 149 , 154 
서초구,4327. 몽마르뜨공원입구,202209, 440 , 154 
서초구,4329. SC제일은행 양재동지점 앞,202209, 750 , 627 
서초구,4332. 이수교차로,202209," 2,107 "," 2,170 "
성동구,3511. 응봉역 1번출구,202209," 6,283 "," 6,559 "
성동구,3513. 상왕십리역 1번출구,202209," 2,775 "," 1,952 "
성동구,3514. 왕십리교회옆,202209," 3,871 "," 3,889 "
성동구,3515. 서울숲 관리사무소,202209," 4,544 "," 4,231 "
성동구,3525. 금호스포츠센터앞,202209," 1,183 "," 1,342 "
성동구,3527. 왕십리 자이아파트,202209, 53 , 51 
성동구,3530. 왕십리자이아파트 후문(삼거리),202209, 391 , 332 
성동구,3531. 논골사거리(금호도서관 입구),202209, 330 , 70 
성동구,3532. 왕십리KCC스위첸아파트,202209, 179 , 135 
성동구,3538. 서울숲 IT캐슬,202209, 24 , 24 
성동구,3544.한양대역 3번 출구,202209," 2,570 "," 2,727 "
성동구,3545.한양대역 1번출구,202209," 1,231 "," 1,233 "
성동구,3547.상왕십리역 6번 출입구,202209, 583 , 583 
성동구,3548.뚝섬역 6번출구,202209," 2,605 "," 2,550 "
성동구,3549.건영아파트 앞,202209," 2,221 "," 2,220 "
성동구,3550.금호나들목,202209," 2,048 "," 2,115 "
성동구,3551.성동도로사업소,202209, 471 , 545 
성동구,3552.서울숲 공영주차장앞,202209," 1,903 "," 1,880 "
성동구,3553.마장역3번출구,202209, 906 , 868 
성동구,3555.양지사거리(센트라스APT 115동앞),202209, 277 , 202 
성동구,3556.신금호파크자이APT앞,202209, 469 , 117 
성동구,3557.서울숲리버뷰자이APT105동 앞,202209, 685 , 683 
성동구,3558.마장동 금호어울림APT앞,202209, 710 , 684 
성동구,3559.성동구민종합체육센터 앞,202209," 5,204 "," 5,219 "
성동구,3560.성동구 견인차량 보관소 앞,202209," 2,471 "," 2,482 "
성동구,3561.행당동 삼부APT후문,202209, 419 , 319 
성동구,3600.사근빗물펌프장 건너편,202209," 5,320 "," 5,723 "
성동구,4353. 코오롱디지털타워 3차앞,202209," 2,926 "," 2,942 "
성동구,4360. 르노삼성자동차 성수사업소 앞,202209," 1,239 "," 1,239 "
성동구,4362. 행당중학교 후문,202209," 1,203 "," 1,197 "
성동구,4363. 신금호역 2번출구 앞,202209, 94 , 77 
성동구,4367. kt 행당빌딩 앞,202209," 1,342 "," 1,365 "
성동구,4370. 서울숲IT캐슬 앞,202209," 1,097 "," 1,085 "
성동구,4373. 서울숲 지식산업센터,202209," 2,288 "," 2,290 "
성동구,4377. 우영테크노센터 앞,202209," 2,512 "," 2,583 "
성동구,4381. 더스페이스타워 앞,202209," 2,559 "," 2,583 "
성동구,4382. 페코텍글로벌허브빌딩 앞,202209," 3,254 "," 3,243 "
성동구,4383. 푸조비즈타워 앞,202209," 2,381 "," 2,569 "
성동구,4385. 용답동 우체국 주변,202209," 1,059 "," 1,025 "
성동구,4386. 현대자동차 동부서비스센터 주변,202209," 1,027 "," 1,017 "
성동구,4387. 성수역 1번출구 주변,202209," 1,025 "," 1,028 "
성동구,4388. 하우스디세종타워 앞,202209, 499 , 497 
성동구,506. 금호 어울림 아파트 앞,202209," 1,316 "," 1,325 "
성동구,508. 성수아카데미타워 앞,202209," 2,356 "," 2,089 "
성동구,509. 이마트 버스정류소 옆,202209," 5,688 "," 5,731 "
성동구,510. 서울숲 남문 버스정류소 옆,202209," 2,379 "," 2,443 "
성동구,511. 서울숲역 5번 출구 옆,202209," 2,526 "," 2,523 "
성동구,512. 뚝섬역 1번 출구 옆,202209," 3,727 "," 3,724 "
성동구,513. 뚝섬역 5번 출구 정류소 옆,202209," 1,806 "," 1,784 "
성동구,514. 성수사거리 버스정류장 앞,202209," 3,010 "," 2,905 "
성동구,518. 청계천 박물관 앞,202209, 970 , 972 
성동구,519. 양지사거리,202209," 1,669 "," 1,471 "
성동구,520. 상왕십리역 4번 출구 앞,202209," 1,016 ", 983 
성동구,521. 왕십리역 11번 출구 앞,202209," 2,393 "," 2,388 "
성동구,522. 금호역 1번출구 앞,202209, 446 , 439 
성동구,523. 옥수동성당 옆,202209, 227 , 108 
성동구,524. 래미안금호하이리버 아파트 102동 옆,202209, 581 , 535 
성동구,525. 한양대병원사거리,202209," 2,462 "," 2,130 "
성동구,526. 용답토속공원 앞,202209, 824 , 830 
성동구,529. 장한평역 8번 출구 앞,202209," 2,784 "," 2,333 "
성동구,530. 청계벽산아파트 앞,202209," 1,949 "," 1,939 "
성동구,533. 금남시장 교차로,202209, 646 , 803 
성동구,534. 금호사거리,202209, 509 , 492 
성동구,535. 응봉삼거리,202209, 524 , 508 
성동구,536. 행당역 2번출구 앞,202209," 1,160 "," 1,204 "
성동구,537. 한양대후문역 부근,202209," 2,076 "," 2,069 "
성동구,538. 답십리역 8번출구 앞,202209," 1,289 "," 1,454 "
성동구,550. 서울시설공단 앞,202209," 1,971 "," 1,989 "
성동구,556. 달맞이공원,202209, 214 , 212 
성동구,557. 도선동 주민센터 앞,202209," 2,014 "," 2,017 "
성동구,558. 성동광진 교육지원청 앞,202209," 1,951 "," 1,943 "
성동구,559. 왕십리역 4번 출구 건너편,202209," 3,167 "," 3,163 "
성동구,560. 비전교회 앞,202209," 2,850 "," 2,837 "
성동구,561. 서울숲역 2번출구 앞,202209," 3,013 "," 3,008 "
성동구,562. 군자지하보도 앞,202209," 1,448 "," 1,439 "
성동구,563. 성동세무서 건너편,202209," 2,483 "," 2,665 "
성동구,564. 금호역 3번출구,202209, 179 , 119 
성동구,565. 옥수역 3번출구,202209," 7,257 "," 8,159 "
성동구,567. 성수역 2번출구 앞,202209," 5,699 "," 5,352 "
성동구,568. 청계8가사거리 부근,202209," 3,861 "," 3,940 "
성동구,569. 응봉현대아파트 정류소,202209, 422 , 415 
성동구,578. 성동세무서 부근,202209," 2,067 "," 2,087 "
성동구,579. 마장역 4번출구,202209," 1,585 "," 1,546 "
성동구,582. 경일중학교 앞,202209," 2,599 "," 2,604 "
성동구,583. 청계천 생태교실 앞,202209," 8,168 "," 8,674 "
성동구,585. 성수2가1동 공영주차장 인근,202209," 5,173 "," 5,196 "
성동구,586. 마장동 주민센터,202209," 1,108 "," 1,082 "
성동구,587. 유니베라 앞,202209," 2,792 "," 2,827 "
성동구,589. 성수역3번출구,202209," 6,465 "," 6,466 "
성동구,594. 중랑물재생센터(서울새활용플라자),202209, 774 , 751 
성동구,9980. 에이텍,202209, 5 , - 
성북구,1302. 한성대입구역6번출구 뒤,202209, 852 , 856 
성북구,1303. 돈암초교 입구,202209, 996 , 983 
성북구,1304. 만해공원,202209, 307 , 95 
성북구,1305. 성북구청,202209," 1,411 "," 1,390 "
성북구,1306. 한성대입구역2번출구,202209," 2,523 "," 2,521 "
성북구,1308. 안암로터리 버스정류장 앞,202209," 6,741 "," 7,592 "
성북구,1314. 정릉꿈에그린1단지 201동 앞,202209, 409 , 408 
성북구,1315. 고려사대부속중고 정문,202209, 623 , 622 
성북구,1316. 고려사대부속중고 건너편 ,202209, 298 , 266 
성북구,1318. 길음역 3번출구 뒤,202209," 1,913 "," 1,928 "
성북구,1319. 종암사거리 분수대,202209," 1,881 "," 1,896 "
성북구,1321. 국민은행 종암동지점 앞,202209," 3,795 "," 3,980 "
성북구,1322. 래미안라센트아파트 103동 앞,202209," 1,804 "," 1,896 "
성북구,1323. 월곡역 입구 육교 밑,202209, 757 , 743 
성북구,1325. 상월곡역 4번출구,202209, 760 , 644 
성북구,1326. 상월곡역 1번출구,202209," 1,406 "," 1,224 "
성북구,1327. 상월곡역 3번출구,202209," 1,824 "," 1,836 "
성북구,1328. 월곡역 3번출구,202209," 3,922 "," 4,012 "
성북구,1332. 석계역 5번출구 건너편,202209," 2,820 "," 2,910 "
성북구,1333. 석관초등학교 앞,202209," 1,990 "," 2,094 "
성북구,1334. 석관동주민센터 앞,202209," 1,553 "," 1,521 "
성북구,1336. 성북3교 위,202209," 2,144 "," 2,116 "
성북구,1337. 돈암성당 옆,202209," 2,880 "," 2,901 "
성북구,1338. 용문2교 옆,202209," 1,922 "," 1,921 "
성북구,1339. 삼성전자서비스 성북센터,202209," 1,362 "," 1,355 "
성북구,1340. 광운초등학교 앞,202209, 922 , 913 
성북구,1342. 성북쉼터 앞,202209, 142 , 74 
성북구,1343. 한성대7번출구 앞,202209, 867 , 855 
성북구,1344. 아리랑시네센터 앞,202209, 584 , 337 
성북구,1346. 길음8골어린이공원 옆,202209, 934 , 929 
성북구,1347. 길음래미안아파트817동 상가 앞,202209, 554 , 539 
성북구,1348. 성북제일새마을금고 본점 앞,202209, 870 , 862 
성북구,1349. 월계2교 버스정류장 앞,202209," 1,050 "," 1,053 "
성북구,1351. 안암2교 옆,202209," 2,889 "," 2,902 "
성북구,1352. e 편한세상 보문아파트 내,202209, 158 , 133 
성북구,1353. 금호어울림센터힐 내,202209, 362 , 346 
성북구,1354. 고려대학교 2번출구,202209," 3,091 "," 3,166 "
성북구,1355. 보문2교,202209," 4,276 "," 4,516 "
성북구,1357. 북한산보국문역,202209, 478 , 425 
성북구,1358. 정릉도서관 앞,202209," 1,038 "," 1,034 "
성북구,1359. 장위뉴타운 꿈에 숲 코오롱 하늘채 앞,202209," 2,192 "," 2,201 "
성북구,1360. 정릉역,202209, 875 , 876 
성북구,1361. 홍익중고 입구,202209," 1,102 ", 890 
성북구,1362. 보문역6번출구 앞,202209," 1,995 "," 2,009 "
성북구,1363. 보문4교 인근,202209," 3,437 "," 3,489 "
성북구,1364. 성북동 치안센터 앞,202209," 1,073 "," 1,057 "
성북구,1365. 선잠단지 앞,202209, 464 , 314 
성북구,1366. 일신초등학교 옆,202209, 474 , 464 
성북구,1367. 길음문화복합미디어센터,202209, 579 , 574 
성북구,1368. 성신여대입구 교차로,202209," 1,533 "," 1,503 "
성북구,1369. 미아사거리,202209," 2,322 "," 2,361 "
성북구,1370. 복자사랑 피정의 집,202209, 204 , 134 
성북구,1372. KEB은행 고대점,202209," 1,829 "," 1,839 "
성북구,1373. 성북구보건소 건너편,202209," 1,125 "," 1,126 "
성북구,1375. 생명의 전화 종합복지관 앞 교차로,202209," 1,702 "," 1,700 "
성북구,1376. 한국과학기술연구원 중문,202209, 304 , 287 
성북구,1377. 한국과학기술연구원 북문,202209, 294 , 272 
성북구,1379.길음뉴타운푸르지오아파트 3단지,202209, 44 , 14 
성북구,1380.월곡역 5번출구 앞,202209," 2,656 "," 2,868 "
성북구,1381.석계역 4번출구 뒤,202209," 2,566 "," 2,552 "
성북구,1382.래미안월곡아파트 입구,202209," 1,703 "," 1,729 "
성북구,1384.성신여대입구역 5번출구,202209," 2,126 "," 2,132 "
성북구,1385.성신여대입구역 3번출구 앞,202209," 1,994 "," 1,980 "
성북구,1386.동선고가차도 초입,202209, 567 , 569 
성북구,1388. 돈암초교입구 버스정류장(한성대입구역 방면),202209, 960 , 960 
성북구,1390.석관래미안아트리치,202209," 2,347 "," 2,607 "
성북구,1391.성북청소년센터,202209, 687 , 658 
성북구,1392.돈암삼성풍림아파트,202209, 278 , 63 
성북구,1393.돈암육교 하단,202209, 283 , 133 
성북구,1394.길음뉴타운 래미안9단지,202209," 1,343 "," 1,335 "
성북구,1395.래미안장위포레카운티(102동),202209," 1,378 "," 1,306 "
성북구,1396.래미안장위퍼스트하이(513동),202209," 1,920 "," 2,121 "
성북구,4406. 장곡초등학교 앞,202209," 1,138 "," 1,100 "
성북구,4408. 돌곶이역 앞,202209," 2,951 "," 3,015 "
성북구,4411. 동산어린이공원 앞,202209," 1,317 "," 1,310 "
성북구,4414. 안암역 3번 출구,202209," 1,159 "," 1,163 "
성북구,4415. 미아초교버스승강장,202209, 97 , 96 
성북구,4417. 성북청소년문화의집,202209, 22 , 22 
성북구,4418. 종암동 동덕여대 제2생활관 앞,202209," 2,906 "," 3,074 "
성북구,4419. 성북구 한예종 캠퍼스 본관,202209," 1,064 ", 948 
성북구,4420. 성북구 한예종 캠퍼스 별관,202209," 1,075 "," 1,247 "
송파구,1201. 가락시장역 3번 출구,202209," 3,172 "," 3,169 "
송파구,1203. 밀리아나2빌딩 앞,202209," 3,242 "," 3,252 "
송파구,1204. 거여역 3번출구,202209," 2,378 "," 2,385 "
송파구,1205. 종합운동장역 4번출구,202209," 2,907 "," 2,540 "
송파구,1206. 9호선종합운동장역 9번출구,202209," 2,240 "," 2,115 "
송파구,1207. 마천중앙시장,202209," 1,152 "," 1,148 "
송파구,1208. 풍납현대아파트쉼터,202209," 2,926 "," 2,904 "
송파구,1209. 잠실나루역 (2번 출구 쪽),202209," 4,146 "," 4,063 "
송파구,1210. 롯데월드타워(잠실역2번출구 쪽),202209," 12,782 "," 12,763 "
송파구,1211. 방이삼거리,202209," 8,575 "," 8,870 "
송파구,1212. 송파역 2번 출구앞,202209," 2,271 "," 2,272 "
송파구,1213. 백토공원 앞,202209, 500 , 458 
송파구,1214. 오금역 7번 출구 인근,202209," 1,691 "," 1,669 "
송파구,1215. 올림픽공원역 1번출구 앞,202209," 2,698 "," 2,697 "
송파구,1217. 송파파인타운 7단지,202209," 1,047 "," 1,046 "
송파구,1218. 방이역 4번출구,202209," 4,383 "," 4,359 "
송파구,1220. 잠실근린공원,202209," 3,301 "," 3,731 "
송파구,1221. 삼전역 4번출구,202209," 2,876 "," 3,004 "
송파구,1222. 잠실새내역 5번 출구 뒤,202209," 6,108 "," 6,060 "
송파구,1224. 아시아지하보도 2번 출구,202209," 2,444 "," 2,428 "
송파구,1226. 잠실4동 주민센터 옆,202209," 2,653 "," 2,655 "
송파구,1227. 거여역 8번출구 뒤,202209," 2,483 "," 2,490 "
송파구,1228. 마천사거리 ,202209," 1,660 "," 1,755 "
송파구,1229. 송파체육문화회관 앞,202209," 2,047 "," 2,043 "
송파구,1230. 송파중학교 정문,202209," 1,030 ", 961 
송파구,1231. 잠실역 6번출구,202209," 3,801 "," 4,009 "
송파구,1232. 잠실주공 521동 건너편,202209," 4,035 "," 4,250 "
송파구,1233. 잠실3거리(갤러리아팰리스),202209," 1,784 "," 1,551 "
송파구,1235. 잠실트리지움310동 옆,202209," 3,064 "," 3,125 "
송파구,1239. 문정 법조단지3,202209, 755 , 689 
송파구,1240. 문정 법조단지4,202209," 1,028 ", 988 
송파구,1241. 문정 법조단지5,202209, 724 , 536 
송파구,1242. 문정 법조단지6,202209, 180 , 120 
송파구,1243. 문정 법조단지7,202209," 3,416 "," 3,464 "
송파구,1244. 문정 법조단지8,202209," 3,508 "," 3,462 "
송파구,1245. 문정 법조단지9,202209," 2,185 "," 2,139 "
송파구,1246. 문정 법조단지10,202209," 2,327 "," 2,319 "
송파구,1247. 문정 법조단지11,202209," 1,355 "," 1,266 "
송파구,1248. 방이초등학교,202209," 3,790 "," 3,164 "
송파구,1249. 아주중학교건너편,202209," 2,268 "," 2,424 "
송파구,1250.문정2동 주민센터,202209, 208 , 194 
송파구,1251. 석촌역 2번출구,202209," 4,521 "," 4,518 "
송파구,1253. 오금역 3번 출구 뒤,202209," 1,267 "," 1,270 "
송파구,1256. 문정현대아파트 교차로,202209," 1,139 "," 1,141 "
송파구,1257. 가락시장역 사거리,202209," 1,745 "," 1,730 "
송파구,1258. 가락미륭아파트 앞,202209, 474 , 426 
송파구,1259. 방이역 1번출구,202209," 2,444 "," 2,448 "
송파구,1260. 방이동 한양3차아파트 옆,202209," 1,934 "," 1,925 "
송파구,1262. 송파여성문화회관 앞,202209," 3,579 "," 3,604 "
송파구,1263. 장지공영차고지,202209, 412 , 424 
송파구,1264. 천호역 10번 출구 앞,202209," 5,463 "," 5,498 "
송파구,1265. 문정동 근린공원,202209," 1,780 "," 1,783 "
송파구,1266. 문정동 글샘 공원,202209," 1,151 ", 997 
송파구,1267. 올림픽공원 남2문 앞,202209," 2,142 "," 2,026 "
송파구,1268. 몽촌토성역 1번출구 옆,202209," 3,980 "," 3,919 "
송파구,1269. 리센츠아파트 ,202209," 2,680 "," 2,094 "
송파구,1271. 송파도서관,202209," 1,216 "," 1,216 "
송파구,1274. 영파여고 앞,202209," 1,828 "," 1,779 "
송파구,1275. 거여초등학교 옆,202209, 988 ," 1,042 "
송파구,1277. 성내6교,202209," 1,683 "," 1,883 "
송파구,1278. 송파구청 교차로,202209," 2,958 "," 2,952 "
송파구,1279. 마천금호어울림 1차아파트 건너편,202209, 513 , 510 
송파구,1280. 송파파크데일 2단지입구 앞 주차장,202209, 914 , 881 
송파구,1282. 송파소방서 맞은편(성내4교),202209," 2,760 "," 2,940 "
송파구,1283. 오금공원 사거리,202209, 285 , 213 
송파구,1285. 위례별 유치원 뒤,202209, 662 , 640 
송파구,1286. 위례중앙푸르지오 1단지 앞,202209," 1,660 "," 1,642 "
송파구,1287. 위례아이파크 101동 맞은편,202209, 804 , 784 
송파구,1288. 문정중교 사거리,202209," 1,393 "," 1,209 "
송파구,1289. 풍납토성 서성벽터B,202209," 1,012 "," 1,077 "
송파구,1290. 위례송파꿈에그린아파트24단지 앞 성벽 다리 밑,202209, 497 , 484 
송파구,1291. 서울체육고등학교 앞,202209," 1,569 "," 1,714 "
송파구,1293. 석촌호수 서호 사거리,202209," 4,258 "," 4,270 "
송파구,1295. 잠실역 8번출구,202209," 6,584 "," 6,548 "
송파구,1296. 석촌호수교차로 (송파나루근린공원 앞),202209," 1,148 "," 1,154 "
송파구,1297. 석촌호수교차로(동호 팔각정 앞),202209," 5,070 "," 5,061 "
송파구,1299. 송파소방서 (방이119안전센터),202209, 933 , 840 
송파구,1300. 오륜사거리,202209," 1,178 "," 1,190 "
송파구,2601. 석촌호수 아뜰리에,202209," 3,921 "," 3,902 "
송파구,2603. 송파 글마루 도서관,202209," 1,084 "," 1,008 "
송파구,2604. 풍납토성 서성벽터A,202209," 1,898 "," 2,031 "
송파구,2605. 복정역 1번 출구 앞,202209," 2,003 "," 2,012 "
송파구,2606. 위례동주민센터 맞은편 근린공원,202209," 3,630 "," 3,662 "
송파구,2608. 송파구청,202209," 8,737 "," 8,880 "
송파구,2609. 보성중고등학교 후문 앞,202209, 484 , 478 
송파구,2611. 송파지역자활센터 뒤,202209," 2,907 "," 3,181 "
송파구,2612. 문정·가락 대여소 앞,202209, 96 , 74 
송파구,2613. 잠실나들목,202209," 4,565 "," 4,781 "
송파구,2614. 가락고등학교 앞,202209, 518 , 515 
송파구,2615. 테라타워2,202209," 3,827 "," 3,817 "
송파구,2616. 거여동 사거리,202209, 706 , 703 
송파구,2617. 가락삼환아파트 앞,202209, 776 , 688 
송파구,2618. 삼전역 1번출구,202209," 2,588 "," 2,763 "
송파구,2619. 석촌고분역 4번출구,202209," 3,025 "," 3,147 "
송파구,2620. 송파나루역 4번 출구옆,202209," 7,872 "," 8,080 "
송파구,2621. 한성백제역 2번 출구,202209," 4,986 "," 4,995 "
송파구,2622. 올림픽공원역 3번출구,202209," 10,183 "," 10,125 "
송파구,2623.석촌동 주민센터,202209," 4,093 "," 4,131 "
송파구,2625.가락종합 사회복지관,202209, 898 , 890 
송파구,"2626.경찰병원역 1,2번 출구 사이",202209," 1,191 "," 1,178 "
송파구,2627.문정시영아파트 5동 앞 공원,202209," 1,015 ", 621 
송파구,2628.문정역 1번출구,202209," 3,373 "," 3,377 "
송파구,2630.서울방이동 고분군,202209," 3,022 "," 2,761 "
송파구,2631.배명고등학교,202209," 1,041 "," 1,209 "
송파구,2632.석촌고분역 2번 출구,202209," 3,822 "," 3,942 "
송파구,2633.송파학사 옆,202209," 1,610 "," 1,546 "
송파구,2634.위례포레샤인아파트 2318동,202209," 1,056 "," 1,063 "
송파구,2635.잠실새내역 1번출구,202209," 3,568 "," 3,211 "
송파구,2637. 아시아지하보도 14번 출구,202209," 3,635 "," 3,599 "
송파구,2639.석촌역 8번출구,202209," 4,955 "," 4,919 "
송파구,2641.송파역 4번출구,202209," 4,152 "," 4,126 "
송파구,2642.마천동 성내천 쉼터,202209," 1,644 "," 1,674 "
송파구,2643.풍납중학교 측면,202209, 900 , 881 
송파구,2644. 성내5교,202209," 1,923 "," 2,002 "
송파구,2645.잠실나들목2(엘스아파트136동),202209," 1,359 "," 1,329 "
송파구,2646.레이크펠리스101동앞,202209," 4,252 "," 4,310 "
송파구,2647.잠실 자전거 수리센터 앞,202209," 3,922 "," 3,947 "
송파구,2648.헬리오시티 112동 앞,202209," 2,065 "," 1,989 "
송파구,2649.오금공원사거리2,202209, 448 , 360 
송파구,2650.위례22단지 2208동 다리앞,202209, 659 , 651 
송파구,2651.경찰병원역 3번출구 앞,202209," 1,967 "," 1,965 "
송파구,2652.송파 레미니스1단지 102동 앞,202209," 1,531 "," 1,362 "
송파구,2653.올림픽공원사거리(선수촌아파트),202209," 2,187 "," 2,153 "
송파구,2654.올림픽선수촌아파트 136동 앞,202209, 834 , 779 
송파구,2655.송이공원,202209, 961 , 882 
송파구,2656.풍납동 아이파크 107동 앞,202209," 1,709 "," 1,696 "
송파구,2657.송파 파인타운 11단지 ,202209," 1,180 "," 1,181 "
송파구,2658.가락몰 업무동,202209," 2,182 "," 2,233 "
송파구,2659.서울친환경유통센터,202209, 208 , 189 
송파구,4452. 삼성SDS,202209," 3,700 "," 3,776 "
송파구,4453. 위례중앙푸르지오 201동 앞,202209," 2,715 "," 2,716 "
송파구,4454. 위례 포레샤인 1809동 부근,202209, 395 , 311 
송파구,4456. 위례포레샤인 2310동 부근,202209," 1,133 "," 1,152 "
송파구,4457. 아산병원 기숙사 부근,202209," 5,437 "," 5,621 "
송파구,4458. 가락2동주민센터 인근,202209, 906 , 820 
송파구,4460. 올림픽훼미리아파트 112동 앞,202209, 649 , 647 
송파구,4461. 한양3차아파트 3동 앞,202209, 431 , 394 
송파구,4462. 가락중학교 앞,202209, 891 , 870 
송파구,4463. 방이역 2번 출구,202209," 1,106 "," 1,102 "
송파구,4464. 올림픽공원 북2문,202209," 2,478 "," 2,505 "
송파구,4465. 건영아파트앞 사거리,202209," 2,592 "," 2,584 "
송파구,4467. 한림연예예술고등학교,202209," 1,112 "," 1,092 "
송파구,4468. 가락1동주민센터 ,202209," 1,588 "," 1,495 "
송파구,4469. 거여동 어울림아파트  102동앞,202209, 914 , 914 
송파구,4472. 송파파크데일 1단지 115동 건너편,202209, 691 , 672 
송파구,4473. 마천금호어울림 1차 102동앞,202209, 351 , 335 
송파구,4474. 가락현대 1차 11동 앞,202209, 584 , 584 
송파구,4475. 송파파인타운 4단지 403동,202209, 631 , 631 
송파구,4478. 문정근린공원2,202209," 1,616 "," 1,611 "
송파구,4479. 문정중학교,202209, 224 , 217 
송파구,4480. 가락시장 남1문 사거리,202209," 1,090 "," 1,052 "
송파구,4481. 올림픽공원 북2문 2,202209," 4,205 "," 4,275 "
송파구,4483. 잠실나들목4,202209," 3,506 "," 3,766 "
송파구,4484. 잠실나루역4번출구뒤,202209," 2,626 "," 2,627 "
송파구,4485. 잠실나루역 고가하부,202209, 891 , 747 
송파구,4486. 홈플러스 잠실점,202209," 2,627 "," 2,632 "
송파구,4488. 문현중.고등학교 사이,202209, 300 , 259 
송파구,4490. 송파파인타운 10단지 1005동,202209, 526 , 526 
송파구,4491. 장지역 1번출구,202209," 1,765 "," 1,767 "
송파구,4493. 마천사거리 2,202209, 850 , 867 
송파구,4496. 잠실 파크리오 120동 앞,202209," 2,098 "," 2,052 "
송파구,4497. 아시아선수촌아파트 교차로,202209," 1,306 "," 1,319 "
송파구,4499. 세양청마루 101동 앞,202209, 848 , 542 
송파구,4852. 서울복합물류 게이트 1,202209," 1,650 "," 1,645 "
송파구,4853. 송파 안전체험교육관,202209, 121 , 121 
송파구,4854. 가락시장역 2번 출구,202209," 1,704 "," 1,705 "
송파구,4855. 거여5단지 503동 앞,202209, 996 ," 1,001 "
송파구,4856. 올림픽공원 서1문 앞,202209," 1,308 "," 1,304 "
송파구,4857. 올림픽공원 장미광장,202209," 1,184 "," 1,169 "
송파구,4859. 잠실나루 나들목,202209," 3,029 "," 3,089 "
송파구,4860. 가락쌍용2차아파트 103동,202209," 1,099 "," 1,104 "
송파구,4862. 성내교 남단,202209, 629 , 599 
송파구,4863. 잠실나들목5,202209, 912 , 952 
송파구,4864. 송파사거리,202209," 4,199 "," 4,194 "
송파구,4865. 한성백제역 1번출구 뒤,202209," 4,144 "," 4,149 "
송파구,4867. 가락대림아파트 앞,202209," 1,486 "," 1,484 "
송파구,4868. 석촌호수 서호 남단,202209," 3,760 "," 3,729 "
송파구,4869. 잠실나들목6,202209," 1,414 "," 1,522 "
송파구,4870. 몽촌토성역 3번 출구,202209," 7,220 "," 7,217 "
송파구,4871. 오금동 대림아파트 정문,202209, 934 , 880 
송파구,4872. 개롱역 3번 출구 뒤,202209," 1,630 "," 1,642 "
송파구,4873. 개롱역사거리 2번 출구,202209," 1,573 "," 1,577 "
송파구,4874. 탄천1교 하부보도,202209, 858 , 852 
송파구,4875. 위례포레샤인13단지,202209," 1,230 "," 1,218 "
송파구,4876. 삼전동주민센터 앞,202209," 2,488 "," 3,203 "
송파구,4879. 마천청소년센터,202209, 301 , 297 
송파구,4880. 송파청소년센터,202209," 1,093 "," 1,055 "
송파구,4881. 거여동사거리 송파둘레길 입구,202209, 346 , 344 
송파구,4882. 위례포레샤인18단지 1802동,202209, 464 , 439 
송파구,4883. 위례포레샤인18단지 1812동,202209, 343 , 255 
송파구,4884. H비즈니스파크,202209," 1,806 "," 1,887 "
송파구,4885. 가든파이브 리빙관,202209, 445 , 429 
송파구,4886. 배명고등학교 건너편,202209," 1,174 "," 1,225 "
송파구,4887. 호돌이상가,202209," 1,077 "," 1,055 "
송파구,4888. 둔촌오륜역 2번출구,202209, 550 , 505 
송파구,4889. 마천역 1번 출구 인근②,202209, 990 , 964 
송파구,4891. 위례포레샤인17단지 위례대로 방면,202209," 1,463 "," 1,419 "
송파구,4892. 성내유수지 체육공원,202209, 780 , 714 
송파구,4893. 문정법조단지12,202209," 2,611 "," 3,523 "
송파구,4894. 문정법조단지13,202209, 19 , 83 
송파구,4895. 위례포레샤인15단지 상가,202209," 1,386 "," 1,396 "
송파구,4896. 위례포레샤인15단지,202209, 363 , 335 
송파구,4897. 잠실주공5단지1,202209," 3,051 "," 3,030 "
송파구,5751. 송파여성축구장,202209, 626 , 618 
송파구,5752. 풍납백제문화공원 옆 인근,202209," 2,778 "," 3,103 "
송파구,5753. 호반써밋,202209," 1,300 "," 1,248 "
송파구,5756. 극동아파트,202209, 852 , 850 
송파구,5757. 방이역 3번출구,202209, 88 , 81 
송파구,5758. 올림픽선수기자촌아파트 123동 근처,202209, 341 , 319 
송파구,5759. 풍납근린공원,202209, 115 , 103 
양천구,4507. 신정제일시장,202209," 1,373 "," 1,382 "
양천구,4508. 유원목동아파트 103동 앞,202209," 4,359 "," 4,588 "
양천구,4509. 서울영상고교 입구,202209," 4,859 "," 5,156 "
양천구,4510. 신정네거리역 교차로,202209," 1,876 "," 2,003 "
양천구,4512. 목동13_14단지 사거리,202209," 1,378 "," 1,113 "
양천구,4514. 목동성당 앞,202209," 3,594 "," 3,307 "
양천구,4515. 동문굿모닝탑,202209," 3,893 "," 3,918 "
양천구,4516. 신진빌라,202209, 630 , 628 
양천구,4517. 성보하이드로빌딩,202209," 1,956 "," 2,012 "
양천구,4518. 청기와빌딩,202209," 1,402 "," 1,479 "
양천구,4519. 양원보도육교,202209, 718 , 717 
양천구,4520. 대성유니드아파트,202209," 1,170 "," 1,689 "
양천구,4522. 신곡시장,202209," 1,949 "," 2,846 "
양천구,4523. 구립양천어르신요양센터,202209, 165 , 98 
양천구,4526. 목동아파트2단지 222동 앞,202209," 1,719 "," 1,729 "
양천구,4527. 목동신시가지아파트6단지,202209," 2,806 "," 2,848 "
양천구,4528. 양천구청역 1번출구,202209," 1,641 "," 1,480 "
양천구,4530. 방아다리어린이공원,202209, 999 , 861 
양천구,4531. 목동아파트 613동 앞,202209," 3,556 "," 3,600 "
양천구,4532. 목동현대아파트 후문 앞,202209," 2,452 "," 2,352 "
양천구,4535. 목동12단지 아파트,202209," 3,270 "," 3,157 "
양천구,4536. 양천해누리체육공원,202209, 819 ," 1,641 "
양천구,4537. 서울남부지방검찰청 후문 ,202209," 1,510 "," 1,455 "
양천구,4538. 양천공영차고지,202209, 182 , 170 
양천구,4539. 목동7단지아파트 A상가,202209, 973 , 999 
양천구,4540. 목동역 3번 출구,202209," 4,747 "," 4,837 "
양천구,4541. 갈산문화예술센터,202209," 2,129 "," 2,163 "
양천구,700. KB국민은행 염창역 지점 앞,202209," 2,286 "," 2,153 "
양천구,701. 목동사거리 부근,202209," 2,619 "," 2,775 "
양천구,702. 목4동주민센터 옆,202209," 2,713 "," 2,738 "
양천구,703. 오목교역 7번출구 앞,202209," 5,978 "," 6,757 "
양천구,704. 남부법원검찰청 교차로,202209," 4,070 "," 4,010 "
양천구,706. 신정네거리역,202209," 1,151 "," 1,109 "
양천구,708. 서울출입국관리사무소 앞,202209," 5,711 "," 5,742 "
양천구,709. 신정3동 현장민원실 앞,202209," 1,571 "," 1,333 "
양천구,710. 금옥여고보도육교,202209," 1,184 "," 1,176 "
양천구,711. 신일해피트리아파트 앞,202209," 1,896 ", 317 
양천구,712. 강월초교입구 사거리,202209," 1,006 "," 1,586 "
양천구,713. 양서중학교 옆,202209," 1,148 ", 942 
양천구,714. 한국SGI 양천문화회관 앞,202209," 1,273 "," 1,127 "
양천구,716.신정6동 주민센터 인근,202209," 2,113 "," 2,098 "
양천구,719. 홍익병원앞 교차로,202209," 2,650 "," 2,665 "
양천구,720. 서울강월초등학교 앞,202209," 1,110 ", 489 
양천구,722. 경서농협 버스정류장(우리은행신정동지점방향),202209," 2,079 "," 2,246 "
양천구,723. SBS방송국,202209," 3,279 "," 3,334 "
양천구,724. 계남공원 입구 주출입구 좌측,202209, 457 , 330 
양천구,725. 양강중학교앞 교차로,202209," 1,027 ", 485 
양천구,726. 목동3단지 시내버스정류장,202209," 4,868 "," 4,889 "
양천구,729. 서부식자재마트 건너편,202209," 2,638 "," 2,823 "
양천구,731. 서울시 도로환경관리센터,202209," 2,939 "," 2,964 "
양천구,732. 신월중학교,202209," 1,594 "," 1,572 "
양천구,733. 신정이펜하우스314동,202209," 1,114 ", 588 
양천구,734. 신트리공원 입구,202209," 4,234 "," 4,245 "
양천구,735. 영도초등학교,202209," 4,059 "," 4,188 "
양천구,736. 오솔길공원,202209," 1,635 "," 1,970 "
양천구,737. 장수공원,202209," 1,564 "," 1,549 "
양천구,739. 신월사거리,202209," 2,088 "," 2,159 "
양천구,740. 으뜸공원,202209," 1,806 "," 2,153 "
양천구,741. 화곡로 입구 교차로,202209, 648 , 600 
양천구,742. 등촌역 5번 출구 뒤,202209," 1,637 "," 1,641 "
양천구,743. 현대6차아파트 101동 옆,202209," 1,239 "," 1,402 "
양천구,744. 신목동역 2번 출구,202209," 4,000 "," 4,057 "
양천구,745. 강서초등학교,202209, 824 ," 1,093 "
양천구,746. 목동2단지 상가,202209," 5,348 "," 5,363 "
양천구,747. 목동3단지 상가,202209," 2,849 "," 2,863 "
양천구,748. 목동운동장,202209," 1,080 "," 1,100 "
양천구,749. 이대목동병원보도육교,202209," 1,709 "," 1,800 "
양천구,750. 연의근린공원 건너편,202209," 1,111 "," 1,438 "
양천구,752. 성원2차 아파트,202209," 1,681 "," 1,585 "
양천구,754. 목동1단지아파트 118동 앞,202209," 2,620 "," 2,671 "
양천구,755. 목동1단지아파트 상가 앞,202209," 4,110 "," 4,083 "
양천구,756. 목동주차장,202209," 2,176 "," 2,134 "
양천구,757. 신정이펜하우스 1단지아파트 입구 사거리,202209, 863 , 583 
양천구,758. 한사랑교회 앞,202209," 1,887 "," 1,921 "
양천구,759. 보아스아파트 앞,202209," 1,231 "," 1,489 "
양천구,760. 잣절보도육교 아래,202209, 855 , 762 
양천구,762. 오목로 무중력지대 앞,202209," 1,310 "," 1,307 "
양천구,763. 목동11단지 아파트,202209," 2,120 "," 1,762 "
양천구,764. 목동청소년수련관,202209," 4,549 "," 4,284 "
양천구,765. 오목교역 3번출구,202209," 7,950 "," 8,284 "
양천구,766. 신목동역 3번출구,202209," 2,006 "," 2,026 "
양천구,767.신정숲속마을아파트,202209, 617 , 301 
양천구,768.목동5단지아파트 501동,202209," 2,643 "," 2,648 "
양천구,769.CBS방송국 앞,202209," 6,792 "," 6,922 "
양천구,770.목동역5번출구 교통정보센터 앞,202209," 7,682 "," 7,774 "
양천구,771.목동아파트 703동 앞,202209," 3,512 "," 3,463 "
양천구,"773.염창역 3, 4번 출구 사이",202209," 2,122 "," 2,102 "
양천구,774.등촌역 4번 출구 ,202209," 1,597 "," 1,582 "
양천구,775.세종그랑시아 앞(102동),202209," 1,476 "," 1,092 "
양천구,776.목마공원,202209, 602 , 524 
양천구,777.신월6차보람아파트 앞,202209," 1,855 "," 2,457 "
양천구,779. 신정1동 주민센터 앞,202209," 4,218 "," 4,804 "
양천구,780.신정교 하부,202209," 2,893 "," 3,460 "
양천구,781.신정보도육교 아래,202209," 4,635 "," 4,510 "
양천구,782.서남병원 후문,202209," 1,350 ", 782 
양천구,"785.양천구청, 보건소 사잇길",202209," 6,877 "," 7,167 "
양천구,786.목동아파트 8단지 상가동 앞,202209," 3,202 "," 3,139 "
양천구,787.양천아파트 입구,202209," 4,712 "," 4,791 "
양천구,788.양천구청역 2번출구 옆,202209," 3,331 "," 3,825 "
양천구,791.현대하이페리온,202209," 4,324 "," 4,245 "
양천구,792.목동트라팰리스 웨스턴에비뉴,202209," 7,292 "," 7,316 "
양천구,793.목동5단지아파트 534동,202209," 3,068 "," 3,071 "
양천구,794.양천문화회관,202209," 3,619 "," 3,629 "
양천구,795.양천 해누리타운,202209," 3,707 "," 3,723 "
양천구,796.목동아파트 14단지 B상가 앞,202209," 2,530 "," 2,457 "
양천구,797.목동아파트 1422동 1434동 사잇길,202209," 4,698 "," 4,445 "
영등포구,200. 국회의원회관,202209, 279 , 245 
영등포구,201. 진미파라곤 앞,202209," 2,201 "," 2,178 "
영등포구,202. 국민일보 앞,202209," 6,840 "," 7,006 "
영등포구,203. 국회의사당역 3번출구 옆,202209," 2,700 "," 2,555 "
영등포구,204. 국회의사당역 5번출구 옆,202209," 2,119 "," 2,067 "
영등포구,205. 산업은행 앞,202209," 2,946 "," 2,919 "
영등포구,206. KBS 앞,202209," 3,399 "," 3,147 "
영등포구,207. 여의나루역 1번출구 앞,202209," 18,787 "," 17,564 "
영등포구,209. 유진투자증권빌딩 앞,202209," 4,592 "," 4,867 "
영등포구,213. KT앞,202209," 4,041 "," 3,249 "
영등포구,214. 금융감독원 앞,202209," 2,372 "," 2,173 "
영등포구,215. 여의도고교 앞,202209," 3,013 "," 3,185 "
영등포구,217. NH농협은행 앞,202209," 4,118 "," 4,070 "
영등포구,219. 롯데캐슬엠파이어 옆,202209," 3,224 "," 3,209 "
영등포구,220. 미성아파트 A동 앞,202209," 2,339 "," 2,155 "
영등포구,221. 여의도초교 앞,202209," 2,363 "," 2,349 "
영등포구,222. 시범아파트버스정류장 옆,202209," 3,712 "," 3,780 "
영등포구,223. 진주아파트상가 앞,202209," 1,741 "," 1,453 "
영등포구,224. 롯데캐슬 앞,202209," 3,128 "," 3,080 "
영등포구,225. 앙카라공원 앞,202209," 2,957 "," 2,519 "
영등포구,226. 샛강역 1번출구 앞,202209," 3,151 "," 2,615 "
영등포구,227. 양평2나들목 보행통로 입구,202209," 3,405 "," 4,154 "
영등포구,228. 선유도역 3번출구 앞,202209," 5,746 "," 5,918 "
영등포구,229. 양평1 보행육교 앞,202209," 3,311 "," 3,312 "
영등포구,230. 영등포구청역 1번출구,202209," 9,019 "," 8,940 "
영등포구,231. 남부고용노동지청 남측,202209," 2,190 "," 2,191 "
영등포구,232. 양평우림 이비즈센타 앞,202209," 3,176 "," 3,113 "
영등포구,233. 양평1동 YP센터 앞,202209, 822 , 841 
영등포구,234. 영등포구민체육센터 앞,202209," 2,183 "," 2,354 "
영등포구,235. 신길동 우리은행 옆,202209," 1,414 "," 1,315 "
영등포구,236. 문래동자이아파트 앞,202209," 4,049 "," 3,968 "
영등포구,238. 제2구민체육센타 앞,202209," 3,040 "," 2,991 "
영등포구,239. 유스호스텔 앞,202209," 1,746 "," 1,680 "
영등포구,240. 문래역 4번출구 앞,202209," 4,768 "," 4,657 "
영등포구,241. 신길우성1차아파트 앞 공원,202209," 1,479 "," 1,412 "
영등포구,242. 신길선원가와인아파트 앞,202209," 1,587 "," 1,150 "
영등포구,243. 이앤씨드림타워 앞,202209," 4,636 "," 4,601 "
영등포구,244. 영등포삼환아파트 앞,202209," 2,659 "," 2,421 "
영등포구,245. 삼성생명 당산사옥 앞,202209," 4,451 "," 4,394 "
영등포구,247. 당산역 10번출구 앞,202209," 10,169 "," 10,788 "
영등포구,248. 초원아파트 앞,202209," 2,935 "," 2,940 "
영등포구,249. 여의도중학교 옆,202209," 3,831 "," 4,038 "
영등포구,250. 대림아파트 사거리,202209," 1,185 "," 1,076 "
영등포구,251. 서울지방병무청 버스정류장,202209," 1,112 ", 946 
영등포구,252. 보라매역4번출구,202209," 2,559 "," 2,623 "
영등포구,254. 도림신협 앞,202209," 1,749 "," 1,827 "
영등포구,255. 도림사거리,202209," 2,313 "," 2,396 "
영등포구,256. 동아에코빌입구,202209," 1,465 "," 1,455 "
영등포구,258. 신길역3번출구,202209," 2,565 "," 2,529 "
영등포구,259. 대방역6번출구,202209," 4,810 "," 4,884 "
영등포구,260. 여의도 마리나선착장 앞,202209," 1,082 "," 1,051 "
영등포구,262. 영문초등학교 사거리,202209," 5,685 "," 5,717 "
영등포구,263. 근로자회관 사거리,202209," 4,728 "," 4,739 "
영등포구,264. 교보생명보험 앞,202209," 2,037 "," 1,940 "
영등포구,265. 영등포유통상가 사거리,202209," 2,343 "," 2,161 "
영등포구,266. 영등포청과시장 사거리,202209," 2,191 "," 1,960 "
영등포구,267. 삼성화재 사옥 옆,202209," 2,653 "," 2,504 "
영등포구,268. 그랜드컨벤션센터 앞,202209," 4,204 "," 4,217 "
영등포구,270. 증권거래소후문교차로,202209," 1,935 "," 1,887 "
영등포구,271. 샛강생태공원방문자센터 앞,202209, 903 , 619 
영등포구,272. 당산육갑문,202209," 9,455 "," 10,154 "
영등포구,274. 영등포역지하쇼핑센타 5번출구,202209, 26 , 26 
영등포구,275. 신동아아파트,202209," 3,892 "," 3,960 "
영등포구,276. 영등포로터리2,202209," 5,044 "," 5,003 "
영등포구,278. 쌍용플레티넘오피스텔,202209," 3,459 "," 3,356 "
영등포구,279. 영등포 푸르지오 아파트,202209," 2,489 "," 2,299 "
영등포구,280. 양평동6차현대아파트 앞,202209," 3,368 "," 3,337 "
영등포구,281. 신동아아파트 앞,202209," 1,482 "," 1,477 "
영등포구,282. 신한은행 대림동지점,202209, 925 , 923 
영등포구,283. 아크로타워 스퀘어(영등포시장),202209," 4,717 "," 4,904 "
영등포구,284. 센트럴 푸르지오 시티 앞,202209," 3,161 "," 2,954 "
영등포구,285. 대림3동사거리(하나은행),202209," 1,041 "," 1,046 "
영등포구,286. 우성아파트 교차로,202209," 1,654 "," 1,821 "
영등포구,287. 영등포전화국사거리 (서강어린이공원),202209," 3,347 "," 3,353 "
영등포구,288. 쌍용예가(구청별관),202209," 1,654 "," 1,660 "
영등포구,289. 대림3동사거리,202209," 1,683 "," 1,746 "
영등포구,290. 당산동 SK V1 빌딩,202209," 2,910 "," 2,836 "
영등포구,291. 문래동 하이테크 시티,202209," 4,000 "," 3,989 "
영등포구,292. 영일 어린이공원,202209," 1,893 "," 1,869 "
영등포구,293. 충북 미래관,202209," 5,135 "," 4,926 "
영등포구,295.영등포공원 분수대 앞,202209, 472 , 453 
영등포구,296.KT플라자 영등포점,202209," 3,010 "," 2,917 "
영등포구,297.국회3문,202209, 432 , 336 
영등포구,298.KBS 연구동 건너편,202209," 1,149 ", 618 
영등포구,299.여의도 순복음교회,202209," 1,482 "," 1,412 "
영등포구,3201.당산skv1센터,202209," 2,200 "," 2,174 "
영등포구,3202.당산롯데캐슬프레스티지,202209," 4,035 "," 3,829 "
영등포구,3203.도림동배드민턴체육관,202209," 1,397 "," 1,355 "
영등포구,3204.도림고가도로 밑,202209," 1,379 "," 1,378 "
영등포구,3205.문래현대2차,202209," 2,624 "," 2,652 "
영등포구,3206.문래동 주민센터,202209," 1,842 "," 1,783 "
영등포구,3207.양남사거리1,202209," 1,138 "," 1,122 "
영등포구,3211.신길 래미안 프레비뉴,202209, 847 , 806 
영등포구,3212.신풍역 6번출구,202209," 2,454 "," 2,579 "
영등포구,3214.영등포 푸르지오,202209," 1,872 "," 1,616 "
영등포구,3215.강변삼성래미안,202209," 1,785 "," 1,694 "
영등포구,3219.영등포역 1번출구,202209," 4,727 "," 4,961 "
영등포구,3220.래미안에스티움 앞 (신풍로),202209," 1,743 "," 1,715 "
영등포구,3221.서울특별시 남부교육지원청,202209," 1,080 ", 952 
영등포구,4552. 코레일유통본사,202209," 1,746 "," 1,765 "
영등포구,4553. 당산삼성2차아파트,202209," 3,496 "," 3,319 "
영등포구,4555. 대림우성2차아파트,202209, 794 , 905 
영등포구,4556. 리버뷰신안인스빌1차 후문,202209," 1,703 "," 1,733 "
영등포구,4557. 리버뷰신안인스빌2차 후문,202209," 1,869 "," 1,697 "
영등포구,4558. 대영중고 후문,202209," 1,352 "," 1,785 "
영등포구,4559. 신길역 2번출구,202209," 2,781 "," 2,288 "
영등포구,4560. 양평동성원아파트,202209," 1,980 "," 2,047 "
영등포구,4561. 양평역 1번출구,202209," 4,352 "," 4,289 "
영등포구,4563. 여의도 은하아파트,202209," 1,235 "," 1,178 "
영등포구,4564. 63스퀘어,202209," 3,694 "," 3,788 "
영등포구,4565. 영등포 신세계백화점,202209," 8,989 "," 9,029 "
영등포구,4566. 대림성원상떼빌아파트,202209," 1,962 "," 2,196 "
영등포구,4567. 한림대학교 강남성심병원 신관,202209," 1,626 "," 1,679 "
영등포구,4568. 영등포로터리,202209," 3,009 "," 3,128 "
영등포구,4569. 힐스테이트클래시안아파트,202209," 1,472 "," 1,553 "
영등포구,4571. 문래동롯데캐슬아파트,202209," 5,837 "," 5,811 "
영등포구,4573. 두산위브아파트,202209, 805 , 740 
영등포구,4574. 영등포시장역 포레나영등포,202209," 4,570 "," 4,537 "
영등포구,4575. 대림동 e편한세상영등포아델포레,202209," 2,435 "," 2,636 "
영등포구,4576.보라매sk뷰 108동 앞,202209," 1,392 "," 1,404 "
영등포구,4578.보라매sk뷰,202209, 793 , 625 
영등포구,4579. 국회의사당 본관,202209, 639 , 576 
영등포구,4580. 국회3문,202209, 594 , 596 
영등포구,4581. 국회소통관,202209, 640 , 641 
영등포구,4582. 국회도서관,202209, 576 , 527 
영등포구,4583. 의정관,202209, 419 , 370 
영등포구,4584. 국회2문,202209, 415 , 294 
영등포구,4585. 국회6문,202209, 550 , 493 
영등포구,4588.양남사거리2,202209," 1,028 "," 1,031 "
영등포구,4589. KRX한국거래소(1),202209," 1,454 "," 1,426 "
영등포구,4590. KRX한국거래소(2),202209, 51 , 65 
영등포구,4591. 신길자이아파트,202209, 917 , 242 
영등포구,4592. 신길우성4차아파트,202209," 2,794 "," 3,361 "
영등포구,4594. 양평교 영등포대여소,202209," 2,900 "," 3,014 "
영등포구,4598. 오목교 동측 지하보도,202209," 2,446 "," 2,449 "
영등포구,4599. 대림우성아파트 사거리,202209, 714 , 711 
영등포구,4600. 영등포구 총괄 우체국,202209," 1,579 "," 1,566 "
영등포구,4601.양평역2번출구 뒤,202209," 1,356 "," 1,331 "
영등포구,5851. 도림천 건널목 위,202209," 1,660 "," 1,452 "
영등포구,5852. 대림동현대2차 201동 앞,202209, 360 , 321 
영등포구,5853. 여의도역2번출구 앞,202209," 1,865 "," 1,664 "
영등포구,5854. 신한금융투자 앞,202209," 7,059 "," 7,240 "
영등포구,5855. 하이투자증권 앞,202209," 2,593 "," 2,531 "
영등포구,5857. U레지던스 앞,202209," 2,207 "," 2,447 "
영등포구,5858. 영등포역5번출구,202209, 753 , 782 
용산구,4602. 숙명여대앞 버스정류소 주변,202209, 376 , 150 
용산구,4603. 한강GS에클라트 건너편 교통섬,202209," 1,027 "," 1,078 "
용산구,4604. 원효로다목적체육관 앞,202209, 681 , 746 
용산구,"4605. 노들섬 다목적홀(동쪽) 숲, 앞",202209, 812 , 793 
용산구,4607. 국립중앙박물관 -용산가족공원 앞,202209, 474 , 437 
용산구,4608. 국립중앙박물관 정문 앞,202209, 290 , 220 
용산구,4609. 파크타워 104동 앞,202209, 373 , 371 
용산구,4610. 한남나인원 105동 앞,202209, 582 , 587 
용산구,4611. 국제루터교회 앞,202209, 201 , 199 
용산구,4612. 한남 준 J.FSS 앞,202209, 193 , 158 
용산구,4613. 서울갤러리아 앞,202209, 215 , 208 
용산구,4615. 크라운호텔앞 버스정류소,202209, 992 ," 1,002 "
용산구,4616. 신용산지하차도 앞,202209, 817 , 847 
용산구,4617. 동원베네스트 건너편,202209, 250 , 255 
용산구,4618. 풍전아파트 건너편,202209, 960 ," 1,209 "
용산구,4619. 한강트럼프월드3차 앞,202209," 1,513 "," 1,522 "
용산구,4620. 삼각지역 14번 출구 앞(교통섬),202209," 1,533 "," 1,534 "
용산구,4621. 남산도서관 앞,202209, 982 , 154 
용산구,4622. 한강중학교 앞 버스정류장,202209, 498 , 515 
용산구,4623. 라인프랜즈이태원점 앞,202209, 202 , 176 
용산구,4625. 용산공원갤러리앞,202209, 390 , 370 
용산구,4627. 효창공원앞역 5번출구 옆,202209, 588 , 560 
용산구,4629. 한강초교보도육교 앞,202209," 1,337 "," 1,397 "
용산구,4632. 용산 푸르지오 파크타운 1단지 앞,202209, 298 , 285 
용산구,4633. 센트럴파크타워 앞,202209," 2,180 "," 2,292 "
용산구,4634. 이태원역 3번 출구,202209, 972 , 890 
용산구,4636. 용산구꿈나무종합타운 앞,202209," 1,043 "," 1,097 "
용산구,4637. 용산시티파크 101동 앞,202209, 531 , 509 
용산구,4638. 청파동삼거리 앞,202209, 680 , 695 
용산구,4639. 동빙고근린공원,202209, 805 , 900 
용산구,4640. 원효로2가 교차로,202209, 270 , 273 
용산구,4641. 아메리칸센터,202209, 262 , 254 
용산구,800. 목월공원 앞,202209," 1,383 "," 1,447 "
용산구,802. 한강진역 2번 출구 앞,202209, 291 , 235 
용산구,803. 한남초교 앞 보도육교,202209, 134 , 132 
용산구,805. 문배어린이공원 앞,202209," 1,480 "," 1,595 "
용산구,806. 전자랜드 본관 앞,202209," 1,145 "," 1,092 "
용산구,807. 서울역 12번 출구 앞,202209," 1,493 "," 1,496 "
용산구,808. 서빙고동 금호맨션 앞,202209, 590 , 580 
용산구,809. 한남 유수지 복개주차장,202209," 1,397 "," 1,432 "
용산구,810. 이태원지하보도,202209, 840 , 835 
용산구,811. 녹사평역1번출구,202209, 686 , 327 
용산구,812. 용산전쟁기념관,202209, 331 , 331 
용산구,813. 삼각지역 3번출구,202209," 1,398 "," 1,376 "
용산구,815. LIG강촌아파트 103동앞,202209," 1,765 "," 1,828 "
용산구,816. 신용산역 6번출구 앞,202209," 2,630 "," 2,635 "
용산구,817. 삼각지역 4번출구 앞,202209," 1,519 "," 1,518 "
용산구,818. 숙명여대 입구 교차로,202209," 2,434 "," 2,560 "
용산구,819. 선린인터넷 고등학교,202209," 2,543 "," 2,635 "
용산구,820. 청파동입구 교차로,202209," 1,213 "," 1,177 "
용산구,822. 이촌1동 마을공원,202209, 628 , 632 
용산구,823. 효창동주민센터 앞,202209, 420 , 319 
용산구,825. 서빙고동 주민센터 앞,202209," 4,282 "," 4,753 "
용산구,827. 국군복지단,202209, 519 , 438 
용산구,828. 숙대입구역 8번,202209," 1,422 "," 1,438 "
용산구,829. 베르가모앞,202209," 3,451 "," 3,431 "
용산구,830. 청암자이아파트앞,202209, 595 , 476 
용산구,831. 이태원관광특구입구,202209, 262 , 247 
용산구,832. 이촌1동 주민센터 뒤,202209," 2,035 "," 2,061 "
용산구,834. 효창공원앞역 3번출구 뒤,202209," 2,219 "," 2,529 "
용산구,835. 남영역 건너편,202209," 1,708 "," 1,736 "
용산구,836. 현대자동차서비스 앞,202209," 1,252 "," 1,315 "
용산구,837. 한남나들목 입구,202209," 2,630 "," 2,784 "
용산구,838. 숙대입구역 4번출구,202209," 2,355 "," 2,446 "
용산구,839. 보광동 삼성리버빌아파트 앞,202209," 1,513 "," 1,572 "
용산구,840. 용산 파크타워 앞,202209, 600 , 589 
용산구,841. 신용산역 1번 출구,202209," 2,634 "," 2,623 "
용산구,843. 녹사평역 광장,202209, 965 , 467 
용산구,844. 이촌2동 동원베네스트 아파트 앞,202209," 1,500 "," 1,591 "
용산구,845. 용산 선인상가,202209, 987 ," 1,001 "
용산구,846. 용산중학교,202209," 1,441 "," 1,428 "
용산구,848. 삼각지12번 출구,202209, 722 , 716 
용산구,849. 삼각지 자이아파트,202209," 1,867 "," 1,851 "
용산구,850. KCC용산월츠타워 ,202209, 883 , 885 
용산구,851.효창 푸르지오 앞,202209, 417 , 213 
용산구,852.청암자이APT(103동),202209," 1,268 "," 1,011 "
용산구,853.용산역 맞은편,202209," 5,536 "," 5,609 "
용산구,854.HID 유족동지회 앞,202209, 221 , 146 
용산구,855.이촌역5번출구 앞,202209, 269 , 265 
용산구,857. 현대 안성타워,202209, 601 , 204 
용산구,858.녹사평역3번 출구,202209, 414 , 378 
용산구,859.남산공원 야외식물원 앞,202209, 53 , 44 
용산구,860.LG한강 자이아파트 앞,202209," 2,656 "," 2,669 "
용산구,863.이촌역2번 출구,202209, 474 , 473 
용산구,864.순천향대학병원(한남오거리),202209," 1,165 "," 1,196 "
용산구,865.하얏트호텔 앞,202209, 34 , 29 
용산구,866.브라운스톤 남산아파트,202209, 648 , 617 
용산구,867.서빙고역 광장(1번출구),202209, 478 , 462 
용산구,869.노들섬 동측 앞,202209, 699 , 705 
용산구,870.노들섬 서측 앞,202209," 5,772 "," 5,984 "
은평구,4652. 신사두산위브2차아파트 앞,202209," 1,726 "," 1,629 "
은평구,4653. 불광역 9번 출구 맞은편,202209," 1,063 "," 1,083 "
은평구,4657. 본 서부병원 교차로 사거리,202209," 2,134 "," 2,158 "
은평구,4658. 녹번역1번출구앞,202209, 771 , 643 
은평구,4659. 신진과학기술고등학교 버스정류장(응암시장 방면),202209," 1,668 "," 1,778 "
은평구,"4663. 불광역3,6호선 버스정류장(동명여고 방면)",202209," 1,070 "," 1,053 "
은평구,4665. 응암역3번 출구(서부경찰서 방면),202209, 822 , 892 
은평구,4667. 폭포동입구 교차로,202209, 445 , 336 
은평구,4668. 기자촌사거리,202209, 206 , 112 
은평구,4671. 청구성심병원 앞,202209," 1,209 "," 1,251 "
은평구,4672. 준빌딩 앞,202209, 359 , 349 
은평구,4674. 녹번역e편한세상 캐슬 정문 앞,202209," 1,509 "," 1,492 "
은평구,4676. 갈현1동 주민센터,202209, 867 , 849 
은평구,4677. 백련산 SK뷰 아이파크 해모로 아파트 앞,202209," 1,575 "," 1,636 "
은평구,4678. 백련산로 녹번센트레빌 ,202209, 646 , 549 
은평구,4681.박석고개(은평소방서) 앞,202209, 297 , 231 
은평구,4683. 은평 성모병원 사거리,202209, 654 , 673 
은평구,4684. 응암2동주민센터 버스정류장(영락중학교 방면),202209, 627 , 165 
은평구,4685. DMC역 5번 출구(수색역 방향),202209," 2,104 "," 2,038 "
은평구,4686. 우물골 근린공원,202209, 578 , 545 
은평구,4687. 역촌센트레빌아파트 101동 앞,202209, 381 , 178 
은평구,900. 은평예술회관,202209," 1,877 "," 1,845 "
은평구,902. 진관동 은빛초등학교,202209, 859 , 872 
은평구,903. 은평뉴타운 아이파크,202209," 1,366 "," 1,382 "
은평구,904. 은평뉴타운 푸르지오,202209," 1,280 "," 1,319 "
은평구,905. 구파발역 2번출구,202209," 3,135 "," 3,440 "
은평구,906. 연신내역 5번출구,202209," 4,376 "," 4,782 "
은평구,907. CJ 드림시티,202209," 6,468 "," 7,423 "
은평구,908. 구산역 4번출구,202209," 1,975 "," 1,959 "
은평구,909. 백련산 힐스테이트 3차,202209, 882 , 310 
은평구,911. 은평평화공원(역촌역4번출구),202209," 2,825 "," 2,818 "
은평구,912. 응암오거리,202209," 3,143 "," 3,676 "
은평구,913. 이마트 버스정류장(서부경찰서 방면),202209," 3,630 "," 3,683 "
은평구,914. 새절역 2번출구,202209," 4,068 "," 4,618 "
은평구,915. 증산역 4번출구,202209," 2,527 "," 2,792 "
은평구,916. 평생학습관 앞,202209," 1,885 "," 2,089 "
은평구,917. 녹번역 3번출구,202209," 1,854 "," 1,808 "
은평구,919. 서울혁신파크,202209," 1,231 "," 1,225 "
은평구,921. 신도고등학교,202209, 235 , 152 
은평구,922. 연신내역 4번출구,202209, 823 , 792 
은평구,923. 국민은행 연서지점,202209," 1,031 "," 1,044 "
은평구,924. 메뚜기다리,202209, 213 , 63 
은평구,925. 불광역 2번출구,202209, 860 , 874 
은평구,927. 연신내역 3번출구 인근,202209, 776 , 802 
은평구,928. 은평역사한옥박물관,202209, 496 , 364 
은평구,930. 구 서부경찰서 건너편,202209," 1,385 "," 1,471 "
은평구,931. 역촌파출소,202209," 4,391 "," 5,085 "
은평구,932. 예일여중,202209," 1,432 "," 1,457 "
은평구,933. 역촌종합시장 버스정류장(예일여고 방면),202209," 3,097 "," 3,407 "
은평구,934. 신사동 성당,202209, 367 , 235 
은평구,937. 상림마을 롯데캐슬2단지 옆,202209, 211 , 207 
은평구,938. 금암 문화공원,202209, 352 , 347 
은평구,939. 은평구청 교차로,202209," 1,622 "," 1,613 "
은평구,941. 은평뉴타운 도서관,202209, 560 , 306 
은평구,942. 상림마을 생태공원,202209, 574 , 582 
은평구,945. 기자촌 사거리,202209, 254 , 119 
은평구,946. 독바위역 ,202209, 948 , 894 
은평구,947. 연신내 선일하이츠빌 정류소,202209, 677 , 632 
은평구,948. 디지털미디어 시티역 4번출구(DMC역),202209, 986 , 935 
은평구,949. 연신내역 1번 출구 ,202209," 1,707 "," 1,978 "
은평구,950. 구산역 2번 출구 예일여고 버스정류장,202209," 2,132 "," 2,283 "
은평구,952. 서울연신중학교,202209, 522 , 498 
은평구,953. 서울연신초등학교,202209, 824 , 754 
은평구,954. 은평뉴타운구파발9단지,202209," 1,031 "," 1,069 "
은평구,956. 응암시장교차로,202209," 2,893 "," 3,707 "
은평구,958. 본 서부병원 버스정류장(은평 세무서 방면),202209," 1,628 "," 1,669 "
은평구,959. 구파발10단지 인근,202209, 405 , 447 
은평구,960. 구파발역 환승센터,202209, 908 ," 1,154 "
은평구,961. 불광역 9번 출구,202209," 2,000 "," 1,957 "
은평구,962. 은평뉴타운 힐데스하임,202209," 1,991 "," 2,009 "
은평구,963. 대호프라자아파트,202209," 1,200 "," 1,213 "
은평구,964. 북한산힐스테이트 7차아파트,202209, 593 , 403 
은평구,965. 서울특별시 은평병원,202209, 753 , 238 
은평구,966. 서울혁신파크1,202209, 475 , 469 
은평구,967. 서울혁신파크2,202209, 667 , 653 
은평구,968. 은평뉴타운 상림마을 13단지,202209, 167 , 146 
은평구,969. 은평 지웰테라스,202209, 182 , 166 
은평구,971. 역촌 센트레빌 아파트,202209, 491 , 108 
은평구,972. 수색역,202209," 2,070 "," 2,030 "
은평구,973.제각말푸르지오 5-1단지 아파트,202209, 327 , 180 
은평구,974.연신초등학교옆 마을마당,202209, 291 , 199 
은평구,975.백련산 힐스테이트상가앞,202209, 687 , 197 
은평구,976.진관고등학교앞,202209," 1,178 "," 1,265 "
은평구,977.신도중학교앞,202209, 289 , 66 
은평구,978.녹번 힐스테이트상가앞,202209, 457 , 306 
은평구,979.원풍빌라앞,202209, 968 , 915 
은평구,982. 녹번초등학교(서오릉로),202209," 1,152 "," 1,202 "
은평구,984.상신초등학교앞 버스정류장,202209," 1,578 "," 1,651 "
은평구,985. 은평세무서 버스정류장(은평구청 방면),202209," 1,740 "," 1,758 "
은평구,989. 신응교(가좌로) 앞,202209," 2,199 "," 2,695 "
은평구,991.흥국사 정류장,202209, 167 , 192 
은평구,992.북한산입구 정류장,202209, 282 , 272 
은평구,993.은평뉴타운 은뜨락아파트앞,202209, 580 , 346 
은평구,994.북한산생태공원입구(교통섬),202209, 430 , 407 
은평구,995.은평다목적체육관,202209, 713 , 498 
은평구,996.응암역2번출구 국민은행 앞,202209," 4,937 "," 6,259 "
종로구,301. 경복궁역 7번출구 앞,202209," 1,807 "," 1,259 "
종로구,302. 경복궁역 4번출구 뒤,202209," 3,715 "," 3,334 "
종로구,303. 광화문역 1번출구 앞,202209," 3,335 "," 3,070 "
종로구,305. 종로구청 옆,202209," 2,293 "," 2,212 "
종로구,307. 서울역사박물관 앞,202209," 1,511 "," 1,454 "
종로구,308. 광화문 S타워 앞,202209," 2,704 "," 2,538 "
종로구,309. 광화문역 6번출구 옆 B,202209," 1,072 ", 835 
종로구,314. 국립현대미술관,202209," 2,195 "," 2,191 "
종로구,316. 종각역 1번출구 앞,202209," 2,855 "," 2,759 "
종로구,326. 안국역 5번출구 앞,202209," 2,150 "," 1,691 "
종로구,327. 낙원상가 옆,202209," 1,814 "," 1,686 "
종로구,328. 탑골공원 앞,202209," 1,086 ", 977 
종로구,329. 청계2가 사거리 옆,202209," 2,515 "," 2,055 "
종로구,334. 종로3가역 2번출구 뒤,202209," 1,992 "," 1,822 "
종로구,335. 종로3가역 15번출구 앞,202209," 1,276 "," 1,269 "
종로구,337. 창경궁 입구,202209," 1,065 "," 1,051 "
종로구,338. 세운스퀘어 앞,202209," 1,315 "," 1,315 "
종로구,339. 종로4가 사거리,202209," 1,764 "," 1,717 "
종로구,340. 혜화동 로터리,202209," 2,021 "," 2,011 "
종로구,3401.창신두산아파트,202209, 306 , 293 
종로구,3402.이화공영주차장,202209, 669 , 646 
종로구,3403.서울특별시 교육청,202209, 215 , 104 
종로구,3404.서울특별시 중부교육지원청,202209, 180 , 175 
종로구,3405.파크팰리스,202209," 1,543 "," 1,353 "
종로구,3406.세종로공원,202209," 1,635 "," 1,444 "
종로구,3407.안국동사거리(신),202209," 2,121 "," 1,955 "
종로구,3408.종로타워빌딩,202209," 1,787 "," 1,771 "
종로구,341. 혜화역 3번출구 뒤,202209," 1,543 "," 1,534 "
종로구,3410.종로3가역 8번출구,202209," 3,670 "," 3,655 "
종로구,3411.종묘,202209," 1,246 "," 1,247 "
종로구,3412.세운상가,202209," 1,071 "," 1,059 "
종로구,3413.종로플레이스,202209," 2,818 "," 2,803 "
종로구,3414.종로5가역 4번출구,202209," 1,674 "," 1,664 "
종로구,3415.동대문역6번출구,202209," 2,291 "," 2,280 "
종로구,3416.동묘앞역 6번출구,202209," 2,790 "," 2,770 "
종로구,3417.창신3동주민센터,202209," 1,664 "," 1,638 "
종로구,3418.창신역2번 출구,202209, 159 , 142 
종로구,3419.국립어린이과학관,202209, 806 , 788 
종로구,342. 대학로 마로니에공원,202209," 3,415 "," 3,389 "
종로구,3420. 성균관대입구사거리,202209," 1,642 "," 1,610 "
종로구,3421.혜화역 1번출구,202209," 2,981 "," 2,976 "
종로구,3422.성균관대 정문,202209," 2,604 "," 2,587 "
종로구,3423.현대그룹(본사),202209," 1,148 "," 1,096 "
종로구,3425.광화문 풍림스페이스본 1단지앞,202209, 967 , 727 
종로구,3426.독립문역 2번출구 뒤,202209, 409 , 390 
종로구,3427.인왕산 아이파크 정문,202209, 321 , 315 
종로구,3428.서울미술관,202209, 222 , 158 
종로구,3429.HW컨벤션센터 앞,202209, 273 , 115 
종로구,343. 예일빌딩(율곡로) 앞,202209, 322 , 319 
종로구,3430.구기치안센터 앞,202209, 126 , 41 
종로구,3431.로제우스 레포츠센터,202209, 200 , 130 
종로구,3432.종로2가 사거리,202209," 1,896 "," 1,735 "
종로구,344. 성균관대 E하우스 앞,202209," 1,627 "," 1,599 "
종로구,345. 서울보증보험본사 앞,202209," 1,753 "," 1,725 "
종로구,348. 독립문역 사거리,202209," 1,531 "," 1,216 "
종로구,349. 사직동주민센터,202209, 959 , 956 
종로구,351. 청운초교 앞 삼거리,202209, 872 , 846 
종로구,352. 중앙고입구 삼거리,202209, 312 , 224 
종로구,353. 재동초교 앞 삼거리,202209," 1,502 "," 1,494 "
종로구,354. 포르투갈 대사관 앞,202209," 1,199 ", 967 
종로구,355. 서울사대부속초교 앞,202209," 1,820 "," 1,777 "
종로구,356. KT혜화지사 앞,202209," 1,507 "," 1,504 "
종로구,358. 성대입구 사거리,202209," 1,393 "," 1,381 "
종로구,359. 원남동사거리,202209," 1,662 "," 1,673 "
종로구,361. 동묘앞역 1번출구 뒤,202209," 4,634 "," 4,658 "
종로구,362. 청계8가 사거리,202209," 3,009 "," 3,074 "
종로구,363. 신설동역 11번출구 뒤,202209," 2,739 "," 2,748 "
종로구,364. 창신역 1번출구 앞,202209, 591 , 560 
종로구,367. 독립문역 3-1번출구 ,202209," 1,965 "," 1,397 "
종로구,368. SK 서린빌딩 앞,202209," 2,168 "," 2,464 "
종로구,369. 광화문 시민열린마당,202209," 1,667 "," 1,321 "
종로구,385. 종각역 5번출구,202209," 2,152 "," 2,046 "
종로구,388. 동성중학교 앞,202209, 662 , 655 
종로구,393. 동대문역 8번 출구,202209," 3,492 "," 3,487 "
종로구,394. 경희궁 자이 3단지,202209," 1,443 "," 1,455 "
종로구,395. 경희궁 자이 2단지,202209," 1,465 "," 1,464 "
종로구,397. 종묘공영주차장 건너편,202209, 750 , 720 
종로구,446. 상명대입구,202209, 966 , 932 
종로구,447. 신영동삼거리,202209, 152 , 124 
종로구,449. 일성아파트,202209, 604 , 127 
종로구,450. 효자동 삼거리,202209," 1,418 "," 1,030 "
종로구,451. 청와대앞길,202209, 385 , 282 
종로구,452. 동대문 종합시장 버스정류장,202209, 919 , 875 
종로구,453. 종로오가 지하쇼핑센터 14번출구,202209," 1,610 "," 1,600 "
종로구,454. 종로2가 버스정류장 (종각방향),202209," 1,440 "," 1,419 "
종로구,455. 종로6가역 버스정류장(동대문 방향),202209," 1,364 "," 1,354 "
종로구,456. 숭인2동 주민센터 입구,202209," 1,861 "," 1,873 "
종로구,457. 종로꽃시장 입구 옆,202209," 1,274 "," 1,257 "
종로구,458. 광화문역 5번출구,202209," 4,470 "," 4,090 "
종로구,461. 서울지방경찰청,202209," 1,454 "," 1,258 "
종로구,462. 신영동삼거리(북악터널방향),202209, 120 , 117 
종로구,464. 삼청동 골목,202209," 1,336 "," 1,238 "
종로구,465. 삼청공원 앞,202209, 182 , 125 
종로구,4703. 쌍용아파트2단지 정문,202209, 427 , 60 
종로구,4705. 웰니스센터(민방위교육장 앞),202209," 1,865 "," 1,827 "
종로구,4707. 청계3가 사거리,202209," 1,180 "," 1,132 "
종로구,4708. 조계사앞사거리,202209," 1,812 "," 1,818 "
종로구,4709. 천지인 오피스텔 앞,202209, 115 , 89 
종로구,4710. 자교교회 앞,202209," 1,883 "," 1,968 "
종로구,4711. 올림픽기념 국민생활관 로터리,202209," 1,921 "," 1,928 "
종로구,4713. 현대 뜨레비앙 아파트 앞,202209," 1,536 "," 1,508 "
종로구,4715. 돈의문 박물관 마을,202209, 877 , 600 
종로구,4718. 광화문역 6번출구 옆 A,202209," 1,289 "," 1,226 "
종로구,4719. 종로문화원 건너편,202209, 961 , 939 
종로구,486. 평창동주민센터 앞,202209, 271 , 236 
중구,300. 정동사거리,202209," 1,253 "," 1,235 "
중구,3013.서울지방고용노동청 앞,202209," 1,699 "," 1,760 "
중구,310. 청계광장 옆,202209," 2,170 "," 1,880 "
중구,318. 광교사거리 남측,202209," 1,180 "," 1,175 "
중구,320. 을지로입구역 4번출구 앞,202209," 1,803 "," 1,803 "
중구,321. KEB 하나금융그룹 명동사옥 옆,202209," 1,475 "," 1,352 "
중구,322. 명동성당 앞,202209, 758 , 666 
중구,324. 신세계백화점 본점 앞,202209," 1,377 "," 1,405 "
중구,331. 을지로2가 사거리 북측,202209," 1,049 "," 1,013 "
중구,332. 을지로2가 사거리 남측,202209, 971 , 962 
중구,336. 충무로역 6번출구 앞,202209," 1,214 "," 1,197 "
중구,346. 맥스타일 앞,202209," 1,479 "," 1,498 "
중구,347. 동대문역사문화공원역 9번출구 앞,202209, 950 , 751 
중구,370. 시청역(2호선) 9번출구 뒤,202209," 3,235 "," 2,972 "
중구,371. 동대입구역 6번출구 뒤,202209," 1,043 "," 1,040 "
중구,372. 약수역 3번출구 뒤,202209, 979 , 987 
중구,374. 청구역 2번출구 앞,202209," 2,344 "," 2,351 "
중구,379. 서울역9번출구,202209," 1,398 "," 1,394 "
중구,380. CJ제일제당 앞,202209," 1,888 "," 1,833 "
중구,381. 장충체육관,202209, 199 , 115 
중구,382. 약수역 10번출구 앞,202209, 708 , 708 
중구,383. 신당역 12번 출구 뒤,202209," 4,917 "," 4,901 "
중구,384. 종로학원본원 ,202209, 278 , 253 
중구,387. 훈련원공원주차장 앞,202209," 2,038 "," 1,758 "
중구,389. 을지로4가역 1번출구,202209," 1,436 "," 1,411 "
중구,390. 충무로역 1번출구,202209," 1,399 "," 1,379 "
중구,391. 시립미술관,202209," 1,245 "," 1,118 "
중구,398. 을지로3가역 3번출구,202209," 2,237 "," 2,190 "
중구,399. 서울역 센트럴 자이아파트,202209," 1,083 ", 653 
중구,428. 명보사거리,202209, 668 , 647 
중구,429. 송도병원,202209, 218 , 129 
중구,430. 장충동먹자골목 앞,202209," 1,087 "," 1,093 "
중구,431. 청계천 영도교,202209," 4,711 "," 4,746 "
중구,433. 을지로입구역 2번출구,202209," 1,811 "," 1,753 "
중구,434. 신당 래미안 버스정류장,202209, 636 , 62 
중구,435. SK 남산빌딩,202209, 419 , 396 
중구,441.염천교사거리,202209, 684 , 679 
중구,442.서울역 서부,202209, 487 , 495 
중구,443.호암아트홀,202209, 216 , 206 
중구,445.대한상공회의소,202209," 1,912 "," 1,907 "
중구,466.롯데호텔,202209, 761 , 556 
중구,468.웨스틴 조선호텔,202209, 910 , 911 
중구,469.회현역 1번출구,202209, 568 , 484 
중구,470.회현역 7번출구,202209, 632 , 472 
중구,471.회현사거리 남측,202209," 1,016 "," 1,033 "
중구,472.삼일교(시그니쳐 타워),202209," 1,423 "," 1,469 "
중구,473.을지로4가역 9번출구,202209," 2,451 "," 2,365 "
중구,474.동대문역사문화공원역 1번출구 뒤편,202209," 2,619 "," 2,156 "
중구,475.DDP 패션몰,202209," 1,690 "," 1,397 "
중구,4752. 삼성사이버빌리지아파트,202209, 372 , 297 
중구,4753. 시청역 10번출구,202209, 618 , 606 
중구,476.광희문,202209," 1,068 "," 1,051 "
중구,4760. 서울역 7번출구,202209, 221 , 198 
중구,4761. 중부경찰서앞사거리 건너편,202209, 513 , 480 
중구,4762. 국제빌딩,202209, 606 , 539 
중구,4765. 동대문디자인플라자,202209," 2,451 "," 2,416 "
중구,4766. 서소문성지역사박물관,202209, 552 , 284 
중구,4768. 서울도시건축전시관,202209," 3,578 "," 3,324 "
중구,477.앰배서더 호텔 주변,202209, 870 , 238 
중구,4772. 중앙일보,202209, 206 , 207 
중구,4774. 을지로입구역 8번출구,202209, 996 , 993 
중구,4775. 을지로지하쇼핑센터,202209, 816 , 772 
중구,4776. 신세계면세점,202209, 570 , 521 
중구,4777. 약수동 주민센터,202209, 223 , 162 
중구,4778. 대신파이낸스센터,202209," 1,238 "," 1,217 "
중구,4781. 브라운스위트레지던스,202209, 559 , 514 
중구,4782. 서소문역사공원,202209, 180 , 158 
중구,4784. 중부경찰서앞 사거리,202209, 633 , 575 
중구,4785. 롯데시티호텔,202209, 660 , 628 
중구,479.동대입구역 3번 출구,202209, 516 , 504 
중구,4791. 명동역9번 출구,202209," 1,550 "," 1,525 "
중구,4792. 퇴계로4가 교차로(중구청),202209," 2,061 "," 2,046 "
중구,4793. 동대문역사문화공원역 5번출구,202209," 1,175 "," 1,158 "
중구,4794. 서울역 서부교차로(3),202209," 1,420 "," 1,468 "
중구,4796. 부산은행,202209," 2,345 "," 2,370 "
중구,4797. KG타워 앞,202209," 1,207 "," 1,204 "
중구,4798. 황학동롯데캐슬,202209," 3,246 "," 3,231 "
중구,480.약수역 6번 출구,202209, 534 , 525 
중구,4800. 필동 삼거리,202209," 1,025 "," 1,023 "
중구,4801. 충정로역 2호선(엘리베이터 앞),202209, 229 , 195 
중구,481.신당역 10번 출구,202209," 2,161 "," 2,163 "
중구,483.남산타운아파트 버스정류장,202209, 363 , 163 
중구,484.도동삼거리,202209, 93 , 93 
중구,485.서울역5번출구,202209," 1,456 "," 1,475 "
중구,826. 서울역 서부교차로2,202209," 1,574 "," 1,607 "
중랑구,1401. 극동늘푸른아파트,202209," 2,404 "," 2,522 "
중랑구,1402. 금란주차장 앞,202209," 1,638 "," 1,618 "
중랑구,1403. 중화빌딩 앞 (동부시장),202209," 1,684 "," 1,760 "
중랑구,1404. 동일로 지하차도,202209," 2,304 "," 2,310 "
중랑구,1405. 망우역 1번출구,202209," 1,122 "," 1,136 "
중랑구,1406. 망우청소년수련관,202209, 302 , 252 
중랑구,1407. 먹골역 1번출구 뒤,202209," 1,652 "," 1,762 "
중랑구,1408. 먹골역 6번출구 앞,202209," 1,518 "," 1,830 "
중랑구,1410. 면목 대원칸타빌아파트,202209, 365 , 139 
중랑구,1411. 상봉시장앞 교차로 한성빌딩 앞,202209," 1,944 "," 1,880 "
중랑구,1413. 봉화산역 5번출구 뒤,202209," 1,803 "," 2,000 "
중랑구,1414. 사가정역 2번출구,202209," 4,050 "," 4,199 "
중랑구,1416. 상봉역 3번출구,202209," 2,638 "," 2,767 "
중랑구,1418. 새솔초등학교,202209, 597 , 111 
중랑구,1420. 신내어울공원 앞,202209," 1,126 "," 1,111 "
중랑구,1421. 신내역 4번출구,202209, 713 , 571 
중랑구,1422. 신내우디안아파트 1단지,202209, 336 , 120 
중랑구,1424. 양원역 2번출구,202209, 189 , 147 
중랑구,1425. 용마문화복지센터,202209, 997 , 716 
중랑구,1426. 면목도시개발아파트 1동 앞,202209, 652 , 239 
중랑구,1427. 용마산역 1번출구,202209, 284 , 246 
중랑구,1428. 원묵고등학교,202209," 1,496 ", 908 
중랑구,1429. 장안중학교,202209," 1,423 "," 1,536 "
중랑구,1430. 중랑구청,202209," 1,306 ", 706 
중랑구,1431. 중랑구청 사거리,202209," 1,963 "," 1,623 "
중랑구,1433. 중화역 2번출구,202209," 2,255 "," 2,538 "
중랑구,1435. 능산삼거리,202209, 449 , 450 
중랑구,1436. 동원베네스트 건물 앞,202209, 553 , 412 
중랑구,1437. 늘푸른공원 앞,202209," 1,867 "," 2,277 "
중랑구,1438. 홈플러스 신내점 앞,202209," 3,269 "," 3,812 "
중랑구,1440. 면목2동 사거리,202209, 975 ," 1,125 "
중랑구,1441. 신내능말공원,202209, 672 , 406 
중랑구,1442. 중랑구 중소기업 창업센터,202209," 3,136 "," 3,413 "
중랑구,1444. 면목4치안센터,202209," 1,697 "," 2,124 "
중랑구,1445. 용마지구대,202209, 321 , 336 
중랑구,1446. 중랑전화국 교차로,202209," 2,952 "," 3,339 "
중랑구,1447. 면목역 3번출구,202209," 3,667 "," 3,963 "
중랑구,1448. 코스트코 상봉점,202209," 2,825 "," 2,772 "
중랑구,1449. 상봉역 1번출구,202209," 3,475 "," 3,511 "
중랑구,1450. 화랑대역 7번출구,202209," 2,229 "," 2,538 "
중랑구,1451. 중랑세무서,202209," 4,024 "," 4,267 "
중랑구,1452. 겸재교 진입부,202209," 3,797 "," 4,326 "
중랑구,1453. 중랑캠핑숲,202209, 296 , 257 
중랑구,1454. 한국전력공사(동대문 중랑지사),202209," 1,177 "," 1,284 "
중랑구,1455. 상봉역 2번 출구,202209," 2,801 "," 2,944 "
중랑구,1456. 상아빌딩(우림시장 교차로),202209," 2,056 "," 2,234 "
중랑구,1457. 동원사거리,202209, 841 , 800 
중랑구,1458. 상봉터미널2,202209," 3,356 "," 3,378 "
중랑구,1459. 용마한신아파트사거리,202209, 428 , 387 
중랑구,1461.동양엔파트 앞,202209," 1,762 "," 1,812 "
중랑구,1462.동부시장 북문 앞,202209," 2,666 "," 2,796 "
중랑구,1463.중랑구민회관,202209, 349 , 342 
중랑구,1464.중화역 4번출구,202209," 1,391 "," 1,624 "
중랑구,1465.중랑공영차고지 옆,202209," 1,343 "," 1,619 "
중랑구,1466.두산대림아파트 삼거리,202209, 743 , 808 
중랑구,1467.sk신내 주유소앞(용마산로),202209, 252 , 254 
중랑구,1468.먹골역 7번 출구,202209," 1,228 "," 1,303 "
중랑구,1469.먹골역 4번출구,202209," 1,502 "," 1,514 "
중랑구,1470.중화동 우리은행 앞,202209," 1,668 "," 1,763 "
중랑구,1471.동양쇼핑 정류소 앞,202209," 2,043 "," 2,237 "
중랑구,1472.영성빌딩(PAT),202209," 1,115 "," 1,428 "
중랑구,1473.중랑역 1번 출구(중화문화복지센터),202209," 1,493 "," 1,703 "
중랑구,1474.서울중랑우체국,202209," 1,245 "," 1,243 "
중랑구,1477.면목삼익아파트 앞,202209, 505 , 492 
중랑구,1478.홈플러스 상봉점 앞,202209," 2,117 "," 2,189 "
중랑구,1479.면목 홈플러스 2 ,202209, 533 , 558 
중랑구,1480. 용마지구대 옆,202209," 1,012 "," 1,092 "
중랑구,4802. 새우개마을,202209, 308 , 309 
중랑구,4804. 동서울농협 앞,202209," 2,165 "," 2,156 "
중랑구,4807. 라코지스테이 앞,202209, 859 , 855 
중랑구,4808. 신내2동 주민센터 앞,202209, 980 , 981 
중랑구,"4809. 동성1,2차 아파트 앞",202209," 1,872 "," 1,533 "
중랑구,4811. 한양수자인아파트 앞,202209, 610 , 307 
중랑구,4812. 묵동 이마트 앞,202209," 2,087 "," 2,258 "
중랑구,4813. 망우지구대,202209," 2,625 "," 2,689 "
중랑구,4815. 중랑데시앙플렉스 앞,202209, 513 , 506 
중랑구,4819. 면목동 새싹어린이공원 앞,202209," 1,728 "," 1,860 "
중랑구,4820. 망우역 2번 출구,202209," 2,039 "," 2,024 "
중랑구,4821. 동원초등학교 정문 앞,202209, 842 ," 1,066 "
중랑구,4823. 방정환교육지원센터 옆,202209," 1,320 "," 1,347 "
중랑구,4824. 상봉신협 앞,202209," 1,668 "," 1,646 "
중랑구,4825. 신내동 벽산아파트 후문 앞,202209," 1,309 "," 1,296 "
중랑구,4826. 홈플러스 면목점,202209," 1,216 "," 1,353 "
중랑구,4827. 신내SK V1센터 앞,202209, 352 , 340 
중랑구,4828. 신내동 한살림 중랑지구 앞,202209," 1,270 "," 1,308 "
중랑구,4829. 신내동 한살림 중랑지구 북축,202209, 581 , 585 
중랑구,4830. 신내 우디안 111동 앞,202209, 148 , 105 
중랑구,4834. 용마복지센터 앞,202209, 275 , 255 
중랑구,4835. 망우동 본죽 앞,202209," 1,249 "," 1,257 "
중랑구,4836. 양원역 1번 출구,202209, 829 , 735 
중랑구,4837. 양원지구 힐데스하임 앞,202209," 1,198 "," 1,187 "
중랑구,4838.동원사거리 행복오피스텔 앞,202209, 957 , 746 
중랑구,4840. 서울시 북부병원 앞,202209, 589 , 621 
강남구,2301. 현대고등학교 건너편,202210," 2,836 "," 2,896 "
강남구,2302. 교보타워 버스정류장(신논현역 3번출구 후면),202210," 1,194 "," 1,193 "
강남구,2303. 논현역 10번출구,202210," 1,510 "," 1,301 "
강남구,2304. 대현그린타워,202210, 135 , 102 
강남구,2305. MCM 본사 직영점 앞,202210, 370 , 372 
강남구,2306. 압구정역 2번 출구 옆,202210," 2,275 "," 2,216 "
강남구,2307. 압구정 한양 3차 아파트,202210, 626 , 603 
강남구,2308. 압구정파출소 앞,202210," 1,395 "," 1,403 "
강남구,2309. 청담역(우리들병원 앞),202210, 348 , 268 
강남구,2310. 청담동 맥도날드 옆(위치),202210, 659 , 645 
강남구,2311. 학동로 래미안 아파트 앞,202210, 210 , 146 
강남구,2312. 청담역 13번 출구 앞,202210, 710 , 663 
강남구,2313. 금원빌딩 앞,202210, 954 , 958 
강남구,2314. 청담나들목입구,202210, 719 , 721 
강남구,2315. 봉은사역 5번출구 옆,202210," 1,014 ", 981 
강남구,2317. 삼성도로공원,202210," 1,104 "," 1,108 "
강남구,2318. 삼성중앙역4번출구(문화센터더 리빌),202210, 380 , 236 
강남구,2319. 포스코사거리 서측(수협 삼성동 지점),202210, 800 , 799 
강남구,2320. 도곡역 대치지구대 방향,202210, 829 , 900 
강남구,2321. 학여울역 사거리,202210, 646 , 608 
강남구,2323. 주식회사 오뚜기 정문 앞,202210, 908 , 873 
강남구,2324. 천주교 대치 2동 교회 옆,202210," 1,662 "," 1,665 "
강남구,2325. 대치삼성아파트 앞 교차로,202210, 996 , 993 
강남구,2326. 대치동 삼성로,202210, 418 , 355 
강남구,2327. 뱅뱅사거리 랜드마크타워 앞,202210," 1,314 "," 1,379 "
강남구,2328. 르네상스 호텔 사거리 역삼지하보도 7번출구 앞,202210, 724 , 709 
강남구,2329. 르네상스호텔사거리 역삼지하보도 2번출구,202210, 536 , 525 
강남구,2330. 역삼월드메르디앙아파트 앞,202210, 879 , 882 
강남구,2331. 동영문화센터앞,202210, 628 , 600 
강남구,2332. 선릉역3번출구,202210," 1,706 "," 1,704 "
강남구,2333. 양재역 3번출구 주변,202210," 1,221 ", 674 
강남구,2334. 삼호아파트 2동 ( 간선도로),202210, 294 , 294 
강남구,2335. 3호선 매봉역 3번출구앞,202210," 2,425 "," 2,435 "
강남구,2336. 강남세브란스교차로  래미안그레이튼 104동 앞,202210, 447 , 434 
강남구,2337. 대모산입구역 2번출구 앞,202210, 676 , 543 
강남구,2339. 현대아파트 정문 앞,202210, 665 , 667 
강남구,2340. 삼호물산버스정류장(23370) 옆,202210," 2,722 "," 2,839 "
강남구,2341. 일원역 4~5번 출구 사이,202210, 826 , 449 
강남구,2342. 대청역 1번출구  뒤,202210," 1,845 "," 1,901 "
강남구,2343. 세곡사거리 대왕파출소 앞,202210, 146 , 142 
강남구,2344. 리엔파크 2단지 앞,202210, 616 , 656 
강남구,2347. 두산건설 본사,202210, 206 , 113 
강남구,2348. 포스코사거리(기업은행),202210," 2,206 "," 2,181 "
강남구,2349. 역삼빌딩 앞(하나은행 옆),202210, 445 , 323 
강남구,2350. 래미안그레이튼102동앞,202210, 231 , 232 
강남구,2351. 청소년수련관(수영장)앞,202210, 422 , 319 
강남구,2352. 서울본부세관(건설회관 앞),202210, 175 , 114 
강남구,2353. 강남구청역 2번출구 뒤,202210, 489 , 454 
강남구,2354. 청담역 2번출구,202210, 282 , 281 
강남구,2356. 강남구청,202210, 628 , 446 
강남구,2357. 르네상스호텔사거리 역삼지하보도 3번출구 앞 (더 오번 빌딩 명동칼국수 앞),202210, 382 , 383 
강남구,2358. 구룡초사거리 (현대아파트10동 앞 ),202210, 594 , 542 
강남구,"2359. 국립국악중,고교 정문 맞은편",202210," 1,120 "," 1,112 "
강남구,2360. 도곡1동 주민센터 교차로,202210, 723 , 728 
강남구,2362. 신사동 가로수길 입구,202210," 1,231 "," 1,169 "
강남구,2363. 강남 을지병원 교차로,202210, 430 , 396 
강남구,2364. 도산공원교차로,202210, 608 , 605 
강남구,2365. K+ 타워 앞,202210, 983 , 982 
강남구,2368. 도곡동 경남아파트 건너편,202210, 262 , 258 
강남구,2369. KT선릉타워,202210," 1,372 "," 1,354 "
강남구,2370. 한티역 3번출구,202210, 547 , 428 
강남구,2371. 한국우편사업진흥원,202210, 185 , 117 
강남구,2372. 대치역 사거리,202210," 1,085 "," 1,120 "
강남구,2373. 개포동역 사거리,202210, 722 , 677 
강남구,2375. 수서역 1번출구 앞,202210," 1,331 "," 1,420 "
강남구,2376. 수서역 6번출구 앞,202210, 489 , 541 
강남구,2377. 수서역 5번출구,202210," 3,621 "," 3,890 "
강남구,2380. 삼성동베이직하우스앞,202210, 441 , 391 
강남구,2381. 언주역 6번출구앞,202210, 468 , 464 
강남구,2382. 역삼동 sk뷰 501동앞,202210, 477 , 476 
강남구,2383. 보금자리정원,202210, 361 , 407 
강남구,2384. 자곡사거리,202210," 1,953 "," 2,105 "
강남구,2385. 학동역,202210, 773 , 737 
강남구,2386. 크린랩 본사,202210, 199 , 153 
강남구,2387. 래미안강남힐즈 사거리,202210," 1,196 "," 1,219 "
강남구,2388. 강남구 도시관리공단,202210, 525 , 230 
강남구,2389. 경기여자고등학교 후문 (삼성로3길 입구),202210, 729 , 705 
강남구,2390. 구룡마을 입구 (래미안블레스티지 아파트),202210, 342 , 349 
강남구,2391. 구룡터널 입구(개포1단지아파트),202210, 15 , 6 
강남구,2392. 구룡산 입구 (구룡산 서울둘레길 입구),202210, 120 , 78 
강남구,2393. 구룡사 앞 교차로 (보도육교),202210, 107 , 90 
강남구,2394. 개포래미안포레스트아파트 107동 앞,202210, 709 , 650 
강남구,2395. 개포1단지아파트 입구 (보도육교),202210, 185 , 147 
강남구,2396. 영동3교 북단(우성캐릭터 앞 보도),202210, 671 , 673 
강남구,2398. 더라움,202210, 204 , 206 
강남구,2401. 밀알학교 입구 (삼성서울병원 입구),202210, 395 , 210 
강남구,2403. 공무원연금매점 교차로 (개포주공9단지 입구),202210, 218 , 167 
강남구,2404. 대모산입구역 4번 출구 앞,202210," 1,680 "," 1,662 "
강남구,2405. 청담공원앞 교차로,202210," 1,182 ", 398 
강남구,2406. 논현동 광명빌딩 앞,202210, 527 , 342 
강남구,2407. 역삼.서초.삼성 세무서 앞 (역삼빌딩 앞),202210, 499 , 498 
강남구,2408. 강남한양수자인아파트,202210," 1,138 "," 1,127 "
강남구,2409. 역삼동 디오슈페리움 (우성아파트 사거리),202210," 1,045 "," 1,044 "
강남구,2410. 포스코피앤에스타워 (역삼역 3번출구 부근),202210," 1,316 "," 1,119 "
강남구,2411. 세곡동 성당,202210," 1,091 "," 1,132 "
강남구,2412. 일원1동 주민센터,202210," 1,271 "," 1,327 "
강남구,2413.도곡역 1번 출구,202210," 1,162 "," 1,168 "
강남구,2414. 도곡역 아카데미스위트 앞,202210," 1,934 "," 1,935 "
강남구,2415.한티역 롯데백화점 앞,202210," 1,268 "," 1,262 "
강남구,2416.한티역 6번 출구,202210, 523 , 485 
강남구,2417.선정릉 디캠프(D.CAMP)앞,202210, 328 , 327 
강남구,2418.봉은사역 7번 출구 ,202210, 911 , 910 
강남구,"2419.봉은사역 1,2번 출구 ",202210, 873 , 867 
강남구,2420.학여울역 사거리(LG베스트샵 앞),202210," 1,279 "," 1,184 "
강남구,2421. 신논현역 4번출구,202210," 1,005 ", 796 
강남구,2422.수서동 성당 맞은편,202210, 739 , 863 
강남구,2423.영희초교 사거리(래미안개포루체하임),202210," 1,147 "," 1,208 "
강남구,2425.세곡동 사거리(대왕초등학교 정류장),202210, 254 , 230 
강남구,2426.강남한신휴플러스 6단지,202210, 672 , 671 
강남구,2427.개포고등학교 정문앞,202210, 488 , 487 
강남구,2428.롯데리아 개포점앞,202210, 569 , 560 
강남구,2429.압구정로데오역 6번출구,202210," 1,340 "," 1,319 "
강남구,2430.강남파이낸스센터앞(역삼역2번출구),202210, 614 , 619 
강남구,2431.대치역 7번출구,202210," 1,677 "," 1,673 "
강남구,3602. 한국지역난방공사강남지사,202210, 527 , 546 
강남구,3604. 삼성중앙역 5번출구,202210, 746 , 589 
강남구,3606. 신사동주민센터 옆,202210," 1,234 "," 1,273 "
강남구,3609. 언주초등학교 입구,202210, 713 , 687 
강남구,3610. 윗반마을 입구,202210, 157 , 159 
강남구,3611. 방죽마을 입구,202210, 330 , 354 
강남구,3612. 은곡마을,202210, 671 , 783 
강남구,3614. 은마아파트 입구 사거리,202210," 1,518 "," 1,508 "
강남구,3615. 서울 논현동우체국 앞,202210, 211 , 212 
강남구,3616. 역삼중학교 앞(체육관 방향),202210, 197 , 195 
강남구,3618. 서울율현초교 삼거리,202210, 958 , 999 
강남구,3620. 청담역 11번 출구,202210, 114 , 81 
강남구,3621. 휘문고교 사거리,202210, 485 , 294 
강남구,3622. 은마아파트입구 사거리(1),202210, 249 , 244 
강남구,3623. 일원에코파크 앞(개포로 방면),202210, 873 , 899 
강남구,3624. 대모산입구역 7번 출구 앞,202210, 290 , 238 
강남구,3627. 압구정나들목,202210," 2,379 "," 2,443 "
강남구,3628. 역삼1동 주민센터,202210," 1,407 "," 1,408 "
강남구,3629. 청담사거리(신한오피스텔빌딩 앞),202210, 752 , 758 
강남구,3630. 개포우성6차아파트 정문 앞,202210, 354 , 321 
강남구,3634. 국악고교 앞 교차로,202210, 431 , 439 
강남구,3636. 삼성중앙역·플래티넘아파트 정류소,202210, 557 , 555 
강남구,3637. 세곡데이케어센터,202210, 271 , 259 
강남구,3638. 신청담나들목,202210, 619 , 634 
강남구,3640. 일원1동주민센터앞 사거리,202210, 805 , 805 
강남구,3641. 대청역,202210, 542 , 564 
강남구,3642. LH강남힐스테이트아파트,202210, 799 , 370 
강남구,3643. 더시그넘하우스 앞,202210, 669 , 678 
강남구,3644. 상록수아파트,202210, 724 , 374 
강남구,3646. 선정릉역 4번 출구,202210, 336 , 332 
강남구,3647. 구룡역 1번 출구,202210, 317 , 228 
강남구,3648. 구룡역 4번 출구,202210, 144 , 143 
강남구,3649. 구룡역 5번 출구,202210, 250 , 261 
강남구,3651. 개포동역 4번출구,202210," 1,228 "," 1,235 "
강남구,4901.KT&G타워 옆(상상마당 대치아트홀),202210, 695 , 556 
강남구,4902. 구역삼세무서 교차로,202210," 1,024 "," 1,020 "
강남구,4903. 신사스퀘어,202210, 425 , 425 
강남구,4905. 강남경찰서,202210," 1,664 "," 1,675 "
강남구,4906. 섬유센터 앞,202210," 1,978 "," 1,998 "
강남구,4907. 극동스포츠 앞,202210, 570 , 549 
강남구,4908. SB타워 앞,202210, 339 , 336 
강남구,4909. 노보텔 앰배서더 앞,202210, 241 , 133 
강남구,4911. 도곡동 골프 로데오거리,202210, 438 , 440 
강남구,4913. 레베쌍트 빌딩 앞,202210, 338 , 334 
강남구,4914. 도심공항타워 앞,202210, 993 , 980 
강남구,4915. 영동중앙교회 버스정류장,202210, 279 , 279 
강남구,4916. 청담역 1번출구,202210, 48 , 33 
강동구,1001. 광진교 남단 사거리(천호공원 방면),202210," 2,225 "," 2,206 "
강동구,1002. 해공공원(천호동),202210," 3,416 "," 3,551 "
강동구,1003. 해공도서관앞,202210," 1,444 "," 1,415 "
강동구,1004. 삼성광나루아파트 버스정류장,202210," 2,287 "," 2,931 "
강동구,1006. 롯데캐슬 115동앞,202210, 301 , 306 
강동구,1007.암사동 선사유적지,202210, 276 , 301 
강동구,1008. 암사역 3번출구(국민은행앞),202210," 4,809 "," 5,928 "
강동구,1009. 천호역4번출구(현대백화점),202210," 6,332 "," 6,361 "
강동구,1010. 강동세무서,202210," 3,426 "," 3,415 "
강동구,1011. LIGA 아파트 앞,202210," 3,915 "," 3,889 "
강동구,1012. 서울 상운차량,202210," 1,927 "," 1,760 "
강동구,1013. 강동구청역 1번 출입구,202210," 2,786 "," 2,802 "
강동구,1015. 샛마을 근린공원,202210," 1,118 "," 1,103 "
강동구,1016. 해뜨는 주유소옆 리엔파크 109동앞,202210, 937 , 939 
강동구,1017. 둔촌고교입구 교차로(길동주민센터 방면),202210," 2,343 "," 2,434 "
강동구,1018. 둔촌 주공 GS 맞은편,202210, 953 , 957 
강동구,1019. 다성이즈빌아파트(호원대 대각선 맞은편),202210," 4,849 "," 4,955 "
강동구,1020. 강동경찰서,202210," 5,012 "," 5,038 "
강동구,1021. 강일동 리슈빌 빌딩앞,202210," 2,074 "," 2,472 "
강동구,1022. 길동 사거리(초소앞),202210," 2,263 "," 2,210 "
강동구,1023. 한국종합기술사옥 앞,202210," 2,913 "," 3,076 "
강동구,1024.  강동구청 앞,202210," 3,914 "," 3,932 "
강동구,1025. 상일초등학교,202210, 958 ," 1,065 "
강동구,1026. 대명초교 입구 교차로,202210, 839 , 746 
강동구,1027. 프라자 아파트 앞,202210," 1,628 "," 1,569 "
강동구,1028. 포레스 주상복합 빌딩,202210," 2,286 "," 2,280 "
강동구,1029. 성내어울터,202210," 3,507 "," 3,486 "
강동구,1030. 미호 플랜트 앞,202210," 1,783 "," 1,801 "
강동구,1031. 올림픽로 836(아리수로),202210, 894 ," 1,106 "
강동구,1032. 선사고등학교,202210, 846 , 869 
강동구,1033. 고덕동 아남아파트,202210," 1,186 "," 1,052 "
강동구,1034. 고덕동 래미안 힐스테이트,202210, 428 , 396 
강동구,1035. 고덕역 4번출구,202210," 2,122 "," 1,491 "
강동구,1036. 고덕동 주양쇼핑,202210," 1,361 "," 1,338 "
강동구,1037. 강일리버파크 6단지,202210, 478 , 483 
강동구,1038. 강일 다솜 어린이 공원,202210, 365 , 424 
강동구,1039. 고덕초등학교,202210, 269 , 285 
강동구,1041. 묘곡초등학교,202210, 756 , 760 
강동구,1042. 강일리버파크 2~5단지,202210, 846 , 959 
강동구,1044. 굽은다리역,202210," 5,552 "," 5,671 "
강동구,1047. 강동 한신휴플러스,202210," 2,845 "," 2,980 "
강동구,1048. 둔촌어린이공원,202210," 3,380 "," 3,558 "
강동구,1049. 강일리버파크 10단지,202210," 1,000 "," 1,021 "
강동구,1050.  둔촌역 3번 출입구,202210," 5,666 "," 5,705 "
강동구,"1051. 강일중,선사고 버스정류장(신암중학교 방면)",202210," 1,801 "," 1,782 "
강동구,1052. 리싸이클시티,202210, 142 , 132 
강동구,1053. 동명근린공원 진입로 (아리수로),202210, 417 , 410 
강동구,1054. 말우물 어린이 공원,202210, 394 , 421 
강동구,1056. 강일리버파크 7~11단지,202210, 737 , 842 
강동구,1057. 능골근린공원,202210, 928 , 958 
강동구,1058. 고덕숲 아이파크 1,202210, 445 , 427 
강동구,1059. 래미안 강동팰리스(102동),202210," 2,001 "," 1,438 "
강동구,1060. 천일초교 사거리,202210, 223 , 206 
강동구,1062. 고덕숲 아이파크 2,202210, 339 , 329 
강동구,1063.강동롯데캐슬퍼스트 아파트(관리동),202210, 827 , 813 
강동구,1064.중앙보훈병원역 1번출구,202210, 552 , 427 
강동구,1065.보훈병원 후문옆(더 원커피),202210, 623 , 520 
강동구,1066.생태공원앞 교차로(조명탑),202210, 253 , 178 
강동구,1067.한영중고앞사거리,202210, 684 , 613 
강동구,1068.명일파출소,202210," 1,037 ", 932 
강동구,1069.강동경희대학교병원 입구,202210, 599 , 570 
강동구,1070.(시립)고덕평생학습관,202210, 918 , 915 
강동구,1071.명일근린공원공동체텃밭,202210, 314 , 319 
강동구,1072.고덕역 5번출구,202210," 1,695 "," 1,664 "
강동구,1073. SSTS 몰 앞,202210," 1,064 "," 1,074 "
강동구,1074.대명초교입구 사거리,202210," 1,738 "," 1,750 "
강동구,1075.천동초교 삼거리,202210," 2,062 "," 2,058 "
강동구,1076. 천동초교입구사거리 버스정류장(십자성마을 방면),202210," 2,270 "," 2,273 "
강동구,1077.강동역 1번출구 앞,202210," 2,532 "," 2,500 "
강동구,1078.둔촌사거리,202210," 4,108 "," 4,094 "
강동구,1079.강일동입구교차로,202210, 531 , 516 
강동구,1080.엘웨딩,202210," 1,507 "," 1,465 "
강동구,1081.트레빌빌딩,202210," 1,820 "," 1,645 "
강동구,1082.중앙보훈병원역3번출구,202210, 201 , 162 
강동구,1083.광문고교사거리(아이파크),202210, 802 , 763 
강동구,1084. 윤선생빌딩(JYP사옥),202210," 4,335 "," 4,623 "
강동구,1085.래미안 솔베뉴(고덕로),202210," 1,351 ", 923 
강동구,1086.래미안 솔베뉴(구천면로),202210, 978 , 977 
강동구,1088.풍납사거리(강동),202210," 2,182 "," 2,157 "
강동구,1089.고덕 래미안힐스테이트(201동),202210, 307 , 305 
강동구,1090.상일동역 2번출구 앞,202210," 3,327 "," 3,330 "
강동구,3539. 서원마을,202210, 296 , 305 
강동구,3652. 한영외국어고등학교,202210, 364 , 261 
강동구,3653. 강동리버스트4단지아파트 404동 앞,202210, 572 , 555 
강동구,3654. 강동리버스트4단지아파트 405동 앞,202210, 481 , 533 
강동구,3655. 둔촌신성미소지움아파트,202210, 767 , 580 
강동구,3656. 둔촌푸르지오아파트,202210," 2,148 "," 2,144 "
강동구,3657. 서울천호동우체국,202210," 2,812 "," 2,765 "
강동구,3658. 프라이어팰리스아파트,202210, 983 , 962 
강동구,3659. 명일초등학교 옆,202210, 471 , 422 
강동구,3661. 명일동신동아아파트 앞,202210, 649 , 615 
강동구,3663. 암사정수센터교차로(강동롯데캐슬퍼스트아파트),202210, 523 , 412 
강동구,3664. 맥도날드 서울둔촌DT점 앞,202210," 3,251 "," 3,279 "
강동구,3665. 고덕센트럴 아이파크상가 앞,202210, 903 , 884 
강동구,3668. 성내삼성아파트,202210," 3,947 "," 4,452 "
강동구,3671. 둔촌동역교차로,202210," 2,963 "," 2,975 "
강동구,3672. 고덕중학교 후문,202210, 546 , 549 
강동구,3673. 강동리버스트6단지,202210, 670 , 686 
강동구,3674. 강동리버스트7단지,202210, 630 , 729 
강동구,3675. 강동리버스트8단지,202210, 851 , 910 
강동구,3676. 강동리엔파크9단지,202210, 708 , 688 
강동구,3677. 강동구음식물재활용센터,202210, 70 , 64 
강동구,3680. 강동역3번출구,202210," 4,492 "," 4,495 "
강동구,3681. 길동 마루빌딩,202210," 4,663 "," 5,028 "
강동구,3682. 길동 동호빌딩,202210, 511 , 556 
강동구,3683. KT&G강동지사,202210," 1,830 "," 1,847 "
강동구,3684. 고덕자이(105동 앞),202210," 1,572 "," 1,666 "
강동구,3685. 강동리엔파크14단지(1401동 앞),202210," 1,578 "," 1,574 "
강동구,3686. 고덕 래미안 힐스테이트(101동),202210, 778 , 782 
강동구,3687. 신명초교입구 교차로,202210," 2,218 "," 2,497 "
강동구,3688. 상일동산(동아아파트앞 교차로),202210, 511 , 492 
강동구,3689. 강일역 3번출구,202210," 1,490 "," 1,417 "
강동구,3690. 강일역 4번출구,202210, 639 , 420 
강동구,3691. 둔촌역 2번출구,202210, 911 , 910 
강동구,3692. 둔촌오륜역 1번 출구,202210, 949 , 903 
강동구,3694. 강동리엔파크 13단지(1303동 앞),202210, 829 , 828 
강동구,3698. 명일역 3번출구 옆,202210," 2,019 "," 2,019 "
강동구,3699. 상일파출소 옆,202210," 1,598 "," 1,573 "
강동구,3700. 강변그대가리버뷰 입구 맞은편,202210," 1,419 "," 1,595 "
강동구,3701. 방아삼거리,202210, 34 , 27 
강동구,4951. 강동농협 버스정류소 앞(광채빌라),202210," 1,583 "," 1,641 "
강북구,"1501. 미아역 3번,4번 출구 사이",202210," 2,055 "," 2,059 "
강북구,1503. 강북구청사거리(수유역 8번출구),202210," 3,328 "," 3,427 "
강북구,1504. 삼양시장오거리,202210, 506 , 502 
강북구,1506. 강북문화예술회관,202210," 1,616 "," 1,594 "
강북구,1509. 서울북부수도사업소,202210, 817 , 813 
강북구,1510. 번동주공5단지 관리사무소 앞,202210, 450 , 465 
강북구,1511. 번동 금호어울림아파트102동앞,202210, 566 , 571 
강북구,1512. 강북중학교 앞,202210," 2,501 "," 2,524 "
강북구,1513. 강북구청 뒷편,202210, 466 , 468 
강북구,1514. 강북구청 사거리 버스정류소 앞,202210," 1,355 "," 1,355 "
강북구,1515. 송천동 주민센터,202210, 748 , 734 
강북구,1516. 우이초등학교 후문 옆,202210, 752 , 748 
강북구,1518. 수유2동은행빌딩 앞,202210, 885 , 879 
강북구,1519. 장미원시장 건너편,202210, 845 , 835 
강북구,1520. 수유중앙시장,202210," 1,255 "," 1,261 "
강북구,1525. 미아동 복합청사,202210, 574 , 562 
강북구,1526. 강북종합시장 앞,202210," 1,056 "," 1,054 "
강북구,1527. 미아역 1번 출구 뒤,202210," 1,070 "," 1,053 "
강북구,1528. 삼각산동 주민센터,202210, 886 , 310 
강북구,1529. 미아동 한국전력공사,202210," 2,185 "," 2,167 "
강북구,1530. 광산사거리,202210," 2,095 "," 2,076 "
강북구,1531. 미아사거리 1번 출구,202210," 3,095 "," 3,179 "
강북구,1532. 번3동 주민센터 교차로,202210," 1,009 "," 1,108 "
강북구,"1533. 번동 주공3, 4단지 교차로",202210," 1,348 "," 1,523 "
강북구,1535. 효성인텔리안 앞,202210," 2,132 "," 2,145 "
강북구,1536. 번동 두산위브 101동 옆,202210, 991 , 908 
강북구,1537. 북한산 우이역,202210, 695 , 692 
강북구,1538. 솔밭공원역,202210, 454 , 446 
강북구,1539. 4.19민주묘지역,202210, 976 ," 1,004 "
강북구,1540. 가오리역,202210," 1,187 "," 1,162 "
강북구,1541. 삼양역,202210, 266 , 249 
강북구,1542. 삼양사거리역,202210, 523 , 518 
강북구,1543. 수유1동 주민센터,202210, 721 , 712 
강북구,1546. 송천동우체국,202210, 519 , 540 
강북구,1547. 꿈의숲 롯데캐슬,202210, 536 , 293 
강북구,1548. 북서울 꿈의숲 서문,202210, 831 , 475 
강북구,1550.삼각산아이원아파트(105동 옆),202210, 53 , 21 
강북구,1551.4.19탑 앞,202210, 766 , 754 
강북구,1552. 강북구청사거리,202210," 2,042 "," 2,049 "
강북구,1553.서울북부고용노동지청,202210, 827 , 797 
강북구,1554.번동사거리,202210, 933 , 943 
강북구,1557.신창교,202210," 1,158 "," 1,192 "
강북구,1558.강북문화정보도서관,202210, 457 , 373 
강북구,1560. 도봉세무서 앞,202210," 1,308 "," 1,321 "
강북구,1564.4.19민주묘지역 1번출구,202210," 1,094 "," 1,054 "
강북구,1565.수유사거리,202210," 1,619 "," 1,625 "
강북구,1568.4.19민주묘지 입구사거리,202210, 908 , 900 
강북구,1569.수유역2번출구,202210," 3,764 "," 3,757 "
강북구,1571.북서울 꿈의 숲 입구,202210, 650 , 661 
강북구,1572. 우이동 먹거리마을,202210, 151 , 129 
강북구,1573.현대성우아파트 옆,202210, 498 , 486 
강북구,1574.송중초등학교 옆,202210, 821 , 815 
강북구,3703. 삼양입구사거리,202210, 387 , 388 
강북구,3707. 드래곤타워 앞,202210," 1,066 "," 1,033 "
강북구,3711. 월계2교 교차로,202210, 652 , 669 
강북구,3714. 송천센트레빌,202210, 320 , 284 
강북구,3718. 번동3단지 버스정류장,202210," 1,175 "," 1,416 "
강서구,1101. 개화동상사마을종점 버스정류장,202210, 457 , 514 
강서구,1102. 방화사거리 마을버스 버스정류장,202210," 3,758 "," 3,831 "
강서구,1103. 방화역 4번출구앞,202210," 3,866 "," 3,939 "
강서구,1105. 방화근린공원,202210, 554 , 500 
강서구,1106. 신방화사거리,202210," 4,964 "," 5,405 "
강서구,1108. 공항시장역 2번출구 뒤,202210," 2,056 "," 2,095 "
강서구,1109. 공항시장역 4번출구,202210," 1,266 "," 1,352 "
강서구,1110. 공항중학교앞,202210," 1,742 "," 1,755 "
강서구,1111. 마곡엠밸리6_7단지 마곡중학교,202210," 3,406 "," 3,362 "
강서구,1112. 마곡엠밸리4단지 정문,202210," 5,785 "," 5,706 "
강서구,1113. 서남환경공원 버스정류장,202210," 2,934 "," 2,814 "
강서구,1117. 등촌5단지아파트 버스정류장,202210," 5,617 "," 5,655 "
강서구,1118. 증미역 3번출구뒤(등촌두산위브센티움오피스텔),202210," 3,826 "," 4,120 "
강서구,1119. 염창동 한마음아파트 앞,202210," 2,820 "," 2,703 "
강서구,1120. 대림경동아파트앞,202210," 2,812 "," 2,781 "
강서구,1121. 가양레포츠센터 앞,202210," 1,890 "," 1,921 "
강서구,1122. 황금내근린공원,202210," 3,564 "," 3,888 "
강서구,1124. 발산역 6번 출구 뒤,202210," 8,021 "," 8,065 "
강서구,1125. 명덕고교입구(영종빌딩),202210," 6,090 "," 6,467 "
강서구,1126. 우장산역 1번출구옆(우장산아이파크105동앞),202210," 2,847 "," 1,767 "
강서구,1127. 화곡역 버스정류장,202210," 2,958 "," 2,946 "
강서구,1128. 화곡역 6번출구,202210," 2,502 "," 2,495 "
강서구,1129. 화곡역 1번 출구 앞,202210," 3,237 "," 3,262 "
강서구,1130. 화곡본동시장 버스정류장,202210, 915 , 768 
강서구,1132. 등촌역 7번출구,202210," 2,901 "," 3,021 "
강서구,1135. 강서구의회,202210," 3,094 "," 2,725 "
강서구,1136. 등촌2파출소,202210," 1,181 ", 735 
강서구,1137. 등촌2동주민센터,202210, 612 , 359 
강서구,1139. 용문사 버스정류장,202210," 2,114 "," 2,124 "
강서구,1140. 목동사거리 버스정류장,202210," 2,700 "," 2,766 "
강서구,1141. 곰달래 문화복지센터 1-1,202210," 2,024 "," 2,932 "
강서구,1145. 곰달래 문화복지센터 1-2,202210," 1,183 "," 1,529 "
강서구,1148. 볏골공원,202210," 1,757 "," 1,640 "
강서구,1149. 신방화역환승주차장,202210," 5,748 "," 5,740 "
강서구,1150. 송정역 1번출구,202210," 3,110 "," 3,434 "
강서구,1151. 마곡역1번출구,202210," 3,576 "," 3,568 "
강서구,1152. 마곡역교차로,202210," 6,030 "," 6,180 "
강서구,"1153. 발산역 1번, 9번 인근 대여소",202210," 10,378 "," 10,521 "
강서구,1155. 기쁜우리복지관,202210," 2,629 "," 2,642 "
강서구,1157. 강서구청,202210," 4,237 "," 4,863 "
강서구,1158. 가양역 8번출구,202210," 6,515 "," 6,865 "
강서구,1159. 서서울모터리움 앞,202210, 955 , 910 
강서구,1160. 양천향교역 7번출구앞,202210," 7,366 "," 7,355 "
강서구,1161. 강서면허시험장 앞,202210, 574 , 451 
강서구,1162. 공항초등학교건너편,202210," 3,332 "," 3,327 "
강서구,1163. 방화동강서기동대앞,202210," 4,081 "," 4,182 "
강서구,1165. 마곡중학교 후문,202210," 1,597 "," 1,310 "
강서구,1166. 강서구립등빛도서관,202210," 5,939 "," 5,921 "
강서구,1167. 마곡수명산파크3단지 교차로,202210," 5,202 "," 5,214 "
강서구,1168. 마곡엠밸리10단지 앞,202210," 2,034 "," 1,798 "
강서구,1169. 염창역 1번 출구,202210," 3,386 "," 3,413 "
강서구,1170. 강서구보건소,202210," 1,309 ", 851 
강서구,1171. 염창동 새마을금고 건너편,202210," 1,410 "," 1,441 "
강서구,1172. 가양3동 주민센터,202210," 2,219 "," 2,720 "
강서구,1173. 강서구청사거리(SH타워),202210," 4,637 "," 4,178 "
강서구,1174. 강서구청사거리(부민병원),202210," 1,951 "," 1,979 "
강서구,1175. 대한항공 인력개발센터,202210," 2,078 "," 1,593 "
강서구,1177. 수명중․고교,202210," 2,632 "," 2,706 "
강서구,1178. 개화산역 2번 출구,202210," 1,389 "," 1,319 "
강서구,1180. 마곡엠밸리 15단지(1502동) 건너편,202210," 3,626 "," 3,737 "
강서구,1181. 농수산식품공사 (강서지사),202210, 406 , 413 
강서구,1182. KBS 스포츠월드,202210," 4,241 "," 4,267 "
강서구,1183. KC 대학교,202210, 783 , 583 
강서구,1184. 마곡13단지,202210," 4,895 "," 5,231 "
강서구,1185. 등촌9단지,202210," 1,931 "," 1,917 "
강서구,1186. 송정중학교,202210," 1,667 "," 1,766 "
강서구,1187. 강서수산물도매시장,202210," 1,238 "," 1,394 "
강서구,1188. 롯데중앙연구소,202210, 468 , 456 
강서구,1190. 마곡역 교차로(2번출구),202210," 2,163 "," 2,022 "
강서구,"1191. 마곡역 버스정류장(마곡나루역1번출구, 웰튼병원 방면)",202210," 4,482 "," 4,265 "
강서구,1192. 마곡수명산파크 209동 건너편,202210," 3,211 "," 2,842 "
강서구,1193. 마곡센트럴타워 1차,202210," 5,217 "," 5,377 "
강서구,1194. 센서텍㈜,202210," 1,987 "," 2,053 "
강서구,1195. 코오롱One&Only타워,202210," 3,520 "," 3,579 "
강서구,1196. 서울식물원(문화센터) 건너편,202210, 388 , 309 
강서구,1197. 엠펠리체 호텔 건너편,202210," 3,898 "," 3,893 "
강서구,1198. LG 사이언스파크,202210," 1,251 ", 892 
강서구,1199. 우장산역 3번출구,202210," 2,735 "," 2,067 "
강서구,1200. 개화광역환승센터,202210, 365 , 343 
강서구,2701. 마곡나루역 5번출구 뒤편,202210," 11,769 "," 11,836 "
강서구,2702. 마곡 엠밸리2단지,202210," 2,283 "," 2,272 "
강서구,2703.서울도시가스 앞 ,202210," 1,461 "," 1,165 "
강서구,2704.홈플러스(강서점),202210," 4,246 "," 4,526 "
강서구,2706.강서공업고등학교 앞,202210," 1,428 "," 1,432 "
강서구,2707.한강아파트,202210," 2,007 "," 1,938 "
강서구,2708.강서한강자이타워 앞,202210," 4,533 "," 4,634 "
강서구,2709.강변아파트 310동 앞,202210," 1,546 "," 1,537 "
강서구,2710.라이품 공영주차장 앞,202210," 1,449 "," 1,217 "
강서구,2711.가로공원공영주차장 1번 출구,202210," 2,156 "," 2,303 "
강서구,2712.화곡터널입구교차로,202210," 1,160 ", 505 
강서구,2713.우장초등학교 앞,202210," 2,975 "," 2,975 "
강서구,2715.마곡나루역 2번 출구 ,202210," 18,345 "," 18,233 "
강서구,2716.롯데 R&D 센터,202210, 814 , 819 
강서구,2717.LG유플러스 마곡사옥,202210," 5,953 "," 6,402 "
강서구,2718.마곡수명산파크1단지,202210," 2,479 "," 2,466 "
강서구,2719.마곡문화공원,202210," 4,796 "," 5,797 "
강서구,2720.힐스테이트에코,202210," 4,683 "," 4,670 "
강서구,2721.등촌1-10단지 교차로,202210," 6,325 "," 6,150 "
강서구,2722.마곡 문영비지웍스,202210," 1,319 "," 1,290 "
강서구,2723.마곡 필네이처,202210," 3,989 "," 4,217 "
강서구,2724.(재)FITI시험연구원,202210," 2,335 "," 2,058 "
강서구,2725.서울식물원 식물문화센터,202210," 1,571 "," 1,392 "
강서구,2727.서울식물원 잔디마당 앞,202210," 3,436 "," 3,699 "
강서구,2728.마곡나루역 3번 출구,202210," 10,818 "," 10,494 "
강서구,2729.넥센 유니버시티 앞,202210," 2,607 "," 2,548 "
강서구,2730.마곡메가박스 앞,202210," 3,140 "," 3,207 "
강서구,2731.명덕고교,202210," 1,444 "," 1,865 "
강서구,2732.마곡수명산 1-2단지 ,202210," 2,329 "," 2,006 "
강서구,2733.마곡13단지 정문 앞,202210," 5,105 "," 5,027 "
강서구,2735.마곡 공공청사,202210," 2,043 "," 1,960 "
강서구,2737.까치산역 3번 출구,202210," 2,444 "," 2,611 "
강서구,2739.수명산파크1단지교차로,202210," 4,810 "," 4,795 "
강서구,2740.마곡레포츠센터,202210," 2,592 "," 2,461 "
강서구,2741.마곡수명산파크5-6단지,202210," 2,215 "," 1,897 "
강서구,2742.강서구민올림픽체육센터,202210," 2,381 "," 2,518 "
강서구,2743.동신아파트 104동 앞,202210," 1,186 "," 1,192 "
강서구,2744.강서세무서 앞,202210," 3,755 "," 3,729 "
강서구,2745.수명초등학교,202210," 1,728 "," 1,645 "
강서구,2746.수명산파크 4단지 411동 앞,202210," 2,011 "," 1,953 "
강서구,3753. 공항중학교 버스정류장,202210," 1,040 ", 856 
강서구,3754. 신방화역 8번출구,202210," 2,343 "," 2,162 "
강서구,3756. 마곡힐스테이트 정문,202210," 2,232 "," 2,135 "
강서구,3757. 신방화역 6번출구,202210," 2,774 "," 2,628 "
강서구,3758. 서울남부출입국관리소,202210," 1,941 "," 1,521 "
강서구,3759. 이대서울병원,202210," 2,576 "," 2,557 "
강서구,3760. 발산역 8번 출구,202210," 2,867 "," 2,782 "
강서구,3761. 나이아가라관광호텔,202210, 817 , 827 
강서구,3762. 마곡9단지 907동앞,202210," 2,039 "," 1,916 "
강서구,3763. 등촌태영아파트,202210," 1,608 "," 1,834 "
강서구,3764. 관문주유소(GS칼택스) 앞,202210," 2,635 "," 2,638 "
강서구,3765. 문소빌딩,202210, 954 , 931 
강서구,3766. 강서문화센터,202210, 483 , 390 
강서구,3767. 대원빌딩,202210," 2,879 "," 2,855 "
강서구,3769. 증미역 2번출구,202210," 2,990 "," 3,508 "
강서구,3770. 남부순환로 205,202210, 840 , 751 
강서구,3772. 길성그랑프리텔아파트,202210," 3,510 "," 3,495 "
강서구,3774. 마곡9단지 910동 상가앞,202210," 2,057 "," 2,082 "
강서구,3775. 가양오토갤러리,202210," 1,601 "," 1,591 "
강서구,3776. 김포공항교차로,202210, 753 , 807 
강서구,3778. 김포공항입구 교차로,202210," 2,476 "," 2,423 "
강서구,3780. 등촌서광아파트,202210," 4,680 "," 4,841 "
강서구,3781. 강서아동복지센터,202210, 192 , 224 
강서구,3782. 겸재정선미술관,202210," 1,751 "," 1,711 "
강서구,3783. 마곡금호어울림아파트,202210," 1,685 "," 1,696 "
강서구,3784. 벽산아파트,202210," 3,080 "," 3,059 "
강서구,3785. 마곡14단지 1408동앞,202210," 2,367 "," 2,283 "
강서구,3786. 강서힐스테이트 상가 앞,202210," 1,355 "," 1,064 "
강서구,3787. 가양나들목,202210, 845 , 817 
강서구,3788. 정곡나들목,202210," 1,371 "," 1,428 "
강서구,3792. 화곡본동시장 입구,202210," 1,122 "," 1,073 "
강서구,3793. 더리브골드타워,202210," 1,531 "," 1,523 "
강서구,3794. 안양천합수부(현대3차아파트),202210," 2,561 "," 2,762 "
강서구,3796. 송정역 3번출구 앞,202210," 2,951 "," 2,873 "
강서구,3797. 마곡수명산파크7단지 710동 앞,202210, 899 , 898 
강서구,3798. 그랜드아이파크아파트 앞,202210," 7,011 "," 7,203 "
강서구,3799. 국립항공박물관,202210, 699 , 722 
강서구,3801. 이랜드글로벌R&D센터,202210," 1,935 "," 1,957 "
강서구,5052. 마곡역 7번출구,202210," 6,818 "," 7,026 "
강서구,5053. 신마곡벽산블루밍메트로오피스텔앞,202210," 2,328 "," 2,505 "
강서구,5055. 마곡역5번출구앞,202210," 2,101 "," 2,099 "
강서구,"5056. 마곡역4,5번출구",202210," 1,536 "," 1,657 "
강서구,5057. 마곡역4번출구,202210," 2,129 "," 1,977 "
강서구,5059. 화곡2동주민센터,202210," 1,518 "," 1,832 "
강서구,5061. 우장산동 가곡어린이공원앞,202210," 3,268 "," 3,271 "
강서구,5062. 마곡동 767-6,202210," 2,727 "," 2,650 "
강서구,5063. 서남환경공원(방화동도시개발2단지방향),202210," 1,710 "," 1,694 "
강서구,5064. 양천향교역8번출구,202210," 2,809 "," 2,799 "
강서구,5065. 허준박물관삼거리,202210," 1,902 "," 1,847 "
강서구,5066. 아망떼마곡전시장,202210," 1,996 "," 2,260 "
강서구,5067. 주원 리젠트 앞,202210," 1,118 "," 1,145 "
강서구,5070. 마곡13단지힐스테이트마스터 후문(1320동 앞),202210," 3,556 "," 3,590 "
강서구,5072. 김포공항입구 교통섬,202210, 635 , 556 
강서구,5073. 우장산역 헤링턴타워 앞,202210," 1,900 "," 1,654 "
강서구,"5074. 마곡엠밸리14단지 버스정류장(마곡엠밸리11,12단지상가방면)",202210," 3,667 "," 3,670 "
강서구,5075. 등촌역 1번출구,202210," 1,841 "," 1,833 "
강서구,5076. 메이필드호텔앞,202210," 1,483 "," 1,378 "
강서구,5078. 왈도강서캠퍼스 앞,202210," 2,366 "," 2,480 "
강서구,5080. 가양역 1번출구,202210," 3,246 "," 3,592 "
강서구,5082. 가양역 7번출구,202210," 5,178 "," 5,557 "
강서구,5084. 강서우체국,202210," 1,379 "," 1,308 "
강서구,5086. 가양테크노타운,202210, 904 , 919 
강서구,5087. 연세강서빌딩,202210," 2,294 "," 2,287 "
강서구,5088. 등촌역 센터스퀘어,202210," 1,600 "," 1,532 "
강서구,5089. LG사이언스파크 E10동,202210," 2,121 "," 2,142 "
강서구,5090. 대상연구소,202210, 517 , 522 
강서구,5091. 보타닉파크타워2,202210," 1,378 "," 1,435 "
관악구,2102. 봉림교 교통섬,202210," 12,543 "," 12,776 "
관악구,2103. 신림동 우방아파트,202210," 1,958 "," 1,960 "
관악구,2104. 사당역 5번출구,202210," 1,863 "," 2,079 "
관악구,2105. 미성동 신림체육센터,202210," 1,962 "," 1,986 "
관악구,2106. 세이브마트,202210," 2,334 "," 2,967 "
관악구,2107. 도림천 신화교,202210," 3,172 "," 3,142 "
관악구,2108. 은천치안센터,202210," 1,821 "," 1,827 "
관악구,2109. 은천로입구 가로공원,202210," 3,757 "," 3,755 "
관악구,2111. 서울대입구역 1번출구,202210," 1,682 "," 1,680 "
관악구,2112. 서울대입구역 마에스트로,202210," 1,364 "," 1,357 "
관악구,2115. 관악구시설관리공단,202210," 2,002 "," 1,760 "
관악구,2116. 에이스에이존빌딩,202210," 1,094 "," 1,092 "
관악구,2119. 중앙동 동진빌딩,202210," 1,475 "," 1,477 "
관악구,2122. 낙성대로 입구,202210," 1,023 ", 974 
관악구,2127. 난곡종점,202210, 662 , 383 
관악구,2128. 관악구청교차로,202210, 789 , 783 
관악구,2129. 낙성대 과학전시관,202210, 455 , 383 
관악구,2130. 영어마을 관악캠프,202210, 350 , 119 
관악구,2137. KT&G 관악지점,202210, 622 , 627 
관악구,2139. 서울신성초등학교,202210," 1,611 "," 1,603 "
관악구,2140. 신림1교 교차로,202210," 2,343 "," 2,352 "
관악구,2141. 미림여고입구 교차로,202210, 182 , 179 
관악구,2143. 서울산업정보학교,202210, 489 , 486 
관악구,2144. 난우길입구,202210, 946 , 941 
관악구,2145. 은천초등학교 육교,202210, 979 , 968 
관악구,2148. 낙성대역 3번출구 뒤,202210," 1,116 "," 1,081 "
관악구,2156. 신림푸르지오아파트,202210," 1,284 "," 1,295 "
관악구,2159. 인헌초교,202210, 469 , 429 
관악구,2164. 관악우체국,202210," 2,834 "," 2,835 "
관악구,2165. JK장평타워,202210, 279 , 258 
관악구,2167. 낙성대역 1번출구,202210, 818 , 794 
관악구,2169. 봉천역 2번출구,202210," 1,968 "," 1,968 "
관악구,2170. 조원동 강남힐병원,202210," 1,581 "," 1,610 "
관악구,2171. 서울대입구역 5번출구,202210," 2,080 "," 2,069 "
관악구,2172. 나들목공원,202210, 831 , 704 
관악구,2173. 당곡사거리,202210," 4,942 "," 5,048 "
관악구,2174. 삼성디지털프라자관악점,202210," 1,044 "," 1,041 "
관악구,2175. 신림동걷고싶은문화의거리입구,202210," 2,221 "," 2,271 "
관악구,2176. 보라매공원 보도육교,202210," 2,757 "," 2,772 "
관악구,2177. 신대방역 2번 출구,202210," 9,359 "," 9,697 "
관악구,2178. 서울대학교 정문,202210, 518 , 473 
관악구,2179. 양녕로 입구,202210," 1,669 "," 1,660 "
관악구,2183. 동방1교,202210," 4,790 "," 4,688 "
관악구,2184. 구암초등학교 버스정류장,202210, 279 , 150 
관악구,2185. 대학동 고시촌,202210, 138 , 139 
관악구,2186. 낙성대입구삼거리,202210, 716 , 714 
관악구,2187. 현대시장사거리,202210," 1,341 "," 1,281 "
관악구,2189. 봉천역 4번출구,202210," 1,997 "," 1,999 "
관악구,2190.도원맨션,202210, 719 , 725 
관악구,2191.대학동주민센터 ,202210, 159 , 151 
관악구,2195.은천교회,202210," 1,323 "," 1,326 "
관악구,2196. 봉천역 3번출구,202210, 859 , 883 
관악구,2198.사랑의병원,202210," 1,027 "," 1,009 "
관악구,2199.신봉천주유소 A,202210, 191 , 162 
관악구,3306.서울신우초등학교,202210, 70 , 51 
관악구,3307.봉천고개 육교,202210, 486 , 49 
관악구,3310.영락고등학교,202210, 333 , 88 
관악구,3311.서울대입구역 4번 출구,202210," 1,186 "," 1,182 "
관악구,3802. 관악구민체육센터,202210, 747 , 748 
관악구,3803. 남서울중학교,202210," 1,292 "," 1,266 "
관악구,3804. 낙성대공원,202210, 326 , 228 
관악구,3806. 낙성대 교수아파트,202210, 389 , 154 
관악구,3807. 관악우체국 교차로,202210, 727 , 718 
관악구,3810. 신봉천주유소 B,202210, 298 , 291 
관악구,3811.신사로입구,202210," 2,470 "," 2,481 "
관악구,3812. KT관악지점,202210," 1,173 "," 1,161 "
관악구,3813. 낙성대역 5번출구,202210, 680 , 678 
관악구,3814. 난곡사거리 ,202210," 1,924 "," 1,935 "
관악구,3815. 광일빌딩,202210," 1,373 "," 1,450 "
관악구,3816. 관악 GSfresh,202210, 970 , 973 
관악구,3818. 은천교회 앞,202210," 1,737 "," 1,736 "
관악구,3819. 서울대벤처타운역,202210, 183 , 135 
관악구,3820. 은천삼거리,202210, 49 , 49 
광진구,3500. 군자역2번출구,202210," 3,514 "," 3,506 "
광진구,3501. 광진구청 앞,202210," 3,963 "," 3,953 "
광진구,3502. 중곡역 1번출구,202210," 1,757 "," 1,653 "
광진구,3503. 광진유진스웰,202210, 285 , 124 
광진구,3504. 원일교회,202210," 3,334 "," 3,341 "
광진구,3505. 신양초교앞 교차로,202210, 984 , 994 
광진구,3506. 영동대교 북단,202210," 2,379 "," 2,371 "
광진구,3507. 어린이회관,202210, 844 , 686 
광진구,3508. 화양사거리,202210, 871 , 855 
광진구,3509. 세종사이버대학교,202210," 3,725 "," 3,749 "
광진구,3510. 중곡SK아파트앞,202210, 769 , 717 
광진구,3516. 구의아리수정수센터앞,202210," 1,185 "," 1,187 "
광진구,3517. 용마사거리,202210," 2,586 "," 2,734 "
광진구,3518. 군자역 7번출구뒤,202210," 7,827 "," 7,842 "
광진구,3520. 광진경찰서,202210," 3,321 "," 3,334 "
광진구,3521. 현대홈타운 뒷길,202210, 396 , 397 
광진구,3523. 건국대학교 과학관(이과대) 앞,202210," 1,607 "," 1,664 "
광진구,3524. 세종대학교,202210, 297 , 297 
광진구,3528. 광진정보도서관,202210," 1,546 "," 1,913 "
광진구,3529. 어린이대공원정문,202210," 1,242 "," 1,082 "
광진구,3533. 건대입구역 사거리(롯데백화점),202210," 7,837 "," 8,083 "
광진구,3534. 건대입구역 5번출구 뒤,202210," 4,587 "," 4,570 "
광진구,3536. 중앙농협(자양동),202210," 3,022 "," 3,115 "
광진구,3537. 아차산 휴먼시아 아파트 옆,202210, 807 , 385 
광진구,3541. 커먼그라운드,202210," 4,919 "," 4,931 "
광진구,3542. 래미안 구의파크 스위트,202210," 3,197 "," 3,218 "
광진구,3543. 세종대학교(학술정보원),202210, 637 , 636 
광진구,3563.구의7단지현대아파트,202210, 302 , 311 
광진구,3564.나루마당,202210, 93 , 70 
광진구,3566.우성4차아파트,202210," 1,753 "," 1,757 "
광진구,3569.건대병원후문,202210," 5,970 "," 6,044 "
광진구,3570.구의역 리버비스타 오피스텔,202210," 4,262 "," 4,323 "
광진구,3571.화양 APT(횡단보도 옆),202210," 4,435 "," 4,279 "
광진구,3573.광나루안전체험관,202210," 2,277 "," 2,278 "
광진구,3575. 자양사거리(서원빌딩),202210," 4,896 "," 4,887 "
광진구,3578.중곡동 파크웨이빌딩,202210," 1,900 "," 1,895 "
광진구,3579.광진 캠퍼스시티,202210," 3,357 "," 3,359 "
광진구,3581.광진광장,202210," 3,134 "," 2,343 "
광진구,3582.화양동 우체국,202210," 2,657 "," 2,514 "
광진구,3586.군자역 비채온 오피스텔,202210," 2,398 "," 2,413 "
광진구,3587.우성식품 앞,202210," 1,797 "," 1,815 "
광진구,3588.세종대학교(영실관),202210, 910 , 909 
광진구,3853. 어린이대공원역 2번출구,202210," 1,090 ", 961 
광진구,3860. 건국대학교 정문 앞,202210," 2,019 "," 2,006 "
광진구,3863. 동일로58길 입구,202210, 850 , 807 
광진구,3864. 광진소방서 앞,202210," 1,360 "," 1,303 "
광진구,3865. 이튼타워리버 2차,202210," 2,237 "," 2,256 "
광진구,3868. 자양한강도서관,202210," 2,056 "," 2,083 "
광진구,3873. 동서울우편집중국 앞,202210," 1,174 "," 1,180 "
광진구,3878. 장로회신학대학교 주기철 기념관,202210, 98 , 97 
광진구,3879. 중랑천 뚝방길 산책로 입구,202210," 1,628 "," 1,743 "
광진구,3880. 홍련봉 공원,202210, 825 , 535 
광진구,3881. 신자초교입구 교차로,202210," 3,888 "," 3,974 "
광진구,3882. 자양2동 주민센터,202210," 1,955 "," 1,977 "
광진구,3886.광진구 민방위교육센터,202210," 1,836 "," 1,864 "
광진구,500. 어린이대공원역 3번출구 앞,202210," 2,799 "," 2,775 "
광진구,501. 광진구의회 앞,202210," 1,995 "," 1,733 "
광진구,502. 뚝섬유원지역 1번출구 앞,202210," 13,549 "," 14,561 "
광진구,505. 자양사거리 광진아크로텔 앞,202210," 2,876 "," 2,885 "
광진구,515. 광양중학교 앞,202210, 795 , 797 
광진구,516. 광진메디칼 앞,202210," 1,951 "," 1,950 "
광진구,539. 군자교교차로,202210," 2,372 "," 2,401 "
광진구,542. 강변역 4번출구 뒤,202210," 2,633 "," 2,634 "
광진구,543. 구의공원(테크노마트 앞),202210," 2,836 "," 2,842 "
광진구,544. 광남중학교,202210," 1,345 "," 1,388 "
광진구,546. 잠실대교북단 교차로,202210," 2,323 "," 2,321 "
광진구,548. 자양나들목,202210," 3,023 "," 3,060 "
광진구,549. 아차산역 3번출구,202210," 3,635 "," 3,641 "
광진구,551. 구의삼성쉐르빌 앞,202210," 3,797 "," 3,804 "
광진구,552. 대림아크로리버 앞,202210," 1,230 "," 1,251 "
광진구,553. 중곡 성원아파트 앞,202210," 1,367 "," 1,356 "
광진구,555. 구의3동주민센터,202210, 726 , 724 
광진구,571. 세종대학교 대양AI센터,202210," 1,345 "," 1,327 "
광진구,572. 국립정신 건강센터 앞,202210, 219 , 143 
광진구,573. 구의문주차장 앞,202210," 2,426 "," 2,430 "
광진구,574. 아차산역4번출구,202210," 3,548 "," 2,081 "
광진구,575. 대원중고교 입구(대하빌딩),202210, 625 , 611 
광진구,576. 광나루역 3번 출구,202210," 2,852 "," 2,850 "
광진구,577. 광진청소년수련관,202210," 2,375 "," 2,458 "
광진구,584. 광진광장 교통섬,202210," 3,465 "," 2,541 "
광진구,588. 뚝섬 유원지역,202210," 2,853 "," 2,880 "
광진구,590. 건국대학교 (입학정보관),202210," 2,784 "," 2,831 "
광진구,591. 건국대학교 (행정관),202210," 1,293 "," 1,315 "
광진구,592. 건국대학교 학생회관,202210," 4,602 "," 4,944 "
광진구,593.자양중앙나들목,202210," 2,127 "," 2,271 "
구로구,1901. 신도림동주민센터 앞,202210," 2,598 "," 2,604 "
구로구,1904. 도림천역 1번 출구 앞,202210," 3,179 "," 3,221 "
구로구,1906. 신도림역 1번 출구 앞,202210," 7,627 "," 7,591 "
구로구,1907. 구일우성(아) 육교 밑,202210," 1,892 "," 1,883 "
구로구,1908. 해원리바파크 육교 밑,202210," 2,208 "," 2,227 "
구로구,1910. 낙원교회 맞은편,202210, 597 , 505 
구로구,1911. 구로디지털단지역 앞,202210," 10,372 "," 10,411 "
구로구,1912. 한신휴아파트 앞,202210," 2,525 "," 2,484 "
구로구,1913. 구로리공원,202210," 1,761 "," 1,914 "
구로구,1914. 대림역4번출구,202210," 3,591 "," 3,558 "
구로구,1916. 구로중학교앞,202210, 938 , 918 
구로구,1920. 서울미래초등학교 사거리,202210," 2,162 "," 1,896 "
구로구,1924. 삼부르네상스파크빌,202210," 1,681 ", 878 
구로구,1925. 동양미래대학교 정문 옆,202210," 5,432 "," 5,364 "
구로구,1928. 고척스카이돔구장 광장,202210," 1,460 "," 1,274 "
구로구,1929. 고척근린공원 고척도서관 앞,202210," 1,303 ", 938 
구로구,1930. 개봉지구대 개봉치안센터,202210," 1,385 "," 1,397 "
구로구,1931. 개봉역2번출구 A,202210," 1,792 "," 2,433 "
구로구,1933. 개봉푸르지오아파트 상가,202210," 2,090 "," 2,302 "
구로구,1936. 개봉역 1번 출구 자전거보관서쪽,202210, 965 ," 1,212 "
구로구,1937. 한진아파트 입구,202210," 1,384 "," 1,376 "
구로구,1941. 오류동역 2번출구,202210," 1,396 "," 1,828 "
구로구,1943. 온수역 북측,202210, 563 , 539 
구로구,1946. 구로역 광장,202210," 3,417 "," 3,463 "
구로구,1951. 천왕이펜하우스 4단지 후문,202210, 412 , 223 
구로구,1952. 천왕연지타운2단지 앞,202210," 1,728 "," 2,296 "
구로구,1953. 천왕역 4번출구 뒤,202210," 1,825 "," 1,323 "
구로구,1955. 디지털입구 교차로,202210," 4,805 "," 4,822 "
구로구,1956. 동아1차APT105동 버스정류장(신도림중학교 방면),202210," 2,043 "," 2,062 "
구로구,1957. 구일고등학교 정문 ,202210," 2,114 "," 2,212 "
구로구,1958. 강서수도사업소민원센터,202210," 2,300 "," 2,363 "
구로구,1959. 구로구의회 앞,202210," 2,095 "," 2,279 "
구로구,1960. 구로거리공원 동측(신도림역 방면),202210," 1,666 "," 1,438 "
구로구,1961. 신도림테크노근린공원,202210," 5,996 "," 6,240 "
구로구,1962. 가리봉동주민센터,202210," 2,065 "," 1,990 "
구로구,1964. 원메디타운 앞,202210," 2,023 "," 2,051 "
구로구,1965. 삼환로즈빌아파트 105동 옆,202210," 1,538 "," 1,379 "
구로구,1966. 한마을아파트 정문상가,202210," 1,963 "," 1,966 "
구로구,1967. 참새공원(백곡경노당),202210, 550 , 547 
구로구,1968. 동인오피스텔 건너편 소공원,202210, 657 , 688 
구로구,1969. 궁동생태공원,202210, 420 , 385 
구로구,1971. 오정초교 앞 보도육교,202210, 509 , 447 
구로구,1973. 오리로와 서해안도로 교차로 앞,202210, 687 , 452 
구로구,1974. 신도림2차e편한세상아파트 203동 앞,202210," 2,003 "," 1,754 "
구로구,1975. 대림역 1번 출입구 밑,202210," 1,928 "," 1,932 "
구로구,1976. 남구로역 5번 출입구 앞,202210, 739 , 566 
구로구,1977. 천왕역 1번 출입구 앞,202210," 3,021 "," 2,622 "
구로구,1979. 구로1동우체국 앞,202210, 465 , 440 
구로구,1981. 천왕이펜하우스5단지 앞,202210," 1,149 "," 1,520 "
구로구,1983. 구로동롯데아파트,202210," 1,570 "," 1,403 "
구로구,1984. 구로구청,202210," 2,007 "," 2,297 "
구로구,1985. 구로도서관,202210," 4,655 "," 4,326 "
구로구,1986. 태평양물산빌딩,202210," 4,202 "," 4,389 "
구로구,1987. 개봉아이파크아파트 앞,202210," 1,477 "," 1,585 "
구로구,1988. 고척LIGA아파트 앞,202210," 2,678 "," 2,651 "
구로구,1991. 오류동역 맞은편,202210," 2,099 "," 2,370 "
구로구,1992. 구로구배드민턴실내체육관 앞,202210, 655 , 707 
구로구,1993. 금강수목원아파트 앞,202210, 909 , 939 
구로구,1994. 삼성전자 물류센터 앞,202210," 1,652 "," 1,629 "
구로구,1996. 구일역 1번 출입구 앞,202210," 3,043 "," 3,021 "
구로구,1998. 고척교 교차로,202210, 911 , 710 
구로구,1999. 수궁동 성당 주변,202210, 958 , 943 
구로구,2000. 신도림4차 e편한세상 아파트 1109동 앞,202210," 2,302 "," 1,943 "
구로구,2801. 대륭포스트타워1차,202210," 3,069 "," 3,050 "
구로구,2804.항동지구 6단지 602동 앞,202210, 366 , 419 
구로구,2805.구로자원순환센터 ,202210, 253 , 191 
구로구,2806.항동지구 4단지 입구,202210, 213 , 139 
구로구,2807.항동지구 1단지 105동 앞,202210, 276 , 275 
구로구,2808.항동지구 2단지 202동 앞,202210, 297 , 337 
구로구,2809.항동지구 11단지 1103동 앞,202210, 235 , 240 
구로구,2810.항동지구 3단지 311동 앞,202210, 156 , 206 
구로구,2812.항동프라자,202210, 657 , 684 
구로구,2813.항동지구 3단지 302동 앞,202210, 92 , 74 
구로구,2814.항동지구 10단지 1001동 앞,202210, 397 , 387 
구로구,2815.항동지구 7단지 정문,202210, 569 , 526 
구로구,2816.항동지구 8단지 803동옆(주차장입구),202210, 116 , 123 
구로구,2817.천왕이펜하우스5단지 앞,202210, 448 , 291 
구로구,2818.천왕이펜하우스3단지 앞,202210, 659 , 210 
구로구,2819.하늘숲초등학교 앞,202210," 1,022 "," 1,501 "
구로구,2820.신세기아파트 앞,202210," 1,140 "," 1,150 "
구로구,2821.청구아파트 앞,202210," 1,741 "," 1,787 "
구로구,2822.제니스스포츠 앞,202210, 593 , 592 
구로구,2823.중앙유통단지 앞,202210," 1,336 "," 1,323 "
구로구,2824.미래사랑어린이공원 앞,202210," 4,112 "," 4,088 "
구로구,2825.초롱타운 앞,202210, 497 , 471 
구로구,2826.가마산지하보도 옆,202210, 746 , 786 
구로구,3902. 항동지구5단지 501동 앞,202210, 375 , 401 
구로구,3903. 현대아파트 앞,202210, 737 , 733 
구로구,3904. 테크노마트 앞,202210," 3,612 "," 3,605 "
구로구,3905. 희훈타워빌 앞,202210," 2,462 "," 2,426 "
구로구,3906. 천왕차량사업소 입구,202210, 844 ," 1,102 "
구로구,3907. 신도림7차e편한세상아파트 806동 앞,202210," 1,888 "," 1,724 "
구로구,3908. 오류동 다숲오피스텔 앞,202210, 885 ," 1,178 "
구로구,3910. 목양전원교회 앞 로터리,202210, 319 , 449 
구로구,3911. 항동하버리안2단지아파트 후문,202210, 167 , 262 
구로구,3912. 삼호아파트 앞,202210, 777 , 739 
구로구,3914. 신도림쌍용플래티넘노블아파트 앞,202210," 2,391 "," 2,367 "
구로구,3915. 동선아파트 앞,202210, 249 , 247 
구로구,3917. 성공회대학교,202210, 828 , 485 
구로구,3918. 이좋은집오피스텔 앞,202210, 891 ," 1,088 "
구로구,3919. 구로역·NC신구로점 버스정류장(구로역 방면),202210," 2,161 "," 1,984 "
구로구,3920. 개봉역2번출구 B,202210, 429 , 467 
구로구,3922. 서울남부교정시설 앞,202210, 266 , 323 
구로구,3923. 구로공구상가 앞,202210, 518 , 489 
구로구,3924. 오류동 계림웨스트밸리 앞,202210, 196 , 154 
구로구,3925. 중앙유통단지 앞 B,202210, 639 , 632 
금천구,1804. 독산역 2번출구 자전거주차장,202210," 2,145 "," 2,147 "
금천구,1805. 서울디지털운동장 앞,202210," 1,269 "," 1,283 "
금천구,1806. 에이스하이엔드타워9차 앞,202210," 1,258 "," 1,254 "
금천구,1808. 에이스하이엔드타워8차 앞,202210," 1,695 "," 1,682 "
금천구,1809. LG전자 별관동(호서대 벤처타워 맞은편),202210," 1,031 "," 1,037 "
금천구,1812. 갑을그레이트밸리 앞,202210, 984 ," 1,027 "
금천구,1814. 두산위브아파트 옆 상가건물 앞,202210," 1,446 "," 1,454 "
금천구,1816. 금천폭포공원 앞,202210, 351 , 227 
금천구,1819. 금천구청 앞 자전거거치대,202210, 509 , 516 
금천구,1820. 신한은행 시흥대로금융센터지점,202210, 413 , 471 
금천구,1821. 홈플러스 시흥점 맞은편 다비치안경 앞,202210," 1,017 "," 1,269 "
금천구,1822. 서울 시흥동우체국 앞,202210, 811 , 865 
금천구,1823. 상신정비공업 앞,202210, 388 , 154 
금천구,1824. 독산근린공원 입구,202210," 2,194 "," 2,252 "
금천구,1825. 한신아파트 앞 육교 아래,202210, 817 , 848 
금천구,1826. 한신코아 앞,202210, 599 , 619 
금천구,1827. 독산보도육교 앞 자전거 보관소,202210," 2,412 "," 2,576 "
금천구,1828. 한양수자인아파트 앞,202210," 1,119 ", 684 
금천구,1829. 홈플러스 금천점 앞,202210," 1,129 "," 1,184 "
금천구,1830. 빅마켓 금천점 앞,202210," 2,347 "," 2,355 "
금천구,1831. 메이퀸웨딩컨벤션 앞,202210, 894 , 894 
금천구,1833. 독산역 1번출구 앞 자전거보관소,202210," 1,346 "," 1,438 "
금천구,1834. 월드메르디앙 벤처센터 2차,202210," 1,870 "," 1,874 "
금천구,1835. STX V타워,202210, 892 , 912 
금천구,1836. 금천구립 독산도서관,202210, 311 , 129 
금천구,1839. 수출의 다리 아래,202210," 1,079 "," 1,066 "
금천구,1840. 솔브레인이엔지 뒤편,202210," 1,361 "," 1,470 "
금천구,1841. 가산동 주민센터,202210," 2,250 "," 2,244 "
금천구,1842. 한울중학교,202210, 337 , 139 
금천구,1843. 독산고등학교,202210, 632 , 569 
금천구,1845. 롯데캐슬골드파크1차 서문,202210, 806 , 773 
금천구,1846. 롯데캐슬골드파크1차 동문,202210," 1,430 "," 1,380 "
금천구,1847. 독산주공 14단지 버스정류소,202210, 256 , 243 
금천구,1848. 벽산 디지털밸리 5차,202210," 2,160 "," 2,364 "
금천구,1849. 대륭포스트타워5차,202210, 557 , 567 
금천구,1850. 코오롱테크노밸리,202210, 415 , 400 
금천구,1851. 가산디지털단지 7번출구,202210," 3,954 "," 3,911 "
금천구,1853. 서울디자인직업전문학교 앞,202210, 636 , 569 
금천구,1854. 가산아네스트 오피스텔 앞,202210, 798 , 410 
금천구,1855. 성지아파트 옆 도로변,202210, 242 , 298 
금천구,1856. 모두의학교,202210," 1,043 ", 987 
금천구,1857. 주공14단지,202210, 351 , 387 
금천구,1858. 500번·507번 버스 종점 앞,202210, 374 , 423 
금천구,1859. 대륭테크노타운 18차,202210," 1,024 "," 1,014 "
금천구,1861.IBK기업은행 석수역 지점 앞,202210, 236 , 245 
금천구,1862.스타즈호텔독산 빌딩 앞,202210," 1,302 "," 1,172 "
금천구,1863.위너스 스포츠클럽 골프연습장옆,202210, 532 , 439 
금천구,1864.산호시티빌 옆,202210, 450 , 293 
금천구,1865.금천구청앞(M빌딩),202210, 465 , 475 
금천구,1866.서울안천초등학교 옆,202210, 324 , 360 
금천구,1867.대륭포스트타워6차 앞,202210," 5,964 "," 6,236 "
금천구,1868.우리은행 시흥남자동화점 앞,202210, 497 , 406 
금천구,1869.롯데캐슬골드파크3차 301동 앞,202210," 1,103 "," 1,105 "
금천구,1870.독산3동주민센터 앞,202210, 940 , 544 
금천구,3956. 대륭테크노타운21차 앞,202210," 1,171 "," 1,174 "
금천구,3958. 롯데캐슬2차 마을버스 정류장(18804) 뒤편,202210, 623 , 693 
금천구,3959. 시흥사거리(시흥동 994-3 앞),202210," 1,150 "," 1,347 "
금천구,3963. 에이스 하드웨어(시흥대로 396) 앞,202210," 1,056 "," 1,178 "
금천구,3966. 독산역1번출구 옆,202210," 2,879 "," 3,491 "
금천구,3967. 혜명양로원 담장 옆(2),202210, 574 , 481 
금천구,3969. 독산역 롯데캐슬 104동 앞,202210," 1,210 "," 1,251 "
금천구,3970. 시흥4동주민센터 앞,202210, 279 , 283 
금천구,3971. 순흥안씨묘 건너편,202210, 97 , 74 
금천구,3972. 산기슭공원 앞,202210, 197 , 192 
금천구,3973. 독산2동주민센터 앞,202210, 322 , 300 
금천구,3974.  안천중학교,202210, 354 , 474 
금천구,3975.현대시티아울렛 가산,202210," 1,741 "," 1,751 "
금천구,3977. 말미사거리,202210," 1,016 ", 994 
금천구,3980. 금천현대홈타운 후문 서부샛길,202210, 903 , 900 
금천구,3983. 금천구청역 1번 출구,202210," 1,109 "," 1,582 "
금천구,3984. 가산롯데아이티캐슬,202210," 1,489 "," 1,486 "
금천구,3985. 디폴리스 지식산업센터,202210," 1,142 "," 1,136 "
노원구,1601. 석계역 문화광장 내 자전거 보관소,202210," 6,098 "," 6,232 "
노원구,1602. 광운대역 앞,202210," 2,485 "," 2,650 "
노원구,1605. 헬스케어,202210," 1,942 "," 2,093 "
노원구,1606. 태릉입구역 3번출구 ,202210," 1,832 "," 1,845 "
노원구,1608. 공릉역 1번 출구 앞,202210," 4,626 "," 4,828 "
노원구,1610. 화랑대역 2번출구 앞,202210," 4,138 "," 4,450 "
노원구,1611. 과기대 입구(우),202210," 3,862 "," 3,871 "
노원구,1616. 하계2동 공항버스정류장 옆,202210," 2,618 "," 2,629 "
노원구,1617. 하계동 중평어린이공원 앞,202210," 2,997 "," 3,030 "
노원구,1619. 중계동 하나프라자빌딩 앞(중1-1),202210," 2,340 "," 2,320 "
노원구,1620. 중계동 노원구민체육센터 옆(중1-2),202210," 1,374 "," 1,358 "
노원구,1625. 상계역(4번출구),202210," 5,228 "," 5,190 "
노원구,1627. 수락산역 4번출구,202210," 1,538 "," 1,524 "
노원구,1628. 노일초등학교 앞,202210, 969 , 978 
노원구,1630. 수연빌딩 앞,202210," 1,469 "," 1,465 "
노원구,1634. 당고개공원 대여소,202210, 610 , 593 
노원구,1635. 상계3.4동 주민센터 대여소,202210, 417 , 346 
노원구,1636. 상계주공2단지 버스정류장 옆,202210," 2,852 "," 2,849 "
노원구,1637. KT 전화국 버스정류장 옆,202210," 5,968 "," 6,128 "
노원구,1639. 희성오피앙,202210," 1,725 "," 1,731 "
노원구,1640. 한내근린공원 북측,202210," 1,626 "," 1,702 "
노원구,1641. 한내근린공원 남측,202210," 1,134 "," 1,192 "
노원구,1642. 서울여대 남문,202210," 1,161 "," 1,001 "
노원구,1643. 태릉입구역 8번출구,202210," 3,074 "," 3,113 "
노원구,1646. 삼육대 입구,202210, 717 , 648 
노원구,1650. 중계근린공원내,202210," 4,251 "," 4,241 "
노원구,1651. 상계동 우방유쉘아파트 앞,202210," 1,465 "," 1,441 "
노원구,1652. 파르코 앞,202210, 522 , 523 
노원구,1653. 노원역1번출구,202210," 6,084 "," 6,272 "
노원구,1654. 당고개입구 오거리,202210," 1,109 "," 1,021 "
노원구,1655. 공릉1단지아파트,202210," 3,314 "," 3,334 "
노원구,1656. 중앙하이츠 아파트 입구,202210," 2,394 "," 2,348 "
노원구,1657. 노원구청 ,202210," 2,421 "," 2,458 "
노원구,1659. 중계동 을지중학교,202210, 839 , 775 
노원구,1660. 서울시립과학관,202210, 471 , 413 
노원구,1661. 당현천근린공원,202210," 2,083 "," 2,069 "
노원구,1662. 노원역7번출구,202210," 3,371 "," 3,644 "
노원구,1663. 동해문화예술관앞,202210," 3,867 "," 3,977 "
노원구,1664. 노해근린공원내,202210, 508 , 504 
노원구,1665. 양지근린공원앞,202210," 1,287 "," 1,148 "
노원구,1666. 노원소방서인근,202210," 1,089 ", 993 
노원구,1667. 중계중학교,202210," 1,926 "," 1,880 "
노원구,1668. 중계역 6번출구,202210," 2,350 "," 2,344 "
노원구,1669. 중계역 3번출구,202210," 2,592 "," 2,531 "
노원구,1670. 노원경찰서교차로,202210," 2,058 "," 1,987 "
노원구,1671. 인덕대학교,202210," 1,263 "," 1,330 "
노원구,1672. 상계동수락리버시티,202210, 979 , 989 
노원구,1674. 서울북부고용센터앞,202210," 4,410 "," 4,557 "
노원구,1675. 월계문화체육센터,202210, 240 , 199 
노원구,1677. 육군사관학교  앞,202210," 2,440 "," 2,505 "
노원구,1678. 성서대학교 밀알관,202210, 755 , 739 
노원구,1679. 삼육대 도서관,202210, 589 , 416 
노원구,1680. 삼육대 제3과학관,202210, 141 , 42 
노원구,1681. 현대6차 아파트,202210," 1,311 "," 1,208 "
노원구,1682. 중계종합사회복지관 교차로,202210, 979 , 977 
노원구,1683. 노원문화예술회관,202210," 2,073 "," 2,037 "
노원구,1684. 태릉입구역 5번출구,202210," 5,075 "," 5,084 "
노원구,1685. 불암고등학교 앞 횡단보도,202210," 1,799 "," 1,775 "
노원구,1686. 상계주공10단지 종합상가 앞,202210," 2,663 "," 2,637 "
노원구,1688. 마들역 7번출구,202210," 2,649 "," 2,671 "
노원구,1689. 마들역 3번출구,202210," 2,485 "," 2,529 "
노원구,1690. 도봉운전면허시험장 버스정류장 옆,202210," 2,401 "," 2,409 "
노원구,1691. 노원정보도서관,202210," 1,916 "," 1,902 "
노원구,1692. 온곡초교 교차로,202210," 3,226 "," 1,931 "
노원구,1693. 원자력 병원,202210, 623 , 336 
노원구,1696.수락리버시티4단지,202210, 929 , 927 
노원구,1697.상계주공2단지 219동,202210," 1,746 "," 1,719 "
노원구,2901.공릉동풍림아파트 101동,202210," 1,685 "," 1,796 "
노원구,2902.공릉풍림아파트 108동,202210," 1,334 "," 1,445 "
노원구,2903.월계초안아파트 1단지,202210, 606 , 631 
노원구,2904.중계3차청구아파트,202210," 1,484 "," 1,484 "
노원구,2907. 월계중학교,202210, 365 , 99 
노원구,2908. 광운대학교 중앙도서관,202210," 2,376 "," 2,362 "
노원구,2909. 석계역 3번 출구,202210," 2,088 "," 2,138 "
노원구,2910.도깨비시장,202210," 3,357 "," 3,445 "
노원구,2911.상계역중앙시장,202210," 1,619 "," 1,618 "
노원구,2912.대진고등학교,202210," 2,215 "," 2,102 "
노원구,2913.상계8동 주민센터,202210," 2,289 "," 2,398 "
노원구,2914.서울과학기술대학교(미래관),202210," 1,502 "," 1,655 "
노원구,2915.서울과학기술대학교(어학교육원),202210," 4,656 "," 4,135 "
노원구,2917.신창중학교 후문 맞은편 버스정류장,202210," 1,210 "," 1,356 "
노원구,2919.등나무 근린공원(시립북서울미술관 앞) ,202210," 4,617 "," 4,622 "
노원구,2920.상계중학교(당현2교사거리),202210," 1,076 "," 1,033 "
노원구,2921.중계역 2번출구,202210," 3,738 "," 3,995 "
노원구,4002. 상계주공 14단지 상가 앞,202210," 1,147 "," 1,246 "
노원구,4003. 상계초교 입구 교차로 명주빌딩 앞,202210," 2,354 "," 2,371 "
노원구,4004. 당고개입구오거리 당현천변,202210," 1,767 "," 1,729 "
노원구,4005. 중계2차 한화꿈에그린 101동 인근,202210," 1,328 "," 1,295 "
노원구,4007. 노원 을지대학교 병원,202210," 2,732 "," 2,792 "
노원구,4008. 하계 어린이 공원,202210," 2,496 "," 2,496 "
노원구,4009. 월계프라자,202210, 847 , 455 
노원구,4011. 월계 센트럴 아이파크,202210," 1,639 "," 2,022 "
노원구,4013. 중계 롯데마트,202210," 2,290 "," 2,271 "
노원구,4014. 당고개역 3번 출구,202210," 1,355 "," 1,345 "
노원구,4016. 노원 마들스타디움,202210," 1,578 "," 1,604 "
노원구,4017. 월계 청백1단지 아파트 정류장,202210, 635 , 264 
노원구,4018. 상계주공15단지 버스정류소,202210," 1,842 "," 1,850 "
노원구,4019. 상계주공10단지 버스정류소,202210," 1,716 "," 1,712 "
노원구,4020. 중계동 성모빌딩 앞 ,202210," 1,921 "," 1,914 "
노원구,4021. 중계본동 입구,202210, 228 , 166 
노원구,4023. 월계역 1번 출구,202210," 1,395 "," 1,588 "
노원구,4024. 꿈의숲 SK뷰 아파트,202210," 2,043 "," 2,084 "
노원구,4025. 한천교 동편,202210," 1,577 "," 1,696 "
노원구,4026. 상계주공1단지아파트,202210," 1,988 "," 1,988 "
노원구,4027. 한내 행복발전소 옆,202210," 3,979 "," 4,040 "
노원구,4028. 한일유앤아이아파트 105동 인근,202210," 1,380 "," 1,254 "
노원구,4029. 청소년수련관 후문,202210," 4,394 "," 4,484 "
노원구,4031. 청암예술학교 앞,202210," 1,611 "," 1,540 "
노원구,4032. 은행사거리 성모빌딩 앞,202210," 1,478 "," 1,466 "
노원구,4033. 녹천역 4번 출구 옆,202210, 781 , 825 
노원구,4034. 상계근린공원 운동장 앞,202210," 1,371 "," 1,537 "
노원구,4035. 휴플러스 수락한신아파트 101동 앞,202210, 696 , 681 
노원구,4036. 하계역 6번출구,202210," 2,387 "," 2,517 "
노원구,4037. 물넘이교,202210," 2,704 "," 2,658 "
노원구,4039. 서울시 북부여성발전센터,202210," 1,173 "," 1,163 "
노원구,4040. 공릉로 26길,202210," 1,536 "," 1,778 "
노원구,4041. 공릉역3번출구,202210," 2,904 "," 2,971 "
노원구,4042. 상계문화정보도서관,202210," 1,058 "," 1,056 "
노원구,4043. 상계주공13단지 1301동,202210, 434 , 369 
노원구,4044. 공릉산 백세문 입구,202210, 226 , 198 
노원구,4045. 은하수 공원,202210, 682 , 750 
노원구,5301. 상계주공1단지 버스정류장 옆(대원빌딩 앞),202210," 2,898 "," 2,931 "
노원구,5305. 대륜E&S 서울지사 앞,202210, 742 , 739 
노원구,5306. 동신아파트 후문 옆,202210," 4,697 "," 4,846 "
노원구,5308. 상계신동아아파트,202210, 156 , 105 
노원구,5309. 월계 롯데캐슬아파트 뒤,202210, 606 , 628 
노원구,5310. 목련아파트,202210, 837 , 789 
노원구,5311. 주공601동 상가 노원지하보도 앞,202210," 2,115 "," 2,144 "
노원구,5313. 중계주공2단지 앞,202210, 817 , 814 
노원구,5314. 월계1동주민센터 앞,202210, 991 , 995 
노원구,5315. 당고개역 앞,202210, 382 , 361 
노원구,5318. 극동의 푸른별 아파트 뒤(중계4동주민센터 앞),202210, 197 , 200 
도봉구,1702. 녹천역 1번출구 앞,202210, 954 , 985 
도봉구,1703. 도봉산광역환승센터앞 ,202210, 376 , 357 
도봉구,1705. 도봉구청 정문앞,202210," 1,986 "," 2,247 "
도봉구,1706. 방학동우체국 건너편,202210, 937 , 954 
도봉구,1707. 도봉구민회관,202210," 1,797 "," 1,784 "
도봉구,1708. 도봉보건소사거리,202210," 2,197 "," 2,213 "
도봉구,1709. 쌍문역4번출구 주변,202210," 1,308 "," 1,250 "
도봉구,1713. 쌍문동 이안아파트 앞,202210, 537 , 216 
도봉구,1714. 도봉문화정보도서관 삼거리,202210, 420 , 83 
도봉구,1715. 서울특별시교육청도봉도서관,202210," 1,427 "," 1,369 "
도봉구,1716. 창동역 1번출구 건너편,202210," 1,448 "," 1,481 "
도봉구,1717. 시립창동운동장 입구,202210, 495 , 443 
도봉구,1719. 신도봉사거리 버스정류장,202210," 1,080 "," 1,219 "
도봉구,1720. 도봉구청 옆(중랑천변),202210," 1,906 "," 1,896 "
도봉구,1721. 창동역 2번출구 ,202210," 4,990 "," 5,810 "
도봉구,1722. 창동청소년수련관,202210," 1,125 "," 1,083 "
도봉구,1723. 방학동학마을도서관,202210, 688 , 686 
도봉구,1725. 창1동주민센터,202210, 939 ," 1,048 "
도봉구,1726. 삼익세라믹아파트교차로,202210," 1,365 "," 1,304 "
도봉구,1727. 서울도봉초등학교인근,202210, 649 , 664 
도봉구,1728. 서울북부지방법원,202210, 377 , 371 
도봉구,1729. 도봉한신아파트 버스정류장,202210," 1,437 "," 1,453 "
도봉구,1730. 도봉산역 교차로 앞,202210, 302 , 294 
도봉구,1731. 도봉고등학교 맞은편,202210, 292 , 212 
도봉구,1732. 방학역사거리,202210, 718 , 812 
도봉구,1733. 방학사거리 (봄마당 앞),202210, 986 , 971 
도봉구,1734. 쌍문현대1차아파트 108동 앞,202210, 996 , 832 
도봉구,"1735. 도봉역 1,2번 출구사이 건너편",202210," 1,087 "," 1,107 "
도봉구,1736. 버스정류장 앞,202210, 625 , 385 
도봉구,1737. 신창시장,202210," 2,351 "," 2,564 "
도봉구,1738. 창동주공17단지 상가앞,202210," 2,712 "," 2,870 "
도봉구,1741. 제일강산수산입구,202210," 1,574 "," 1,456 "
도봉구,1742. 북한산 코오롱 하늘채,202210," 2,577 "," 2,585 "
도봉구,1743.창동19단지아파트 관리사무소앞,202210," 1,670 "," 1,652 "
도봉구,1744.도봉소방서 옆,202210," 2,347 "," 2,405 "
도봉구,1746. 방학남부역 버스정류장,202210," 1,108 "," 1,115 "
도봉구,1748. 방학역 1번출구,202210," 1,170 "," 1,226 "
도봉구,1749. ESA아파트 상가 앞,202210," 1,505 "," 1,653 "
도봉구,1750. 창포원 남쪽 입구,202210," 1,052 "," 1,171 "
도봉구,1751. 창원초등학교 교차로,202210," 1,015 ", 965 
도봉구,1752. 창동 주공 4단지 입구 옆,202210," 1,185 "," 1,245 "
도봉구,1754. 창동시장입구 사거리,202210," 1,144 "," 1,129 "
도봉구,1756.서울북부광역등기국,202210, 395 , 397 
도봉구,1757.솔밭공원역 1번출구 앞,202210, 644 , 605 
도봉구,1758.솔밭공원역 1번출구 주변,202210, 778 , 774 
도봉구,1759.서울북부지방법원 앞,202210, 760 , 792 
도봉구,1761.방학중학교 앞,202210, 531 , 453 
도봉구,1762.북한산 한신휴플러스APT앞,202210," 2,334 "," 2,170 "
도봉구,1765.쌍문역 1번출구 주변,202210," 1,513 "," 1,476 "
도봉구,1767.방학초등학교 앞,202210," 1,827 "," 2,148 "
도봉구,1768.신동아타워 버스정류소,202210, 652 , 688 
도봉구,1770.도봉한신아파트 주변,202210," 1,018 "," 1,016 "
도봉구,1771.성원APT버스정류소,202210, 801 , 737 
도봉구,1772.시립도봉노인복지관 버스정류소,202210, 947 , 867 
도봉구,1774.정의여중고 버스정류소,202210, 618 , 619 
도봉구,1775.신원리베르텔 앞,202210," 1,029 "," 1,043 "
도봉구,4054. 창동한신아파트 버스정류소,202210, 915 , 668 
도봉구,4058. 다락원체육공원 전망대 입구,202210, 592 , 634 
도봉구,4062. 평화도봉공원 주변,202210," 1,339 "," 1,376 "
도봉구,4064. 신창아파트 입구 앞,202210, 417 , 414 
도봉구,4065. 창동역 1번출구 앞,202210," 3,562 "," 3,800 "
도봉구,4073.방아골종합사회복지관,202210, 858 , 755 
도봉구,4074. 도봉구육아종합지원센터(창동),202210," 1,045 "," 1,271 "
도봉구,4076. 도봉통합복지센터 뒤 중랑천 변,202210," 2,258 "," 2,416 "
도봉구,4077. 도봉제1교,202210," 1,916 "," 2,055 "
도봉구,4078. 원당공원 앞,202210," 1,390 "," 1,384 "
도봉구,4080. 창동주공19단지앞 ,202210," 2,470 "," 2,508 "
도봉구,4083.도봉아이나라도서관 앞,202210," 1,178 "," 1,208 "
도봉구,4084. 도봉동실내스포츠센터,202210, 820 , 812 
도봉구,4086. 도봉로 534,202210, 340 , 253 
도봉구,4087. 우이교 교차로,202210," 2,126 "," 2,126 "
도봉구,4088. 김근태도서관,202210, 364 , 214 
도봉구,4089. 동부센트레빌 앞,202210," 1,032 "," 1,127 "
동대문구,4102. 휘경1동주민센터 앞,202210," 1,529 "," 1,531 "
동대문구,4103. 휘경sk뷰아파트 앞,202210, 899 , 904 
동대문구,4104. 외대앞역 교차로,202210," 1,497 "," 1,492 "
동대문구,4105. 서울교통공사사거리 교통섬,202210," 1,313 "," 1,393 "
동대문구,4107. 장안동근린공원 입구,202210," 1,016 "," 1,171 "
동대문구,4108. 답십리파크자이아파트 앞,202210," 3,184 "," 3,443 "
동대문구,4110. 용두롯데캐슬리치아파트 앞,202210," 1,724 "," 1,575 "
동대문구,4113. 한국국방연구원 앞,202210," 1,518 "," 1,593 "
동대문구,4114. 휘경여중고삼거리,202210," 1,804 "," 2,060 "
동대문구,4116. 이문e편한세상아파트 앞,202210, 635 , 822 
동대문구,4117. 휘경119안전센터 앞,202210," 1,406 "," 1,303 "
동대문구,4121. 서울문화재단 앞,202210," 2,093 "," 2,213 "
동대문구,4122. 청계9가교차로 앞,202210," 3,550 "," 3,586 "
동대문구,4123. 배봉초교 교차로,202210," 1,259 "," 1,285 "
동대문구,4125. 회기역 2-①번출구,202210," 2,860 "," 2,869 "
동대문구,4128.  종암초등학교 뒤(새울센스빌),202210, 180 , 168 
동대문구,4131. 베네스트 오피스텔 앞,202210, 69 , 66 
동대문구,600. 휘경2동 주민센터,202210, 525 , 448 
동대문구,601. 용신동주민센터,202210," 1,195 "," 1,174 "
동대문구,602. 장안동 사거리,202210," 5,560 "," 6,016 "
동대문구,604. 답십리초등학교 옆 공원,202210, 451 , 482 
동대문구,605. 신설동역8번출구,202210," 1,857 "," 1,884 "
동대문구,606. 휘경공고앞,202210, 590 , 603 
동대문구,607. 신이문역 2번출구,202210, 956 ," 1,084 "
동대문구,608. 전농삼성아파트,202210, 305 , 304 
동대문구,609. 제기2교,202210," 2,016 "," 2,003 "
동대문구,610. 동대문중 교차로,202210," 1,419 "," 1,343 "
동대문구,612. 시립동부병원 앞 사거리,202210," 2,957 "," 2,955 "
동대문구,613. 신설동역 10번출구 앞,202210," 2,885 "," 2,938 "
동대문구,614. 용두동 사거리,202210," 3,293 "," 3,258 "
동대문구,615. 용두동 래미안허브리츠아파트 앞,202210," 1,828 "," 1,796 "
동대문구,616. 서울시립대 앞,202210, 211 , 129 
동대문구,617. 청솔우성아파트 앞,202210," 1,823 "," 2,004 "
동대문구,621. 동대문중학교 옆,202210, 522 , 409 
동대문구,622. 전농사거리 교통섬,202210," 1,758 "," 1,743 "
동대문구,623. 서울시립대 정문 앞,202210," 2,113 "," 1,785 "
동대문구,624. 전농동 동아아파트 앞,202210," 2,023 "," 2,145 "
동대문구,626. 군자교 서측 녹지대,202210," 2,341 "," 2,364 "
동대문구,627. 장안동삼거리 교통섬,202210," 1,589 "," 1,647 "
동대문구,628. 휘봉고등학교 앞,202210," 1,318 "," 1,370 "
동대문구,630. 동대문구 보건소,202210," 3,079 "," 3,268 "
동대문구,631. 답십리역 1번출구,202210," 5,149 "," 5,249 "
동대문구,633. 청량리 기업은행 앞,202210," 3,557 "," 3,837 "
동대문구,634. 외국어대 정문 앞,202210," 4,152 "," 4,175 "
동대문구,635. 시조사 앞,202210, 276 , 269 
동대문구,636. 세종대왕기념관 교차로,202210, 800 , 823 
동대문구,637. KAIST 경영대학 앞,202210," 1,365 "," 1,220 "
동대문구,638. 서울시립대 정보기술관,202210, 899 , 668 
동대문구,639. 서울시립대 후문,202210," 1,005 ", 725 
동대문구,640. 동대문경찰서 교차로,202210," 1,418 "," 1,493 "
동대문구,641. 용두역 4번출구,202210," 3,260 "," 3,321 "
동대문구,642. 신답역 사거리,202210," 2,317 "," 2,375 "
동대문구,643. 동대문구민체육센터 (육교아래),202210," 2,846 "," 3,113 "
동대문구,646. 장한평역 1번출구,202210," 6,282 "," 7,700 "
동대문구,647. 신이문역 1번출구,202210," 1,187 "," 1,287 "
동대문구,648. 장안동위더스빌옆,202210," 3,760 "," 3,843 "
동대문구,650. 중랑교사거리,202210," 1,712 "," 1,563 "
동대문구,652. 답십리 래미안엘파인아파트 입구,202210," 1,006 "," 1,008 "
동대문구,654. 전농동 텃골공원,202210, 825 , 822 
동대문구,656. 영휘원 교차로,202210," 1,211 "," 1,261 "
동대문구,657. 동대문롯데캐슬아파트 앞,202210," 2,301 "," 2,330 "
동대문구,659. 제기역1번출구,202210," 3,662 "," 3,552 "
동대문구,660. 동의보감타워,202210," 2,453 "," 2,497 "
동대문구,661. 경희대학교 청운관,202210," 1,647 "," 1,647 "
동대문구,663. 외대앞역 4번출구,202210," 2,037 "," 2,033 "
동대문구,664. 서울시립대 건설공학관,202210, 932 , 839 
동대문구,665.이문동 쌍용아파트 정문,202210," 1,132 "," 1,357 "
동대문구,666.이문대성유니드아파트 앞,202210, 834 , 896 
동대문구,667.청량차도 육교 밑,202210, 833 , 679 
동대문구,668.서울축산농협(장안지점),202210," 4,525 "," 4,821 "
동대문구,669.청계한신휴플러스앞 삼거리,202210," 1,767 "," 1,837 "
동대문구,670.삼육서울병원 버스정류장,202210," 3,663 "," 3,690 "
동대문구,671.대광빌딩,202210, 738 , 746 
동대문구,672.대광고등학교,202210," 1,258 "," 1,357 "
동대문구,673.안암골벽산아파트(후문),202210," 1,384 "," 1,360 "
동대문구,674.고대앞사거리 교통섬,202210," 1,980 "," 1,915 "
동대문구,676.FITI시험연구원 앞,202210," 1,100 "," 1,098 "
동대문구,678.장안힐스테이트(아) 앞,202210," 2,604 "," 2,840 "
동대문구,679.전농SK아파트 앞,202210, 426 , 429 
동대문구,680.꿈마루어린이도서관 앞,202210," 3,306 "," 3,164 "
동대문구,681.서울특별시 동부교육지원청(육교),202210, 364 , 351 
동작구,2002. 노들역 1번출구,202210," 4,674 "," 5,268 "
동작구,2003. 사육신공원앞,202210," 1,672 "," 1,738 "
동작구,2007. 유한양행앞,202210," 2,299 "," 2,408 "
동작구,2008. 노량진근린공원 대방공원,202210, 632 , 494 
동작구,2009. 보라매역 8번출구,202210," 1,555 "," 1,566 "
동작구,2012. 대림사거리(동작상떼빌아파트),202210," 1,321 "," 1,350 "
동작구,2013. 장승배기역 5번출구,202210," 2,182 "," 1,974 "
동작구,2015. 신대방삼거리역 6번출구쪽,202210," 3,727 "," 3,974 "
동작구,2016. 신대방삼거리역 3번출구쪽,202210, 10 , 10 
동작구,2020. 장승배기역2번출구뒷편쪽,202210, 995 , 996 
동작구,2024. 상도역 1번출구,202210, 721 , 597 
동작구,2025. 흑석역 1번출구,202210," 3,179 "," 3,524 "
동작구,2026. 흑석역 4번출구,202210, 883 , 901 
동작구,2027. 중앙대학교 정문 1,202210, 889 , 998 
동작구,2032. 이수역 11번출구쪽,202210," 2,349 "," 2,721 "
동작구,2033. 사당동 아르테스 웨딩앞,202210," 1,503 "," 1,566 "
동작구,2034. 사당역 7번출구쪽,202210," 1,066 "," 1,062 "
동작구,2036. 정금마을 마을버스정류장,202210," 1,031 "," 1,055 "
동작구,2037. 동작역 5번출구 동작주차공원,202210, 827 , 781 
동작구,2038. 동작역 7번출구,202210, 354 , 308 
동작구,2040. 비계 버스정류소,202210, 181 , 187 
동작구,2041. 사당중학교 버스정류소,202210, 420 , 410 
동작구,2048. 삼일초등학교 인근,202210, 536 , 527 
동작구,2050. 노량진역 5번출구,202210," 4,521 "," 5,062 "
동작구,2054. 삼익아파트,202210," 1,992 "," 1,996 "
동작구,2056. 동작구민 체육센터,202210," 1,638 "," 1,594 "
동작구,2057. 상도 아이파크 아파트,202210, 342 , 244 
동작구,2058. 동작경찰서,202210," 3,374 "," 3,678 "
동작구,2059. 보라매공원 정문,202210," 2,143 "," 2,194 "
동작구,2060. 남성역3번출구 뒤,202210," 2,068 "," 2,484 "
동작구,2061. 한강 현대아파트 건너편,202210, 148 , 112 
동작구,2062. 사당새마을금고,202210, 604 , 587 
동작구,2064. 흑석한강푸르지오 106동앞,202210, 129 , 79 
동작구,2065. 서울시여성가족재단,202210, 810 , 808 
동작구,2066. 양문교회 앞,202210," 1,376 "," 1,417 "
동작구,2067. 보라매역․동작세무서 버스정류장(강남중학교방면),202210," 1,934 "," 1,948 "
동작구,2068. 총신대 앞(육교),202210, 287 , 125 
동작구,2069. 숭실대 입구역3번 출구 앞,202210, 841 , 633 
동작구,2070. 노량진역 2번 출구 앞,202210," 2,472 "," 2,684 "
동작구,2071. 대림아파트 후문 상가 옆,202210, 635 , 206 
동작구,2077.노들역 3번출구,202210," 1,679 "," 1,844 "
동작구,2078.흑석 아크로리버하임(103동),202210, 219 , 95 
동작구,2079.중앙대학교 중앙광장,202210, 241 , 226 
동작구,2080. 대방지하보도(대방동경남아너스빌아파트),202210," 2,695 "," 2,765 "
동작구,2082.7호선 이수역7번출구,202210," 1,133 "," 1,136 "
동작구,2083.흑석롯데캐슬에듀포레(107동),202210, 403 , 398 
동작구,2084.e편한세상 상도노빌리티 앞,202210, 910 , 754 
동작구,2085.강남중학교 앞,202210," 1,465 "," 1,446 "
동작구,2086.삼일수영장 앞,202210," 1,409 "," 1,098 "
동작구,2088.상도중앙하이츠빌 입구,202210, 580 , 501 
동작구,2089.사당역10번출구(금강빌딩),202210," 1,489 "," 1,665 "
동작구,2090.기아자동차 사당점 앞,202210," 1,700 "," 1,732 "
동작구,2091. 이수역9번출구,202210," 1,486 "," 1,527 "
동작구,2092.흑석한강푸르지오(110동),202210, 219 , 39 
동작구,2093.상도SH빌아파트 입구,202210, 233 , 54 
동작구,2094.숭실대학교(중문) ,202210, 640 , 104 
동작구,2095.경문고등학교 앞,202210," 1,079 "," 1,197 "
동작구,2096.서울특별시 동작관악교육지원청,202210, 87 , 22 
동작구,237. 보라매 두산위브 건너편,202210," 2,115 "," 2,151 "
동작구,4152. 상도효성해링턴플레이스,202210, 703 , 580 
동작구,4153. 흑석동효사정앞,202210, 301 , 222 
동작구,4158. 노량진근린공원,202210, 380 , 202 
동작구,4162. 노량진1동 청소년독서실,202210, 321 , 90 
동작구,4167. 구로교 아래,202210," 2,086 "," 1,715 "
동작구,4169. 신대방삼거리,202210," 2,662 "," 2,763 "
동작구,4171. 우성아파트 앞,202210," 3,474 "," 3,666 "
동작구,4173. 중대후문 마을버스정류장,202210, 916 , 911 
동작구,4175. 대방역2번출구,202210," 1,697 "," 1,871 "
동작구,4177. 롯데캐슬 101동 앞,202210, 319 , 268 
동작구,4178. 이수성결교회 옆,202210, 214 , 209 
동작구,4179. 보라매병원역 1번출구,202210," 4,934 "," 4,978 "
동작구,4180. 흑석동주민센터 입구,202210, 393 , 446 
동작구,4181. 보라매공원역 2번출구,202210," 1,151 "," 1,151 "
마포구,102. 망원역 1번출구 앞,202210," 4,739 "," 4,818 "
마포구,103. 망원역 2번출구 앞,202210," 3,746 "," 3,931 "
마포구,104. 합정역 1번출구 앞,202210," 2,216 "," 1,860 "
마포구,105. 합정역 5번출구 앞,202210," 1,304 "," 1,254 "
마포구,106. 합정역 7번출구 앞,202210," 3,868 "," 3,858 "
마포구,107. 신한은행 서교동지점,202210," 2,477 "," 2,852 "
마포구,108. 서교동 사거리,202210," 2,419 "," 2,520 "
마포구,109. 제일빌딩 앞,202210," 1,726 "," 1,720 "
마포구,111. 상수역 2번출구 앞,202210," 1,478 "," 1,476 "
마포구,112. 극동방송국 앞,202210," 1,979 "," 1,973 "
마포구,113. 홍대입구역 2번출구 앞,202210," 7,176 "," 8,582 "
마포구,114. 홍대입구역 8번출구 앞,202210," 3,244 "," 3,232 "
마포구,118. 광흥창역 2번출구 앞,202210, 992 ," 1,017 "
마포구,119. 서강나루 공원,202210," 2,146 "," 2,209 "
마포구,120. 신수동 사거리,202210, 582 , 585 
마포구,121. 마포소방서 앞,202210, 970 , 974 
마포구,122. 신성기사식당 앞,202210," 1,037 "," 1,048 "
마포구,124. 서강대 정문 건너편,202210," 1,384 "," 1,269 "
마포구,125. 서강대 남문 옆,202210," 1,404 "," 1,413 "
마포구,126. 서강대 후문 옆,202210," 1,373 "," 1,375 "
마포구,127. 현대벤처빌 앞,202210, 338 , 335 
마포구,129. 신촌역(2호선) 6번출구 옆,202210," 1,079 "," 1,076 "
마포구,130. 신촌역(2호선) 7번출구 앞,202210," 2,679 "," 2,674 "
마포구,142. 아현역 4번출구 앞,202210, 695 , 696 
마포구,143. 공덕역 2번출구,202210," 1,539 "," 1,590 "
마포구,144. 공덕역 8번출구,202210," 3,741 "," 3,998 "
마포구,145. 공덕역 5번출구,202210," 1,486 "," 1,592 "
마포구,146. 마포역 2번출구 뒤,202210," 3,737 "," 3,893 "
마포구,147. 마포역 4번출구 뒤,202210," 3,876 "," 4,391 "
마포구,148. 용강동 주민센터 앞,202210," 2,140 "," 2,316 "
마포구,150. 서강대역 2번출구 앞,202210," 1,132 "," 1,134 "
마포구,153. 성산2교 사거리,202210," 2,506 "," 2,549 "
마포구,154. 마포구청역 ,202210," 3,379 "," 3,751 "
마포구,155. 가좌역1 번출구 앞,202210," 1,346 "," 1,292 "
마포구,156. 서울서부지방법원 앞,202210," 1,130 "," 1,140 "
마포구,157. 애오개역 4번출구 앞,202210," 2,059 "," 2,096 "
마포구,181. 망원초록길 입구,202210," 1,589 "," 1,596 "
마포구,182. 망원2빗물펌프장 앞,202210," 1,438 "," 1,445 "
마포구,183. 하늘채코오롱아파트 건너편,202210," 2,995 "," 2,871 "
마포구,184. 7번가피자 서교망원점,202210," 3,587 "," 3,911 "
마포구,185. 마포 신수공원 앞,202210," 1,144 "," 1,014 "
마포구,186. 월드컵공원,202210," 3,587 "," 3,575 "
마포구,199. 서울 월드컵 경기장,202210," 1,471 ", 994 
마포구,3002.벽산상암스마트큐브 ,202210," 4,048 "," 4,113 "
마포구,3003.래미안신공덕3차아파트,202210, 117 , 78 
마포구,3005.마포구청 청사내,202210, 403 , 386 
마포구,3006. 상암월드컵파크5단지(상암중학교),202210, 539 , 546 
마포구,3007.MBC 앞,202210," 1,052 "," 1,053 "
마포구,3008.DMC역7번출구,202210, 894 , 732 
마포구,3009.서교동사거리(신),202210," 2,597 "," 2,754 "
마포구,3010.홍대입구역 3번출구,202210," 5,013 "," 5,029 "
마포구,3011.경의선(노고산동),202210," 1,971 "," 1,980 "
마포구,400. 상암한화오벨리스크 1차 앞,202210," 1,672 "," 1,698 "
마포구,401. 상암월드컵파크 10단지 앞,202210," 1,274 "," 1,260 "
마포구,402. 상암월드컵파크 9단지 앞,202210," 1,010 "," 1,009 "
마포구,403. 부엉이공원 앞,202210," 1,352 ", 733 
마포구,405. DMC빌 앞,202210," 1,103 "," 1,106 "
마포구,406. 상암월드컵파크 7단지 앞,202210, 918 , 889 
마포구,407. 마포구 육아종합지원센터,202210," 1,066 "," 1,080 "
마포구,408. LG CNS앞,202210," 1,199 "," 1,152 "
마포구,409. 누리꿈스퀘어 옆,202210," 3,052 "," 3,097 "
마포구,410. 상암중학교 옆,202210, 339 , 325 
마포구,411. DMC홍보관,202210," 2,105 "," 2,142 "
마포구,412. DMC산학협력연구센터 앞,202210," 1,918 "," 1,910 "
마포구,413. 상암월드컵파크 3단지 후문,202210," 1,003 "," 1,027 "
마포구,414. 상암동주민센터 옆,202210," 2,886 "," 2,959 "
마포구,415. DMC역 9번출구 앞,202210," 3,667 "," 3,539 "
마포구,416. 상암월드컵파크 1단지 교차로,202210," 1,048 ", 752 
마포구,417. DMC역 2번출구 옆,202210," 2,510 "," 2,117 "
마포구,418. 월드컵경기장역 3번출구 옆,202210," 3,354 "," 3,365 "
마포구,419. 홈플러스 앞,202210," 3,797 "," 3,649 "
마포구,420. 서울시 공공자전거 상암센터,202210," 2,344 "," 1,907 "
마포구,4202. 프런트원(공덕역4번출구 앞),202210," 1,092 "," 1,096 "
마포구,4206. 광흥창역5번출구,202210, 793 , 762 
마포구,4207. 아만티호텔 앞,202210, 734 , 745 
마포구,4208. 스타벅스(동교동) 앞,202210," 1,279 "," 1,318 "
마포구,421. 마포구청 앞,202210," 2,505 "," 2,511 "
마포구,4210. 가좌행복주택 앞,202210," 1,510 "," 1,501 "
마포구,4211. 시석빌딩 앞,202210," 1,195 "," 1,194 "
마포구,4212. 한화오벨리스크 앞,202210, 938 , 910 
마포구,4213. 마포구중앙도서관 정문 앞,202210," 2,877 "," 2,701 "
마포구,4214. JTBC 앞,202210," 1,375 "," 1,387 "
마포구,4216. 망원정 앞,202210," 1,037 "," 1,082 "
마포구,4217. 한강공원 망원나들목,202210," 13,783 "," 14,963 "
마포구,4218. 디지털매직스페이스,202210," 2,892 "," 2,920 "
마포구,422. 문화비축기지,202210, 765 , 791 
마포구,4220. 신촌 청년주택,202210," 2,362 "," 2,384 "
마포구,4221. 솔리스타오피스텔(공덕동주민센터),202210, 747 , 205 
마포구,4222. 서울디자인고등학교 앞,202210," 2,009 "," 2,124 "
마포구,4224. 서부운전면허시험장,202210," 1,107 "," 1,152 "
마포구,4226. 마포프레스티지자이 1,202210," 1,025 "," 1,020 "
마포구,4233. 코오롱아파트사거리,202210," 4,321 "," 4,367 "
마포구,4234. 에스테반,202210, 413 , 333 
마포구,4238. 상암한샘빌딩앞,202210," 1,325 "," 1,332 "
마포구,4239. 성산2동 주민센터 ,202210, 362 , 316 
마포구,424. 롯데하이마트 (상암월드컵점) ,202210, 625 , 577 
마포구,4240. 아현문화건강센터,202210, 57 , 26 
마포구,4244. 당인리발전소 공원 앞,202210," 1,172 "," 1,186 "
마포구,4246. 상수역새마을금고,202210, 859 , 860 
마포구,4247. 서울서부지방법원등기국앞,202210, 474 , 473 
마포구,4248. 신촌 교보빌딩,202210, 511 , 474 
마포구,425. DMC첨단산업센터,202210, 703 , 703 
마포구,4251. 공덕역 경의선숲길 커뮤니티센터,202210, 807 , 844 
마포구,426. 서울신용보증재단,202210," 1,868 "," 1,883 "
마포구,427. 성산시영아파트,202210," 1,393 "," 1,449 "
마포구,432. 마포중앙도서관,202210, 327 , 92 
마포구,436. 이대역 5번출구,202210, 813 , 354 
마포구,437. 대흥역 1번출구,202210," 1,511 "," 1,524 "
마포구,438. 성산2-1 공영주차장,202210," 1,918 "," 1,782 "
마포구,439. 마포어린이공원,202210," 3,051 "," 3,156 "
마포구,440. 하늘공원 입구,202210," 1,828 "," 1,783 "
마포구,487.신석초교앞 교차로 교통섬,202210," 2,731 "," 2,891 "
마포구,488.푸르메병원,202210," 2,100 "," 2,130 "
마포구,489.구룡근린공원,202210, 573 , 387 
마포구,490.가온문화공원,202210," 1,946 "," 1,960 "
마포구,491.월드컵파크 4단지,202210, 503 , 476 
마포구,492.성산시영아파트 후문,202210," 2,106 "," 2,183 "
마포구,493.홍대입구역 6번출구,202210," 2,453 "," 2,446 "
마포구,494.신수동주민센터,202210, 534 , 532 
마포구,495.염리초등학교 앞,202210," 1,367 "," 1,559 "
마포구,497.합정동주민센터 앞,202210," 2,960 "," 2,535 "
마포구,498.연남동주민센터 앞,202210," 3,613 "," 3,732 "
마포구,5503. 마포아트센터 앞,202210," 1,169 "," 1,153 "
서대문구,115. 마스타 빌딩 앞,202210," 1,044 ", 855 
서대문구,116. 일진아이윌아파트 옆,202210," 2,175 "," 2,169 "
서대문구,117. 홍은사거리,202210," 3,914 "," 3,912 "
서대문구,123. 문화촌 공원,202210," 2,353 "," 2,391 "
서대문구,128. 신촌역(2호선) 1번출구 옆,202210," 1,707 "," 1,713 "
서대문구,131. 증산2교,202210," 3,056 "," 3,403 "
서대문구,133. 해담는다리,202210," 2,820 "," 3,219 "
서대문구,134. 연세로 명물길,202210," 1,210 "," 1,204 "
서대문구,135. 명물길 원형무대 앞,202210, 876 , 876 
서대문구,137. 신촌기차역입구 교차로,202210, 591 , 370 
서대문구,138. 신촌동 제1공영주차장 앞,202210," 1,185 "," 1,185 "
서대문구,139. 연세대 정문 건너편,202210, 368 , 317 
서대문구,140. 이화여대 후문,202210," 1,028 ", 956 
서대문구,141. 연대 대운동장 옆,202210, 780 , 651 
서대문구,159. 이대역 4번 출구,202210, 366 , 306 
서대문구,160. 북아현동 가구거리,202210, 702 , 574 
서대문구,161. 무악재역1번 출구,202210, 622 , 548 
서대문구,162. 봉원고가차도 밑,202210," 1,004 ", 378 
서대문구,163. 명지전문대학교 정문 앞,202210, 685 , 660 
서대문구,164. 북가좌1동 주민센터 ,202210, 472 , 376 
서대문구,165. 중앙근린공원,202210," 1,469 "," 1,179 "
서대문구,166. 가재울 초등학교,202210," 2,080 "," 2,066 "
서대문구,167. 연가초등학교 옆,202210, 740 , 185 
서대문구,169. 북가좌 삼거리,202210, 680 , 598 
서대문구,170. DMC파크뷰자이아파트 302동 앞,202210," 1,514 "," 1,471 "
서대문구,171. 임광빌딩 앞,202210, 464 , 472 
서대문구,173. 서대문역 8번출구 앞,202210, 462 , 467 
서대문구,175. 홍연2교옆,202210," 1,861 "," 1,860 "
서대문구,176. 명지대학교 도서관,202210," 3,047 "," 3,178 "
서대문구,177. 북가좌 초등학교,202210," 1,069 "," 1,076 "
서대문구,178. 증산3교 앞,202210," 1,875 "," 1,927 "
서대문구,179. 가좌역 4번출구 앞,202210," 2,113 "," 2,135 "
서대문구,180. 충정로역 7번출구 아래,202210, 840 , 604 
서대문구,188. 홍은동 정원여중 입구,202210," 1,126 "," 1,113 "
서대문구,191. 서우빌딩,202210," 1,561 "," 1,661 "
서대문구,192. 연서어린이공원,202210, 805 , 813 
서대문구,194. 증산교 앞,202210," 2,326 "," 2,342 "
서대문구,195. 모래내고가차도 ,202210, 954 , 933 
서대문구,196. 연희교차로 인근,202210, 616 , 453 
서대문구,198. 충정2교,202210, 678 , 539 
서대문구,3100. 북성초교,202210, 321 , 313 
서대문구,3101. 서대문구청,202210, 734 , 709 
서대문구,3102. 연희삼거리,202210," 1,499 "," 1,495 "
서대문구,3103. 홍제삼거리 북측,202210," 1,358 "," 1,341 "
서대문구,3104. e편한세상 신촌4단지 앞,202210, 839 , 842 
서대문구,3105. 홍은센트레빌 아파트 앞,202210, 405 , 143 
서대문구,3107. 연희초등학교 앞,202210, 486 , 492 
서대문구,3109.북한산더샾 106동 앞,202210, 415 , 415 
서대문구,3110.홍은 현대아이파크 아파트 202동 앞,202210," 1,016 ", 997 
서대문구,3111.무악재역 4번 출구,202210, 38 , 32 
서대문구,3113.독립문역사거리,202210, 698 , 705 
서대문구,3114.충정로역 3번 출구,202210, 340 , 278 
서대문구,3115.북아현 치안센터 인근,202210, 757 , 761 
서대문구,3116.신촌역 4번출구,202210, 887 , 887 
서대문구,3117.이화여대 인문관 인근,202210, 408 , 407 
서대문구,3119.연희 브라운스톤 아파트 앞,202210," 2,091 "," 2,101 "
서대문구,3120.DMC엘가아파트 앞,202210," 1,596 "," 1,557 "
서대문구,3121.가좌삼거리,202210," 1,543 "," 1,518 "
서대문구,3122.북가좌삼거리2,202210, 884 , 876 
서대문구,3123.DMC파크뷰자이1단지 110동 앞,202210," 1,158 "," 1,094 "
서대문구,3125.연희파크푸르지오아파트 앞,202210," 1,555 "," 1,567 "
서대문구,3126.남가좌동 제2공영주차장,202210, 350 , 342 
서대문구,3127.홍은2파출소 옆,202210, 712 , 720 
서대문구,3128.동신병원 맞은편,202210," 1,240 "," 1,241 "
서대문구,3129.DMC래미안e편한세상203동옆,202210, 765 , 724 
서대문구,3130.가재울사거리,202210, 854 , 511 
서대문구,3131.연가교 교차로,202210," 1,287 "," 1,242 "
서대문구,3132.홍제교,202210, 876 , 856 
서대문구,3134.SK리쳄블(상수도사업본부),202210, 519 , 509 
서대문구,4253. 홍은도담도서관,202210, 800 , 780 
서대문구,4255. 래미안 루센티아 아파트 108동 앞,202210," 1,593 "," 1,273 "
서대문구,4262. 서대문자연사박물관 입구,202210, 308 , 291 
서대문구,4264. 홍남교 버스정류장,202210, 846 , 860 
서대문구,4265. 안산초등학교 앞,202210, 135 , 130 
서대문구,4266.국민연금공단충정로사옥,202210, 273 , 221 
서대문구,4267. 서대문역 2번 출구,202210," 1,671 "," 1,674 "
서대문구,4269. 연희IC 남측,202210, 760 , 728 
서대문구,4270. 우국한마음 아파트 맞은편,202210, 830 , 845 
서대문구,4271. 충정로역 1번 출구,202210, 316 , 225 
서대문구,4272. 홍남교 사거리,202210," 1,388 "," 1,430 "
서대문구,4273. 홍연2교 사거리,202210, 518 , 531 
서대문구,4274. 신촌 파랑고래 입구,202210, 641 , 638 
서초구,2201. 본마을 정류소 앞,202210, 82 , 74 
서초구,2202.청계산입구역 1번출구,202210," 1,470 "," 1,371 "
서초구,2203. 청계산입구역 2번출구,202210, 397 , 274 
서초구,2205. 내곡3단지 어린이공원 앞,202210, 677 , 660 
서초구,2206. 언남초등학교 앞,202210," 1,112 "," 1,078 "
서초구,2207. 내곡파출소 뒤 정자,202210, 210 , 147 
서초구,2210. 반포1동 주민센터 앞,202210, 351 , 303 
서초구,2211. 서초구립반포도서관 앞,202210," 1,984 "," 1,982 "
서초구,2212.서초현대4차아파트 201동 맞은편,202210, 872 , 877 
서초구,2213. 고속터미널역 5번출구 앞,202210, 871 , 713 
서초구,2214. 신반포역 2번출구 앞,202210, 985 , 995 
서초구,2215. 반포종합운동장 입구,202210," 1,072 "," 1,095 "
서초구,2217.아크로리버뷰 부지 앞,202210," 2,588 "," 2,705 "
서초구,"2219. 고속터미널역 8-1번, 8-2번 출구 사이",202210," 5,184 "," 5,197 "
서초구,2220. 반포본동 주민센터 앞,202210," 1,838 "," 1,966 "
서초구,2221. 방일초교 마을버스 정류장,202210," 1,470 "," 1,627 "
서초구,2222.사당역 12번출구 뒤,202210," 2,759 "," 3,044 "
서초구,2223. 방배래미안 정문 앞,202210, 480 , 538 
서초구,2225.백석예술대학교 제3캠퍼스 앞,202210, 252 , 146 
서초구,2226. 신동아럭스빌아파트 앞,202210, 72 , 15 
서초구,2227.방배열린문화센터 앞,202210, 868 , 900 
서초구,2228.뒷벌공원 옆,202210," 1,340 "," 1,550 "
서초구,2229.로고스교회 맞은 편,202210, 820 , 905 
서초구,2230.이수역 4번 출구,202210," 2,233 "," 2,308 "
서초구,2231. 삼성타운(삼성생명) A동 맞은편,202210," 2,117 "," 2,119 "
서초구,2233. 서초신동아1차아파트 옆,202210, 922 , 849 
서초구,2235.KT 서초지사 앞,202210, 483 , 278 
서초구,2237.서울남부터미널 대합실 입구,202210," 1,033 ", 698 
서초구,2239.교대역 6번출구,202210," 1,127 "," 1,132 "
서초구,2241.양재전화국 사거리,202210, 459 , 458 
서초구,2242.양재역 11번 출구 앞,202210, 900 , 902 
서초구,2243.서울가정법원,202210, 932 , 656 
서초구,2244.교육개발원입구 교차로,202210," 1,690 "," 1,678 "
서초구,2245.양재초등학교 맞은편,202210," 1,103 "," 1,127 "
서초구,2246. 서울시 품질시험소 앞,202210, 753 , 773 
서초구,2247.섬들근린공원,202210," 1,514 "," 1,533 "
서초구,2248. 서초리슈빌S 글로벌 앞,202210, 231 , 229 
서초구,2249. 우솔초등학교 맞은편,202210, 336 , 332 
서초구,2250. 서초유치원 맞은편,202210, 757 , 767 
서초구,2251. 더케이호텔 입구(양재2) ,202210," 1,221 "," 1,224 "
서초구,2252. 잔디마을 마을버스 정류장,202210," 2,227 "," 2,402 "
서초구,2255.시민의숲역 1번출구 옆,202210," 2,950 "," 2,948 "
서초구,2256.양재동 꽃시장 입구,202210, 518 , 516 
서초구,2257. 청계산 입구 삼거리,202210, 109 , 110 
서초구,2258.구룡사 삼거리,202210, 584 , 285 
서초구,2259. 잠원역 3번-4번 출구사이 ,202210," 1,366 "," 1,390 "
서초구,2262. 한신16차아파트 119동 앞,202210," 4,695 "," 5,253 "
서초구,2263. 바우뫼문화복지회관,202210, 953 , 895 
서초구,2264. 이수역 1번출구,202210," 3,193 "," 3,359 "
서초구,2265. 이수고가차도 남단,202210," 1,958 "," 2,085 "
서초구,2266. 서초역 3번출구,202210," 1,149 "," 1,054 "
서초구,2268. 서초4동주민센터 ,202210, 820 , 815 
서초구,2269. 주홍교 하부,202210, 196 , 154 
서초구,2270. 서초포레스타 7단지,202210, 388 , 366 
서초구,2271. 내방역 8번출구 앞,202210," 1,057 "," 1,123 "
서초구,2272. 교대입구 교차로,202210, 611 , 610 
서초구,2273. 일동제약 사거리,202210," 1,176 "," 1,183 "
서초구,2274. 양재시민의숲역 3번출구,202210," 1,479 "," 1,471 "
서초구,2275. 염곡치안센터 건너편,202210, 172 , 168 
서초구,2276. 영동1교 (양재천근린공원),202210," 1,289 "," 1,302 "
서초구,2277. 길마중4교 하부,202210," 1,404 "," 1,454 "
서초구,2279. 교대역 5번출구뒤,202210," 2,099 "," 2,139 "
서초구,2280. 서울서초고용센터앞,202210, 609 , 505 
서초구,2281. 연세사랑병원신관앞,202210, 84 , 85 
서초구,2283. 그룹한빌딩옆,202210, 291 , 137 
서초구,2284. CJ오쇼핑앞,202210, 290 , 199 
서초구,2285. LH서초3단지 301동 맞은편,202210, 418 , 407 
서초구,2286. 탑성마을입구,202210, 39 , 14 
서초구,2287. 능안마을입구,202210, 80 , 14 
서초구,2288. 안골마을입구,202210, 54 , 34 
서초구,2289. 남태령역 2번출구,202210, 137 , 49 
서초구,2293. SPC 앞,202210, 811 , 806 
서초구,2294. 두상빌딩 앞,202210," 1,870 "," 1,942 "
서초구,2297. 남부터미널역 1번출구,202210, 724 , 646 
서초구,2298. 래미안서초스위트앞,202210, 662 , 636 
서초구,2299. 한전아트센터 앞,202210, 977 , 848 
서초구,2501. 서초 포레스타5단지,202210, 536 , 532 
서초구,2502. 서초역1번출구 앞,202210, 764 , 673 
서초구,2503. 반포1동 서초빌딩 앞,202210," 1,106 "," 1,105 "
서초구,2504. 신사역 4번출구 뒤,202210," 1,182 "," 1,102 "
서초구,2505. 우성아파트사거리 (기업은행앞),202210," 1,985 "," 1,977 "
서초구,2506. LG유플러스 (방배사옥),202210, 124 , 101 
서초구,2508. 양재이스타빌 앞,202210," 1,528 "," 1,569 "
서초구,2509. 심산기념문화센터,202210," 1,025 "," 1,026 "
서초구,2510. JW타워,202210, 227 , 226 
서초구,2511. 이수역 6번출구 앞,202210," 1,442 "," 1,493 "
서초구,2514.사평역 2번출구,202210, 612 , 595 
서초구,2515.서초초등학교 후문,202210," 1,481 "," 1,473 "
서초구,2516.본마을 노인복지센터 앞,202210, 319 , 316 
서초구,2517.서초3교(효령로69길 방면),202210, 366 , 344 
서초구,2518.서초3교(효령로70길 방면),202210, 636 , 652 
서초구,2519.서초2교(사임당로 방면),202210, 319 , 355 
서초구,2520.서초1교 (진흥아파트 방면),202210, 657 , 651 
서초구,2521.서초 크로바타워 앞,202210, 828 , 699 
서초구,2523.뉴코아 킴스클럽 앞,202210," 1,410 "," 1,423 "
서초구,2524.반포쇼핑타운 8동 앞,202210," 1,282 "," 1,258 "
서초구,2525.반포쇼핑타운 2동 앞,202210," 4,263 "," 4,479 "
서초구,2526.반포경남쇼핑 앞,202210, 399 , 415 
서초구,2527.반포중학교 앞(세화여고 맞은편),202210, 368 , 374 
서초구,2528.함지박 사거리,202210," 1,206 "," 1,381 "
서초구,2529.우리은행 방배동지점 앞,202210," 1,107 "," 1,130 "
서초구,2530.삼호3차아파트 앞,202210," 1,809 "," 1,814 "
서초구,2531.멤피스아파트 앞,202210," 1,514 "," 1,578 "
서초구,2532.국립국악원 앞,202210, 369 , 112 
서초구,2533.한가람미술관 앞,202210, 359 , 273 
서초구,2535.신반포역 3번출구 뒤,202210, 553 , 544 
서초구,2536.서초종합체육관 입구,202210, 98 , 101 
서초구,2537.양재역 8번출구 앞,202210," 1,131 ", 987 
서초구,2538.사평리 공원,202210," 1,548 "," 1,585 "
서초구,2539.대한무역투자진흥공사 KOTRA 앞,202210, 631 , 720 
서초구,2540.반포천 앞,202210," 1,419 "," 1,409 "
서초구,2541.옛골 입구,202210, 131 , 61 
서초구,2542.신논현타워 앞,202210, 962 , 930 
서초구,2545.국립중앙도서관(국제회의장옆),202210, 307 , 175 
서초구,2547. 반포래미안 리오센트,202210, 644 , 651 
서초구,2548.반포1동 자율방범초소 옆,202210, 489 , 390 
서초구,2549.LH 서초 4단지 403동,202210, 693 , 694 
서초구,2550.양재동 꽃시장 건너편,202210, 738 , 742 
서초구,4303. 매헌역 2번출구앞광역버스 정류장앞(22-297),202210," 1,234 "," 1,253 "
서초구,4304. 서울고앞,202210, 343 , 317 
서초구,4305. 서일스포츠센터,202210, 289 , 246 
서초구,4306. 서래공원 앞,202210, 952 , 941 
서초구,4307. 고투몰 gate 15옆,202210," 1,107 "," 1,107 "
서초구,4309. 서초케이타운앞,202210, 192 , 178 
서초구,4310. 염곡동(염통골) 입구,202210, 80 , 89 
서초구,4312. 반포미도2차아파트 옆,202210, 434 , 435 
서초구,4313. 반포종합운동장,202210, 761 , 763 
서초구,4314. 탑성마을 버스정거장 옆,202210, 29 , 10 
서초구,4315. 이투스교육 앞,202210, 468 , 362 
서초구,4316. 고속터미널역 3번출구,202210, 843 , 620 
서초구,4317. 양재근린공원,202210," 1,655 "," 1,744 "
서초구,4318. 방배역 2번 출구,202210, 983 ," 1,066 "
서초구,4319. 삼성전자R&D어린이집 뒤,202210, 252 , 168 
서초구,4320. 신영체르니 아파트,202210, 657 , 678 
서초구,4322.서울추모공원 입구,202210, 43 , 14 
서초구,4323. 내곡도서관,202210, 306 , 302 
서초구,4324. 세화고등학교,202210, 183 , 189 
서초구,4327. 몽마르뜨공원입구,202210, 346 , 123 
서초구,4329. SC제일은행 양재동지점 앞,202210, 533 , 470 
서초구,4332. 이수교차로,202210," 1,605 "," 1,663 "
서초구,4333. 서울고등학교 건너편,202210, 127 , 110 
서초구,4334. 인재개발원 데이터센터,202210, 33 , 23 
서초구,4335. 인재개발원 배움관,202210, 113 , 20 
성동구,3511. 응봉역 1번출구,202210," 4,870 "," 5,047 "
성동구,3513. 상왕십리역 1번출구,202210," 2,329 "," 1,746 "
성동구,3514. 왕십리교회옆,202210," 3,766 "," 3,764 "
성동구,3515. 서울숲 관리사무소,202210," 3,675 "," 3,485 "
성동구,3525. 금호스포츠센터앞,202210," 1,065 "," 1,135 "
성동구,3527. 왕십리 자이아파트,202210, 25 , 23 
성동구,3530. 왕십리자이아파트 후문(삼거리),202210, 331 , 304 
성동구,3531. 논골사거리(금호도서관 입구),202210, 288 , 100 
성동구,3532. 왕십리KCC스위첸아파트,202210, 191 , 153 
성동구,3538. 서울숲 IT캐슬,202210, 22 , 24 
성동구,3544.한양대역 3번 출구,202210," 2,340 "," 2,349 "
성동구,3545.한양대역 1번출구,202210," 1,154 "," 1,155 "
성동구,3547.상왕십리역 6번 출입구,202210, 575 , 565 
성동구,3548.뚝섬역 6번출구,202210," 2,613 "," 2,543 "
성동구,3549.건영아파트 앞,202210," 2,042 "," 2,070 "
성동구,3550.금호나들목,202210," 1,852 "," 1,889 "
성동구,3551.성동도로사업소,202210, 456 , 499 
성동구,3552.서울숲 공영주차장앞,202210," 1,697 "," 1,740 "
성동구,3553.마장역3번출구,202210, 724 , 702 
성동구,3555.양지사거리(센트라스APT 115동앞),202210, 243 , 224 
성동구,3556.신금호파크자이APT앞,202210, 370 , 90 
성동구,3557.서울숲리버뷰자이APT105동 앞,202210, 667 , 650 
성동구,3558.마장동 금호어울림APT앞,202210, 763 , 724 
성동구,3559.성동구민종합체육센터 앞,202210," 4,442 "," 4,605 "
성동구,3560.성동구 견인차량 보관소 앞,202210," 2,350 "," 2,419 "
성동구,3561.행당동 삼부APT후문,202210, 397 , 278 
성동구,3600.사근빗물펌프장 건너편,202210," 4,162 "," 4,571 "
성동구,4353. 코오롱디지털타워 3차앞,202210," 2,809 "," 2,831 "
성동구,4360. 르노삼성자동차 성수사업소 앞,202210," 1,024 "," 1,024 "
성동구,4362. 행당중학교 후문,202210, 957 , 941 
성동구,4363. 신금호역 2번출구 앞,202210, 116 , 91 
성동구,4367. kt 행당빌딩 앞,202210," 1,233 "," 1,247 "
성동구,4370. 서울숲IT캐슬 앞,202210, 988 , 989 
성동구,4373. 서울숲 지식산업센터,202210," 2,105 "," 2,101 "
성동구,4377. 우영테크노센터 앞,202210," 2,450 "," 2,627 "
성동구,4381. 더스페이스타워 앞,202210," 2,330 "," 2,350 "
성동구,4382. 페코텍글로벌허브빌딩 앞,202210," 3,220 "," 3,254 "
성동구,4383. 푸조비즈타워 앞,202210," 2,494 "," 2,831 "
성동구,4385. 용답동 우체국 주변,202210," 1,005 ", 961 
성동구,4386. 현대자동차 동부서비스센터 주변,202210," 1,131 "," 1,134 "
성동구,4387. 성수역 1번출구 주변,202210, 973 , 961 
성동구,4388. 하우스디세종타워 앞,202210," 1,236 "," 1,238 "
성동구,506. 금호 어울림 아파트 앞,202210," 1,194 "," 1,241 "
성동구,508. 성수아카데미타워 앞,202210," 2,176 "," 1,970 "
성동구,509. 이마트 버스정류소 옆,202210," 5,576 "," 5,723 "
성동구,510. 서울숲 남문 버스정류소 옆,202210," 1,613 "," 1,671 "
성동구,511. 서울숲역 5번 출구 옆,202210," 2,304 "," 2,304 "
성동구,512. 뚝섬역 1번 출구 옆,202210," 3,427 "," 3,458 "
성동구,513. 뚝섬역 5번 출구 정류소 옆,202210," 1,727 "," 1,725 "
성동구,514. 성수사거리 버스정류장 앞,202210," 2,940 "," 2,900 "
성동구,518. 청계천 박물관 앞,202210, 908 , 914 
성동구,519. 양지사거리,202210," 1,418 "," 1,321 "
성동구,520. 상왕십리역 4번 출구 앞,202210, 962 , 961 
성동구,521. 왕십리역 11번 출구 앞,202210," 2,208 "," 2,212 "
성동구,522. 금호역 1번출구 앞,202210, 414 , 415 
성동구,523. 옥수동성당 옆,202210, 203 , 107 
성동구,524. 래미안금호하이리버 아파트 102동 옆,202210, 442 , 444 
성동구,525. 한양대병원사거리,202210," 2,183 "," 1,841 "
성동구,526. 용답토속공원 앞,202210, 812 , 800 
성동구,529. 장한평역 8번 출구 앞,202210," 2,595 "," 2,235 "
성동구,530. 청계벽산아파트 앞,202210," 1,774 "," 1,784 "
성동구,533. 금남시장 교차로,202210, 588 , 727 
성동구,534. 금호사거리,202210, 512 , 508 
성동구,535. 응봉삼거리,202210, 605 , 526 
성동구,536. 행당역 2번출구 앞,202210," 1,089 "," 1,108 "
성동구,537. 한양대후문역 부근,202210," 1,907 "," 1,900 "
성동구,538. 답십리역 8번출구 앞,202210," 1,322 "," 1,431 "
성동구,550. 서울시설공단 앞,202210," 1,660 "," 1,676 "
성동구,556. 달맞이공원,202210, 153 , 150 
성동구,557. 도선동 주민센터 앞,202210," 1,887 "," 1,895 "
성동구,558. 성동광진 교육지원청 앞,202210," 1,824 "," 1,829 "
성동구,559. 왕십리역 4번 출구 건너편,202210," 2,863 "," 2,852 "
성동구,560. 비전교회 앞,202210," 2,754 "," 2,791 "
성동구,561. 서울숲역 2번출구 앞,202210," 2,810 "," 2,794 "
성동구,562. 군자지하보도 앞,202210," 1,581 "," 1,536 "
성동구,563. 성동세무서 건너편,202210," 2,256 "," 2,378 "
성동구,564. 금호역 3번출구,202210, 188 , 153 
성동구,565. 옥수역 3번출구,202210," 6,216 "," 7,031 "
성동구,567. 성수역 2번출구 앞,202210," 5,680 "," 5,289 "
성동구,568. 청계8가사거리 부근,202210," 3,405 "," 3,413 "
성동구,569. 응봉현대아파트 정류소,202210, 399 , 410 
성동구,578. 성동세무서 부근,202210," 2,093 "," 2,086 "
성동구,579. 마장역 4번출구,202210," 1,321 "," 1,329 "
성동구,582. 경일중학교 앞,202210," 2,668 "," 2,665 "
성동구,583. 청계천 생태교실 앞,202210," 6,307 "," 6,567 "
성동구,585. 성수2가1동 공영주차장 인근,202210," 4,901 "," 5,022 "
성동구,586. 마장동 주민센터,202210," 1,058 "," 1,033 "
성동구,587. 유니베라 앞,202210," 2,540 "," 2,561 "
성동구,589. 성수역3번출구,202210," 6,310 "," 6,308 "
성동구,594. 중랑물재생센터(서울새활용플라자),202210, 776 , 696 
성동구,9980. 에이텍,202210, 14 , 5 
성북구,1302. 한성대입구역6번출구 뒤,202210, 796 , 796 
성북구,1303. 돈암초교 입구,202210, 996 , 990 
성북구,1304. 만해공원,202210, 208 , 75 
성북구,1305. 성북구청,202210," 1,331 "," 1,316 "
성북구,1306. 한성대입구역2번출구,202210," 2,215 "," 2,217 "
성북구,1308. 안암로터리 버스정류장 앞,202210," 6,383 "," 7,172 "
성북구,1314. 정릉꿈에그린1단지 201동 앞,202210, 462 , 469 
성북구,1315. 고려사대부속중고 정문,202210, 534 , 533 
성북구,1316. 고려사대부속중고 건너편 ,202210, 298 , 276 
성북구,1318. 길음역 3번출구 뒤,202210," 1,733 "," 1,735 "
성북구,1319. 종암사거리 분수대,202210," 1,749 "," 1,744 "
성북구,1321. 국민은행 종암동지점 앞,202210," 3,295 "," 3,371 "
성북구,1322. 래미안라센트아파트 103동 앞,202210," 1,660 "," 1,728 "
성북구,1323. 월곡역 입구 육교 밑,202210, 621 , 624 
성북구,1325. 상월곡역 4번출구,202210, 687 , 590 
성북구,1326. 상월곡역 1번출구,202210," 1,142 "," 1,004 "
성북구,1327. 상월곡역 3번출구,202210," 1,728 "," 1,735 "
성북구,1328. 월곡역 3번출구,202210," 3,771 "," 3,847 "
성북구,1332. 석계역 5번출구 건너편,202210," 2,451 "," 2,488 "
성북구,1333. 석관초등학교 앞,202210," 1,648 "," 1,766 "
성북구,1334. 석관동주민센터 앞,202210," 1,439 "," 1,423 "
성북구,1336. 성북3교 위,202210," 1,790 "," 1,782 "
성북구,1337. 돈암성당 옆,202210," 2,473 "," 2,477 "
성북구,1338. 용문2교 옆,202210," 1,884 "," 1,880 "
성북구,1339. 삼성전자서비스 성북센터,202210," 1,402 "," 1,427 "
성북구,1340. 광운초등학교 앞,202210, 784 , 756 
성북구,1342. 성북쉼터 앞,202210, 104 , 66 
성북구,1343. 한성대7번출구 앞,202210, 748 , 739 
성북구,1344. 아리랑시네센터 앞,202210, 460 , 285 
성북구,1346. 길음8골어린이공원 옆,202210, 834 , 811 
성북구,1347. 길음래미안아파트817동 상가 앞,202210, 494 , 492 
성북구,1348. 성북제일새마을금고 본점 앞,202210, 765 , 775 
성북구,1349. 월계2교 버스정류장 앞,202210, 881 , 899 
성북구,1351. 안암2교 옆,202210," 2,868 "," 2,886 "
성북구,1352. e 편한세상 보문아파트 내,202210, 124 , 99 
성북구,1353. 금호어울림센터힐 내,202210, 354 , 346 
성북구,1354. 고려대학교 2번출구,202210," 2,782 "," 2,812 "
성북구,1355. 보문2교,202210," 3,656 "," 3,793 "
성북구,1357. 북한산보국문역,202210, 432 , 404 
성북구,1358. 정릉도서관 앞,202210," 1,012 "," 1,043 "
성북구,1359. 장위뉴타운 꿈에 숲 코오롱 하늘채 앞,202210," 1,880 "," 1,893 "
성북구,1360. 정릉역,202210, 818 , 829 
성북구,1361. 홍익중고 입구,202210, 897 , 824 
성북구,1362. 보문역6번출구 앞,202210," 1,761 "," 1,782 "
성북구,1363. 보문4교 인근,202210," 3,078 "," 3,241 "
성북구,1364. 성북동 치안센터 앞,202210," 1,040 "," 1,053 "
성북구,1365. 선잠단지 앞,202210, 424 , 263 
성북구,1366. 일신초등학교 옆,202210, 416 , 425 
성북구,1367. 길음문화복합미디어센터,202210, 588 , 594 
성북구,1368. 성신여대입구 교차로,202210," 1,232 "," 1,238 "
성북구,1369. 미아사거리,202210," 2,075 "," 2,088 "
성북구,1370. 복자사랑 피정의 집,202210, 299 , 155 
성북구,1372. KEB은행 고대점,202210," 1,744 "," 1,735 "
성북구,1373. 성북구보건소 건너편,202210," 1,047 "," 1,039 "
성북구,1375. 생명의 전화 종합복지관 앞 교차로,202210," 1,622 "," 1,624 "
성북구,1376. 한국과학기술연구원 중문,202210, 263 , 262 
성북구,1377. 한국과학기술연구원 북문,202210, 242 , 228 
성북구,1379.길음뉴타운푸르지오아파트 3단지,202210, 43 , 13 
성북구,1380.월곡역 5번출구 앞,202210," 2,503 "," 2,607 "
성북구,1381.석계역 4번출구 뒤,202210," 2,240 "," 2,209 "
성북구,1382.래미안월곡아파트 입구,202210," 1,601 "," 1,615 "
성북구,1384.성신여대입구역 5번출구,202210," 2,028 "," 2,041 "
성북구,1385.성신여대입구역 3번출구 앞,202210," 1,709 "," 1,725 "
성북구,1386.동선고가차도 초입,202210, 520 , 518 
성북구,1388. 돈암초교입구 버스정류장(한성대입구역 방면),202210, 983 , 982 
성북구,1390.석관래미안아트리치,202210," 2,126 "," 2,334 "
성북구,1391.성북청소년센터,202210, 620 , 613 
성북구,1392.돈암삼성풍림아파트,202210, 315 , 57 
성북구,1393.돈암육교 하단,202210, 189 , 106 
성북구,1394.길음뉴타운 래미안9단지,202210," 1,153 "," 1,148 "
성북구,1395.래미안장위포레카운티(102동),202210," 1,119 "," 1,089 "
성북구,1396.래미안장위퍼스트하이(513동),202210," 1,730 "," 1,843 "
성북구,4406. 장곡초등학교 앞,202210," 1,198 "," 1,168 "
성북구,4408. 돌곶이역 앞,202210," 2,742 "," 2,900 "
성북구,4411. 동산어린이공원 앞,202210," 1,103 "," 1,113 "
성북구,4414. 안암역 3번 출구,202210," 1,078 "," 1,092 "
성북구,4415. 미아초교버스승강장,202210, 77 , 79 
성북구,4417. 성북청소년문화의집,202210, 76 , 45 
성북구,4418. 종암동 동덕여대 제2생활관 앞,202210," 2,835 "," 3,029 "
성북구,4419. 성북구 한예종 캠퍼스 본관,202210," 1,018 ", 873 
성북구,4420. 성북구 한예종 캠퍼스 별관,202210," 1,118 "," 1,281 "
성북구,4421. 롯데캐슬클라시아 입구 앞,202210, 81 , 63 
송파구,1201. 가락시장역 3번 출구,202210," 3,243 "," 3,252 "
송파구,1203. 밀리아나2빌딩 앞,202210," 3,080 "," 3,157 "
송파구,1204. 거여역 3번출구,202210," 2,201 "," 2,191 "
송파구,1205. 종합운동장역 4번출구,202210," 2,329 "," 1,839 "
송파구,1206. 9호선종합운동장역 9번출구,202210," 2,014 "," 1,853 "
송파구,1207. 마천중앙시장,202210," 1,017 "," 1,068 "
송파구,1208. 풍납현대아파트쉼터,202210," 3,064 "," 3,067 "
송파구,1209. 잠실나루역 (2번 출구 쪽),202210," 3,963 "," 3,960 "
송파구,1210. 롯데월드타워(잠실역2번출구 쪽),202210," 13,145 "," 13,102 "
송파구,1211. 방이삼거리,202210," 8,327 "," 8,563 "
송파구,1212. 송파역 2번 출구앞,202210," 2,128 "," 2,200 "
송파구,1213. 백토공원 앞,202210, 460 , 457 
송파구,1214. 오금역 7번 출구 인근,202210," 1,524 "," 1,508 "
송파구,1215. 올림픽공원역 1번출구 앞,202210," 2,636 "," 2,619 "
송파구,1217. 송파파인타운 7단지,202210, 966 , 962 
송파구,1218. 방이역 4번출구,202210," 3,858 "," 3,831 "
송파구,1220. 잠실근린공원,202210," 2,908 "," 3,207 "
송파구,1221. 삼전역 4번출구,202210," 2,550 "," 2,636 "
송파구,1222. 잠실새내역 5번 출구 뒤,202210," 5,423 "," 5,457 "
송파구,1224. 아시아지하보도 2번 출구,202210," 2,065 "," 2,082 "
송파구,1226. 잠실4동 주민센터 옆,202210," 2,532 "," 2,538 "
송파구,1227. 거여역 8번출구 뒤,202210," 2,352 "," 2,349 "
송파구,1228. 마천사거리 ,202210," 1,506 "," 1,614 "
송파구,1229. 송파체육문화회관 앞,202210," 1,973 "," 1,963 "
송파구,1230. 송파중학교 정문,202210, 866 , 844 
송파구,1231. 잠실역 6번출구,202210," 3,452 "," 3,526 "
송파구,1232. 잠실주공 521동 건너편,202210," 3,963 "," 4,111 "
송파구,1233. 잠실3거리(갤러리아팰리스),202210," 1,788 "," 1,534 "
송파구,1235. 잠실트리지움310동 옆,202210," 2,728 "," 2,916 "
송파구,1239. 문정 법조단지3,202210, 686 , 653 
송파구,1240. 문정 법조단지4,202210," 1,013 ", 943 
송파구,1241. 문정 법조단지5,202210, 665 , 502 
송파구,1242. 문정 법조단지6,202210, 158 , 113 
송파구,1243. 문정 법조단지7,202210," 3,414 "," 3,519 "
송파구,1244. 문정 법조단지8,202210," 3,385 "," 3,296 "
송파구,1245. 문정 법조단지9,202210," 2,160 "," 2,136 "
송파구,1246. 문정 법조단지10,202210," 2,609 "," 2,570 "
송파구,1247. 문정 법조단지11,202210," 1,358 "," 1,236 "
송파구,1248. 방이초등학교,202210," 3,424 "," 3,037 "
송파구,1249. 아주중학교건너편,202210," 2,105 "," 2,304 "
송파구,1250.문정2동 주민센터,202210, 185 , 162 
송파구,1251. 석촌역 2번출구,202210," 4,548 "," 4,543 "
송파구,1253. 오금역 3번 출구 뒤,202210," 1,265 "," 1,250 "
송파구,1256. 문정현대아파트 교차로,202210," 1,159 "," 1,162 "
송파구,1257. 가락시장역 사거리,202210," 1,748 "," 1,812 "
송파구,1258. 가락미륭아파트 앞,202210, 385 , 378 
송파구,1259. 방이역 1번출구,202210," 2,273 "," 2,263 "
송파구,1260. 방이동 한양3차아파트 옆,202210," 1,979 "," 1,984 "
송파구,1262. 송파여성문화회관 앞,202210," 3,543 "," 3,544 "
송파구,1263. 장지공영차고지,202210, 464 , 460 
송파구,1264. 천호역 10번 출구 앞,202210," 4,820 "," 4,815 "
송파구,1265. 문정동 근린공원,202210," 1,641 "," 1,664 "
송파구,1266. 문정동 글샘 공원,202210," 1,142 ", 945 
송파구,1267. 올림픽공원 남2문 앞,202210," 1,955 "," 1,905 "
송파구,1268. 몽촌토성역 1번출구 옆,202210," 3,684 "," 3,630 "
송파구,1269. 리센츠아파트 ,202210," 2,359 "," 1,976 "
송파구,1271. 송파도서관,202210," 1,057 "," 1,061 "
송파구,1274. 영파여고 앞,202210," 1,815 "," 1,730 "
송파구,1275. 거여초등학교 옆,202210, 835 , 854 
송파구,1277. 성내6교,202210," 1,571 "," 1,710 "
송파구,1278. 송파구청 교차로,202210," 2,822 "," 2,822 "
송파구,1279. 마천금호어울림 1차아파트 건너편,202210, 457 , 440 
송파구,1280. 송파파크데일 2단지입구 앞 주차장,202210, 786 , 771 
송파구,1282. 송파소방서 맞은편(성내4교),202210," 2,467 "," 2,686 "
송파구,1283. 오금공원 사거리,202210, 272 , 220 
송파구,1285. 위례별 유치원 뒤,202210, 597 , 593 
송파구,1286. 위례중앙푸르지오 1단지 앞,202210," 1,460 "," 1,462 "
송파구,1287. 위례아이파크 101동 맞은편,202210, 716 , 712 
송파구,1288. 문정중교 사거리,202210," 1,417 "," 1,188 "
송파구,1289. 풍납토성 서성벽터B,202210, 952 , 991 
송파구,1290. 위례송파꿈에그린아파트24단지 앞 성벽 다리 밑,202210, 487 , 499 
송파구,1291. 서울체육고등학교 앞,202210," 1,862 "," 2,016 "
송파구,1293. 석촌호수 서호 사거리,202210," 4,063 "," 4,190 "
송파구,1295. 잠실역 8번출구,202210," 6,374 "," 6,345 "
송파구,1296. 석촌호수교차로 (송파나루근린공원 앞),202210," 1,325 "," 1,187 "
송파구,1297. 석촌호수교차로(동호 팔각정 앞),202210," 5,069 "," 5,048 "
송파구,1299. 송파소방서 (방이119안전센터),202210, 870 , 771 
송파구,1300. 오륜사거리,202210," 1,135 "," 1,163 "
송파구,2601. 석촌호수 아뜰리에,202210," 3,371 "," 3,404 "
송파구,2603. 송파 글마루 도서관,202210, 986 , 946 
송파구,2604. 풍납토성 서성벽터A,202210," 1,695 "," 1,799 "
송파구,2605. 복정역 1번 출구 앞,202210," 1,966 "," 1,989 "
송파구,2606. 위례동주민센터 맞은편 근린공원,202210," 3,432 "," 3,452 "
송파구,2608. 송파구청,202210," 8,861 "," 8,786 "
송파구,2609. 보성중고등학교 후문 앞,202210, 355 , 354 
송파구,2611. 송파지역자활센터 뒤,202210," 3,065 "," 3,281 "
송파구,2612. 문정·가락 대여소 앞,202210, 56 , 53 
송파구,2613. 잠실나들목,202210," 3,100 "," 3,178 "
송파구,2614. 가락고등학교 앞,202210, 537 , 501 
송파구,2615. 테라타워2,202210," 3,666 "," 3,660 "
송파구,2616. 거여동 사거리,202210, 646 , 649 
송파구,2617. 가락삼환아파트 앞,202210, 770 , 654 
송파구,2618. 삼전역 1번출구,202210," 2,621 "," 2,777 "
송파구,2619. 석촌고분역 4번출구,202210," 2,852 "," 2,984 "
송파구,2620. 송파나루역 4번 출구옆,202210," 7,547 "," 7,913 "
송파구,2621. 한성백제역 2번 출구,202210," 4,691 "," 4,723 "
송파구,2622. 올림픽공원역 3번출구,202210," 9,082 "," 8,945 "
송파구,2623.석촌동 주민센터,202210," 3,971 "," 4,059 "
송파구,2625.가락종합 사회복지관,202210, 805 , 797 
송파구,"2626.경찰병원역 1,2번 출구 사이",202210," 1,178 "," 1,184 "
송파구,2627.문정시영아파트 5동 앞 공원,202210, 861 , 523 
송파구,2628.문정역 1번출구,202210," 3,308 "," 3,312 "
송파구,2630.서울방이동 고분군,202210," 2,737 "," 2,659 "
송파구,2631.배명고등학교,202210," 1,028 "," 1,147 "
송파구,2632.석촌고분역 2번 출구,202210," 3,669 "," 3,833 "
송파구,2633.송파학사 옆,202210," 1,491 "," 1,398 "
송파구,2634.위례포레샤인아파트 2318동,202210, 906 , 894 
송파구,2635.잠실새내역 1번출구,202210," 3,438 "," 3,096 "
송파구,2637. 아시아지하보도 14번 출구,202210," 3,189 "," 3,184 "
송파구,2639.석촌역 8번출구,202210," 4,979 "," 4,862 "
송파구,2641.송파역 4번출구,202210," 4,093 "," 4,143 "
송파구,2642.마천동 성내천 쉼터,202210," 1,507 "," 1,563 "
송파구,2643.풍납중학교 측면,202210, 251 , 247 
송파구,2644. 성내5교,202210," 1,818 "," 1,831 "
송파구,2645.잠실나들목2(엘스아파트136동),202210," 1,005 ", 955 
송파구,2646.레이크펠리스101동앞,202210," 4,075 "," 4,230 "
송파구,2647.잠실 자전거 수리센터 앞,202210," 4,285 "," 4,333 "
송파구,2648.헬리오시티 112동 앞,202210," 1,723 "," 1,678 "
송파구,2649.오금공원사거리2,202210, 405 , 363 
송파구,2650.위례22단지 2208동 다리앞,202210, 642 , 658 
송파구,2651.경찰병원역 3번출구 앞,202210," 1,847 "," 1,850 "
송파구,2652.송파 레미니스1단지 102동 앞,202210," 1,227 "," 1,181 "
송파구,2653.올림픽공원사거리(선수촌아파트),202210," 1,924 "," 1,905 "
송파구,2654.올림픽선수촌아파트 136동 앞,202210, 774 , 641 
송파구,2655.송이공원,202210, 910 , 899 
송파구,2656.풍납동 아이파크 107동 앞,202210," 1,536 "," 1,544 "
송파구,2657.송파 파인타운 11단지 ,202210," 1,112 "," 1,105 "
송파구,2658.가락몰 업무동,202210," 1,983 "," 2,056 "
송파구,2659.서울친환경유통센터,202210, 242 , 232 
송파구,4452. 삼성SDS,202210," 3,806 "," 3,793 "
송파구,4453. 위례중앙푸르지오 201동 앞,202210," 2,610 "," 2,610 "
송파구,4454. 위례 포레샤인 1809동 부근,202210, 500 , 329 
송파구,4456. 위례포레샤인 2310동 부근,202210," 1,087 "," 1,054 "
송파구,4457. 아산병원 기숙사 부근,202210," 5,289 "," 5,254 "
송파구,4458. 가락2동주민센터 인근,202210, 798 , 779 
송파구,4460. 올림픽훼미리아파트 112동 앞,202210," 1,131 "," 1,154 "
송파구,4461. 한양3차아파트 3동 앞,202210, 360 , 314 
송파구,4462. 가락중학교 앞,202210, 863 , 850 
송파구,4463. 방이역 2번 출구,202210," 1,067 "," 1,069 "
송파구,4464. 올림픽공원 북2문,202210," 2,326 "," 2,430 "
송파구,4465. 건영아파트앞 사거리,202210," 2,444 "," 2,441 "
송파구,4467. 한림연예예술고등학교,202210," 1,067 "," 1,078 "
송파구,4468. 가락1동주민센터 ,202210," 1,440 "," 1,435 "
송파구,4469. 거여동 어울림아파트  102동앞,202210, 915 , 879 
송파구,4472. 송파파크데일 1단지 115동 건너편,202210, 621 , 523 
송파구,4473. 마천금호어울림 1차 102동앞,202210, 298 , 300 
송파구,4474. 가락현대 1차 11동 앞,202210, 563 , 562 
송파구,4475. 송파파인타운 4단지 403동,202210, 639 , 643 
송파구,4478. 문정근린공원2,202210," 1,698 "," 1,708 "
송파구,4479. 문정중학교,202210, 210 , 185 
송파구,4480. 가락시장 남1문 사거리,202210," 1,030 ", 990 
송파구,4481. 올림픽공원 북2문 2,202210," 3,734 "," 3,817 "
송파구,4483. 잠실나들목4,202210," 2,351 "," 2,459 "
송파구,4484. 잠실나루역4번출구뒤,202210," 2,345 "," 2,350 "
송파구,4485. 잠실나루역 고가하부,202210, 781 , 727 
송파구,4486. 홈플러스 잠실점,202210," 2,527 "," 2,512 "
송파구,4488. 문현중.고등학교 사이,202210, 309 , 261 
송파구,4490. 송파파인타운 10단지 1005동,202210, 456 , 456 
송파구,4491. 장지역 1번출구,202210," 1,752 "," 1,775 "
송파구,4493. 마천사거리 2,202210, 792 , 797 
송파구,4496. 잠실 파크리오 120동 앞,202210," 1,837 "," 1,830 "
송파구,4497. 아시아선수촌아파트 교차로,202210," 1,108 "," 1,142 "
송파구,4499. 세양청마루 101동 앞,202210, 695 , 491 
송파구,4852. 서울복합물류 게이트 1,202210," 1,680 "," 1,699 "
송파구,4853. 송파 안전체험교육관,202210, 95 , 94 
송파구,4854. 가락시장역 2번 출구,202210," 1,818 "," 1,823 "
송파구,4855. 거여5단지 503동 앞,202210, 863 , 844 
송파구,4856. 올림픽공원 서1문 앞,202210," 1,288 "," 1,290 "
송파구,4857. 올림픽공원 장미광장,202210," 1,088 "," 1,073 "
송파구,4859. 잠실나루 나들목,202210," 2,315 "," 2,337 "
송파구,4860. 가락쌍용2차아파트 103동,202210," 1,094 "," 1,071 "
송파구,4862. 성내교 남단,202210, 675 , 641 
송파구,4863. 잠실나들목5,202210, 676 , 739 
송파구,4864. 송파사거리,202210," 4,112 "," 4,092 "
송파구,4865. 한성백제역 1번출구 뒤,202210," 4,276 "," 4,337 "
송파구,4867. 가락대림아파트 앞,202210," 1,470 "," 1,447 "
송파구,4868. 석촌호수 서호 남단,202210," 3,793 "," 3,806 "
송파구,4869. 잠실나들목6,202210, 920 , 994 
송파구,4870. 몽촌토성역 3번 출구,202210," 6,795 "," 6,817 "
송파구,4871. 오금동 대림아파트 정문,202210, 847 , 808 
송파구,4872. 개롱역 3번 출구 뒤,202210," 1,512 "," 1,514 "
송파구,4873. 개롱역사거리 2번 출구,202210," 1,502 "," 1,507 "
송파구,4874. 탄천1교 하부보도,202210, 836 , 812 
송파구,4875. 위례포레샤인13단지,202210," 1,133 "," 1,132 "
송파구,4876. 삼전동주민센터 앞,202210," 2,286 "," 2,873 "
송파구,4879. 마천청소년센터,202210, 356 , 350 
송파구,4880. 송파청소년센터,202210, 968 , 963 
송파구,4881. 거여동사거리 송파둘레길 입구,202210, 357 , 360 
송파구,4882. 위례포레샤인18단지 1802동,202210, 401 , 385 
송파구,4883. 위례포레샤인18단지 1812동,202210, 346 , 235 
송파구,4884. H비즈니스파크,202210," 1,673 "," 1,788 "
송파구,4885. 가든파이브 리빙관,202210, 499 , 497 
송파구,4886. 배명고등학교 건너편,202210," 1,007 "," 1,069 "
송파구,4887. 호돌이상가,202210, 994 ," 1,002 "
송파구,4888. 둔촌오륜역 2번출구,202210, 519 , 486 
송파구,4889. 마천역 1번 출구 인근②,202210, 859 , 846 
송파구,4891. 위례포레샤인17단지 위례대로 방면,202210," 1,245 "," 1,208 "
송파구,4892. 성내유수지 체육공원,202210, 528 , 524 
송파구,4893. 문정법조단지12,202210," 2,747 "," 3,379 "
송파구,4895. 위례포레샤인15단지 상가,202210," 1,425 "," 1,417 "
송파구,4896. 위례포레샤인15단지,202210, 307 , 306 
송파구,4897. 잠실주공5단지1,202210," 2,901 "," 2,939 "
송파구,5751. 송파여성축구장,202210, 646 , 647 
송파구,5752. 풍납백제문화공원 옆 인근,202210," 2,810 "," 2,965 "
송파구,5753. 호반써밋,202210," 1,224 "," 1,210 "
송파구,5756. 극동아파트,202210," 1,395 "," 1,403 "
송파구,5758. 올림픽선수기자촌아파트 123동 근처,202210, 520 , 474 
송파구,5759. 풍납근린공원,202210, 779 , 778 
송파구,5760. 풍납사거리 성내유수지,202210, 682 , 679 
송파구,5761. 버섯분수대,202210, 179 , 177 
송파구,5763. 세륜초등학교 건너편,202210, 198 , 190 
송파구,5764. 한국체육대학교,202210, 350 , 338 
송파구,5765. 삼전동주민센터 건너편,202210, 364 , 386 
양천구,4507. 신정제일시장,202210," 1,353 "," 1,398 "
양천구,4508. 유원목동아파트 103동 앞,202210," 4,073 "," 4,392 "
양천구,4509. 서울영상고교 입구,202210," 4,932 "," 5,165 "
양천구,4510. 신정네거리역 교차로,202210," 1,802 "," 1,846 "
양천구,4512. 목동13_14단지 사거리,202210," 1,457 "," 1,152 "
양천구,4514. 목동성당 앞,202210," 3,386 "," 3,225 "
양천구,4515. 동문굿모닝탑,202210," 3,708 "," 3,725 "
양천구,4516. 신진빌라,202210, 644 , 667 
양천구,4517. 성보하이드로빌딩,202210," 1,736 "," 1,712 "
양천구,4518. 청기와빌딩,202210," 1,358 "," 1,419 "
양천구,4519. 양원보도육교,202210, 846 , 824 
양천구,4520. 대성유니드아파트,202210," 1,198 "," 1,686 "
양천구,4522. 신곡시장,202210," 1,827 "," 2,709 "
양천구,4523. 구립양천어르신요양센터,202210, 140 , 89 
양천구,4526. 목동아파트2단지 222동 앞,202210," 1,689 "," 1,680 "
양천구,4527. 목동신시가지아파트6단지,202210," 2,652 "," 2,686 "
양천구,4528. 양천구청역 1번출구,202210," 1,612 "," 1,400 "
양천구,4530. 방아다리어린이공원,202210, 977 , 845 
양천구,4531. 목동아파트 613동 앞,202210," 3,551 "," 3,582 "
양천구,4532. 목동현대아파트 후문 앞,202210," 2,363 "," 2,332 "
양천구,4535. 목동12단지 아파트,202210," 3,022 "," 2,986 "
양천구,4536. 양천해누리체육공원,202210, 847 ," 1,484 "
양천구,4537. 서울남부지방검찰청 후문 ,202210," 1,725 "," 1,635 "
양천구,4538. 양천공영차고지,202210, 179 , 207 
양천구,4539. 목동7단지아파트 A상가,202210, 868 , 873 
양천구,4540. 목동역 3번 출구,202210," 4,974 "," 5,092 "
양천구,4541. 갈산문화예술센터,202210," 2,064 "," 2,106 "
양천구,4542. 월정초 사거리,202210, 465 , 489 
양천구,4543. 오목교역 6번 출구,202210, 262 , 277 
양천구,700. KB국민은행 염창역 지점 앞,202210," 2,194 "," 2,030 "
양천구,701. 목동사거리 부근,202210," 2,536 "," 2,677 "
양천구,702. 목4동주민센터 옆,202210," 2,747 "," 2,729 "
양천구,703. 오목교역 7번출구 앞,202210," 5,766 "," 6,453 "
양천구,704. 남부법원검찰청 교차로,202210," 3,867 "," 3,786 "
양천구,706. 신정네거리역,202210," 1,273 "," 1,211 "
양천구,708. 서울출입국관리사무소 앞,202210," 5,737 "," 5,736 "
양천구,709. 신정3동 현장민원실 앞,202210," 1,592 "," 1,359 "
양천구,710. 금옥여고보도육교,202210," 1,069 "," 1,070 "
양천구,711. 신일해피트리아파트 앞,202210," 1,782 ", 295 
양천구,712. 강월초교입구 사거리,202210," 1,031 "," 1,706 "
양천구,713. 양서중학교 옆,202210," 1,209 ", 944 
양천구,714. 한국SGI 양천문화회관 앞,202210," 1,345 "," 1,162 "
양천구,716.신정6동 주민센터 인근,202210," 4,331 "," 4,551 "
양천구,719. 홍익병원앞 교차로,202210," 2,605 "," 2,713 "
양천구,720. 서울강월초등학교 앞,202210," 1,131 ", 544 
양천구,722. 경서농협 버스정류장(우리은행신정동지점방향),202210," 1,829 "," 2,062 "
양천구,723. SBS방송국,202210," 3,146 "," 3,171 "
양천구,724. 계남공원 입구 주출입구 좌측,202210, 493 , 355 
양천구,725. 양강중학교앞 교차로,202210," 1,116 ", 386 
양천구,726. 목동3단지 시내버스정류장,202210," 4,672 "," 4,755 "
양천구,729. 서부식자재마트 건너편,202210," 2,389 "," 2,476 "
양천구,731. 서울시 도로환경관리센터,202210," 2,864 "," 2,979 "
양천구,732. 신월중학교,202210," 1,521 "," 1,505 "
양천구,733. 신정이펜하우스314동,202210," 1,082 ", 511 
양천구,734. 신트리공원 입구,202210," 3,239 "," 3,243 "
양천구,735. 영도초등학교,202210," 4,026 "," 4,228 "
양천구,736. 오솔길공원,202210," 1,641 "," 1,892 "
양천구,737. 장수공원,202210," 1,442 "," 1,450 "
양천구,739. 신월사거리,202210," 2,010 "," 2,029 "
양천구,740. 으뜸공원,202210," 1,534 "," 1,673 "
양천구,741. 화곡로 입구 교차로,202210, 645 , 584 
양천구,742. 등촌역 5번 출구 뒤,202210," 1,561 "," 1,556 "
양천구,743. 현대6차아파트 101동 옆,202210," 1,104 "," 1,229 "
양천구,744. 신목동역 2번 출구,202210," 3,972 "," 4,044 "
양천구,745. 강서초등학교,202210, 871 ," 1,181 "
양천구,746. 목동2단지 상가,202210," 5,236 "," 5,215 "
양천구,747. 목동3단지 상가,202210," 2,777 "," 2,773 "
양천구,748. 목동운동장,202210, 949 ," 1,009 "
양천구,749. 이대목동병원보도육교,202210," 1,677 "," 1,728 "
양천구,750. 연의근린공원 건너편,202210," 1,006 "," 1,314 "
양천구,752. 성원2차 아파트,202210," 1,518 "," 1,388 "
양천구,754. 목동1단지아파트 118동 앞,202210," 2,718 "," 2,728 "
양천구,755. 목동1단지아파트 상가 앞,202210," 4,044 "," 3,998 "
양천구,756. 목동주차장,202210," 2,060 "," 2,002 "
양천구,757. 신정이펜하우스 1단지아파트 입구 사거리,202210, 887 , 569 
양천구,758. 한사랑교회 앞,202210," 2,104 "," 2,067 "
양천구,759. 보아스아파트 앞,202210," 1,278 "," 1,521 "
양천구,760. 잣절보도육교 아래,202210, 855 , 759 
양천구,762. 오목로 무중력지대 앞,202210," 1,251 "," 1,252 "
양천구,763. 목동11단지 아파트,202210," 2,000 "," 1,767 "
양천구,764. 목동청소년수련관,202210," 4,443 "," 4,148 "
양천구,765. 오목교역 3번출구,202210," 7,594 "," 7,873 "
양천구,766. 신목동역 3번출구,202210," 1,784 "," 1,744 "
양천구,767.신정숲속마을아파트,202210, 716 , 377 
양천구,768.목동5단지아파트 501동,202210," 2,653 "," 2,694 "
양천구,769.CBS방송국 앞,202210," 6,202 "," 6,523 "
양천구,770.목동역5번출구 교통정보센터 앞,202210," 7,281 "," 7,470 "
양천구,771.목동아파트 703동 앞,202210," 3,446 "," 3,511 "
양천구,"773.염창역 3, 4번 출구 사이",202210," 1,995 "," 1,980 "
양천구,774.등촌역 4번 출구 ,202210," 1,385 "," 1,380 "
양천구,775.세종그랑시아 앞(102동),202210," 1,429 "," 1,058 "
양천구,776.목마공원,202210, 606 , 557 
양천구,777.신월6차보람아파트 앞,202210," 1,949 "," 2,501 "
양천구,779. 신정1동 주민센터 앞,202210," 4,208 "," 4,577 "
양천구,780.신정교 하부,202210," 2,700 "," 3,165 "
양천구,781.신정보도육교 아래,202210," 4,511 "," 4,465 "
양천구,782.서남병원 후문,202210," 1,256 ", 753 
양천구,"785.양천구청, 보건소 사잇길",202210," 2,712 "," 2,940 "
양천구,786.목동아파트 8단지 상가동 앞,202210," 2,979 "," 2,993 "
양천구,787.양천아파트 입구,202210," 4,527 "," 4,570 "
양천구,788.양천구청역 2번출구 옆,202210," 3,543 "," 3,901 "
양천구,791.현대하이페리온,202210," 3,814 "," 3,711 "
양천구,792.목동트라팰리스 웨스턴에비뉴,202210," 7,089 "," 7,098 "
양천구,793.목동5단지아파트 534동,202210," 3,061 "," 3,041 "
양천구,794.양천문화회관,202210," 3,395 "," 3,522 "
양천구,795.양천 해누리타운,202210," 4,118 "," 4,243 "
양천구,796.목동아파트 14단지 B상가 앞,202210," 2,524 "," 2,408 "
양천구,797.목동아파트 1422동 1434동 사잇길,202210," 4,338 "," 4,121 "
영등포구,200. 국회의원회관,202210, 172 , 159 
영등포구,201. 진미파라곤 앞,202210," 2,184 "," 2,270 "
영등포구,202. 국민일보 앞,202210," 5,878 "," 6,155 "
영등포구,203. 국회의사당역 3번출구 옆,202210," 2,695 "," 2,594 "
영등포구,204. 국회의사당역 5번출구 옆,202210," 1,795 "," 1,708 "
영등포구,205. 산업은행 앞,202210," 2,871 "," 2,852 "
영등포구,206. KBS 앞,202210," 3,029 "," 2,809 "
영등포구,207. 여의나루역 1번출구 앞,202210," 12,294 "," 11,769 "
영등포구,209. 유진투자증권빌딩 앞,202210," 3,823 "," 4,179 "
영등포구,213. KT앞,202210," 3,830 "," 3,077 "
영등포구,214. 금융감독원 앞,202210," 2,235 "," 2,090 "
영등포구,215. 여의도고교 앞,202210," 2,343 "," 2,389 "
영등포구,217. NH농협은행 앞,202210," 3,847 "," 3,819 "
영등포구,219. 롯데캐슬엠파이어 옆,202210," 3,241 "," 3,237 "
영등포구,220. 미성아파트 A동 앞,202210," 2,225 "," 2,080 "
영등포구,221. 여의도초교 앞,202210," 1,784 "," 1,795 "
영등포구,222. 시범아파트버스정류장 옆,202210," 3,632 "," 3,656 "
영등포구,223. 진주아파트상가 앞,202210," 1,488 "," 1,301 "
영등포구,224. 롯데캐슬 앞,202210," 2,870 "," 2,870 "
영등포구,225. 앙카라공원 앞,202210," 3,011 "," 2,540 "
영등포구,226. 샛강역 1번출구 앞,202210," 3,225 "," 2,679 "
영등포구,227. 양평2나들목 보행통로 입구,202210," 2,669 "," 3,309 "
영등포구,228. 선유도역 3번출구 앞,202210," 5,081 "," 5,273 "
영등포구,229. 양평1 보행육교 앞,202210," 3,394 "," 3,406 "
영등포구,230. 영등포구청역 1번출구,202210," 8,984 "," 8,960 "
영등포구,231. 남부고용노동지청 남측,202210," 2,417 "," 2,400 "
영등포구,232. 양평우림 이비즈센타 앞,202210," 3,054 "," 2,995 "
영등포구,233. 양평1동 YP센터 앞,202210, 757 , 817 
영등포구,234. 영등포구민체육센터 앞,202210," 2,428 "," 2,588 "
영등포구,235. 신길동 우리은행 옆,202210," 1,407 "," 1,375 "
영등포구,236. 문래동자이아파트 앞,202210," 3,761 "," 3,789 "
영등포구,238. 제2구민체육센타 앞,202210," 3,083 "," 3,033 "
영등포구,239. 유스호스텔 앞,202210," 1,710 "," 1,682 "
영등포구,240. 문래역 4번출구 앞,202210," 4,752 "," 4,696 "
영등포구,241. 신길우성1차아파트 앞 공원,202210," 1,399 "," 1,304 "
영등포구,242. 신길선원가와인아파트 앞,202210," 1,526 "," 1,058 "
영등포구,243. 이앤씨드림타워 앞,202210," 4,424 "," 4,425 "
영등포구,244. 영등포삼환아파트 앞,202210," 2,599 "," 2,433 "
영등포구,245. 삼성생명 당산사옥 앞,202210," 4,304 "," 4,280 "
영등포구,247. 당산역 10번출구 앞,202210," 9,504 "," 10,076 "
영등포구,248. 초원아파트 앞,202210," 1,981 "," 2,038 "
영등포구,249. 여의도중학교 옆,202210," 2,357 "," 2,500 "
영등포구,250. 대림아파트 사거리,202210," 1,094 "," 1,013 "
영등포구,251. 서울지방병무청 버스정류장,202210," 1,183 ", 987 
영등포구,252. 보라매역4번출구,202210," 2,626 "," 2,749 "
영등포구,254. 도림신협 앞,202210," 1,832 "," 1,904 "
영등포구,255. 도림사거리,202210," 2,375 "," 2,386 "
영등포구,256. 동아에코빌입구,202210," 1,533 "," 1,478 "
영등포구,258. 신길역3번출구,202210," 2,509 "," 2,486 "
영등포구,259. 대방역6번출구,202210," 4,452 "," 4,608 "
영등포구,260. 여의도 마리나선착장 앞,202210, 842 , 837 
영등포구,262. 영문초등학교 사거리,202210," 5,698 "," 5,726 "
영등포구,263. 근로자회관 사거리,202210," 4,510 "," 4,561 "
영등포구,264. 교보생명보험 앞,202210," 2,005 "," 1,890 "
영등포구,265. 영등포유통상가 사거리,202210," 2,349 "," 2,202 "
영등포구,266. 영등포청과시장 사거리,202210," 2,141 "," 1,986 "
영등포구,267. 삼성화재 사옥 옆,202210," 2,425 "," 2,308 "
영등포구,268. 그랜드컨벤션센터 앞,202210," 4,100 "," 4,106 "
영등포구,270. 증권거래소후문교차로,202210," 2,121 "," 2,099 "
영등포구,271. 샛강생태공원방문자센터 앞,202210, 785 , 576 
영등포구,272. 당산육갑문,202210," 8,059 "," 8,531 "
영등포구,275. 신동아아파트,202210," 3,708 "," 3,724 "
영등포구,276. 영등포로터리2,202210," 4,248 "," 4,157 "
영등포구,278. 쌍용플레티넘오피스텔,202210," 3,032 "," 2,953 "
영등포구,279. 영등포 푸르지오 아파트,202210," 2,161 "," 1,934 "
영등포구,280. 양평동6차현대아파트 앞,202210," 3,278 "," 3,175 "
영등포구,281. 신동아아파트 앞,202210," 1,394 "," 1,417 "
영등포구,282. 신한은행 대림동지점,202210, 831 , 815 
영등포구,283. 아크로타워 스퀘어(영등포시장),202210," 4,585 "," 4,672 "
영등포구,284. 센트럴 푸르지오 시티 앞,202210," 2,931 "," 2,819 "
영등포구,285. 대림3동사거리(하나은행),202210," 1,042 "," 1,059 "
영등포구,286. 우성아파트 교차로,202210," 1,563 "," 1,696 "
영등포구,287. 영등포전화국사거리 (서강어린이공원),202210," 3,117 "," 3,156 "
영등포구,288. 쌍용예가(구청별관),202210," 1,593 "," 1,602 "
영등포구,289. 대림3동사거리,202210," 1,606 "," 1,681 "
영등포구,290. 당산동 SK V1 빌딩,202210," 2,815 "," 2,737 "
영등포구,291. 문래동 하이테크 시티,202210," 3,880 "," 3,846 "
영등포구,292. 영일 어린이공원,202210," 1,880 "," 1,846 "
영등포구,293. 충북 미래관,202210," 4,886 "," 4,756 "
영등포구,295.영등포공원 분수대 앞,202210, 421 , 425 
영등포구,296.KT플라자 영등포점,202210," 2,757 "," 2,755 "
영등포구,297.국회3문,202210, 436 , 323 
영등포구,298.KBS 연구동 건너편,202210," 1,243 ", 673 
영등포구,299.여의도 순복음교회,202210, 829 , 817 
영등포구,3201.당산skv1센터,202210," 2,165 "," 2,126 "
영등포구,3202.당산롯데캐슬프레스티지,202210," 3,679 "," 3,507 "
영등포구,3203.도림동배드민턴체육관,202210," 1,414 "," 1,372 "
영등포구,3204.도림고가도로 밑,202210," 1,301 "," 1,285 "
영등포구,3205.문래현대2차,202210," 2,412 "," 2,430 "
영등포구,3206.문래동 주민센터,202210," 1,725 "," 1,659 "
영등포구,3207.양남사거리1,202210, 948 , 925 
영등포구,3211.신길 래미안 프레비뉴,202210, 833 , 813 
영등포구,3212.신풍역 6번출구,202210," 2,424 "," 2,435 "
영등포구,3214.영등포 푸르지오,202210," 1,751 "," 1,461 "
영등포구,3215.강변삼성래미안,202210," 1,618 "," 1,515 "
영등포구,3219.영등포역 1번출구,202210," 4,305 "," 4,607 "
영등포구,3220.래미안에스티움 앞 (신풍로),202210," 1,551 "," 1,541 "
영등포구,3221.서울특별시 남부교육지원청,202210," 1,000 ", 839 
영등포구,4552. 코레일유통본사,202210," 1,758 "," 1,753 "
영등포구,4553. 당산삼성2차아파트,202210," 3,318 "," 3,193 "
영등포구,4555. 대림우성2차아파트,202210, 842 , 947 
영등포구,4556. 리버뷰신안인스빌1차 후문,202210," 1,739 "," 1,733 "
영등포구,4557. 리버뷰신안인스빌2차 후문,202210," 1,811 "," 1,651 "
영등포구,4558. 대영중고 후문,202210," 1,289 "," 1,606 "
영등포구,4559. 신길역 2번출구,202210," 2,672 "," 2,192 "
영등포구,4560. 양평동성원아파트,202210," 2,269 "," 2,282 "
영등포구,4561. 양평역 1번출구,202210," 4,157 "," 4,063 "
영등포구,4563. 여의도 은하아파트,202210," 1,084 "," 1,108 "
영등포구,4564. 63스퀘어,202210," 3,299 "," 3,331 "
영등포구,4565. 영등포 신세계백화점,202210," 7,203 "," 7,179 "
영등포구,4566. 대림성원상떼빌아파트,202210," 1,971 "," 2,154 "
영등포구,4567. 한림대학교 강남성심병원 신관,202210," 1,679 "," 1,780 "
영등포구,4568. 영등포로터리,202210," 2,786 "," 2,814 "
영등포구,4569. 힐스테이트클래시안아파트,202210," 1,478 "," 1,486 "
영등포구,4571. 문래동롯데캐슬아파트,202210," 5,569 "," 5,644 "
영등포구,4573. 두산위브아파트,202210, 841 , 799 
영등포구,4574. 영등포시장역 포레나영등포,202210," 4,277 "," 4,285 "
영등포구,4575. 대림동 e편한세상영등포아델포레,202210," 2,420 "," 2,606 "
영등포구,4576.보라매sk뷰 108동 앞,202210," 1,378 "," 1,400 "
영등포구,4578.보라매sk뷰,202210, 758 , 592 
영등포구,4579. 국회의사당 본관,202210, 615 , 539 
영등포구,4580. 국회3문,202210, 554 , 541 
영등포구,4581. 국회소통관,202210, 706 , 704 
영등포구,4582. 국회도서관,202210, 713 , 661 
영등포구,4583. 의정관,202210, 395 , 352 
영등포구,4584. 국회2문,202210, 371 , 271 
영등포구,4585. 국회6문,202210, 460 , 440 
영등포구,4588.양남사거리2,202210, 992 ," 1,005 "
영등포구,4589. KRX한국거래소(1),202210," 1,485 "," 1,606 "
영등포구,4591. 신길자이아파트,202210, 939 , 300 
영등포구,4592. 신길우성4차아파트,202210," 1,847 "," 2,105 "
영등포구,4594. 양평교 영등포대여소,202210," 2,548 "," 2,711 "
영등포구,4598. 오목교 동측 지하보도,202210," 2,242 "," 2,236 "
영등포구,4599. 대림우성아파트 사거리,202210, 654 , 667 
영등포구,4600. 영등포구 총괄 우체국,202210," 1,564 "," 1,569 "
영등포구,4601.양평역2번출구 뒤,202210," 1,336 "," 1,256 "
영등포구,5851. 도림천 건널목 위,202210," 1,543 "," 1,423 "
영등포구,5852. 대림동현대2차 201동 앞,202210, 411 , 374 
영등포구,5853. 여의도역2번출구 앞,202210," 1,710 "," 1,501 "
영등포구,5854. 신한금융투자 앞,202210," 6,338 "," 6,703 "
영등포구,5855. 하이투자증권 앞,202210," 2,409 "," 2,420 "
영등포구,5857. U레지던스 앞,202210," 2,494 "," 3,020 "
영등포구,5858. 영등포역5번출구,202210," 5,447 "," 5,607 "
영등포구,5859. 여의도 삼부아파트,202210, 549 , 545 
용산구,4602. 숙명여대앞 버스정류소 주변,202210, 238 , 135 
용산구,4603. 한강GS에클라트 건너편 교통섬,202210," 1,100 "," 1,130 "
용산구,4604. 원효로다목적체육관 앞,202210, 716 , 786 
용산구,"4605. 노들섬 다목적홀(동쪽) 숲, 앞",202210, 690 , 663 
용산구,4607. 국립중앙박물관 -용산가족공원 앞,202210, 705 , 649 
용산구,4608. 국립중앙박물관 정문 앞,202210, 284 , 223 
용산구,4609. 파크타워 104동 앞,202210, 365 , 334 
용산구,4610. 한남나인원 105동 앞,202210, 584 , 628 
용산구,4611. 국제루터교회 앞,202210, 262 , 244 
용산구,4612. 한남 준 J.FSS 앞,202210, 179 , 165 
용산구,4613. 서울갤러리아 앞,202210, 226 , 209 
용산구,4615. 크라운호텔앞 버스정류소,202210, 913 , 927 
용산구,4616. 신용산지하차도 앞,202210, 813 , 803 
용산구,4617. 동원베네스트 건너편,202210, 216 , 227 
용산구,4618. 풍전아파트 건너편,202210," 1,031 "," 1,114 "
용산구,4619. 한강트럼프월드3차 앞,202210," 1,564 "," 1,593 "
용산구,4620. 삼각지역 14번 출구 앞(교통섬),202210," 1,418 "," 1,421 "
용산구,4621. 남산도서관 앞,202210, 983 , 248 
용산구,4622. 한강중학교 앞 버스정류장,202210, 498 , 507 
용산구,4623. 라인프랜즈이태원점 앞,202210, 211 , 165 
용산구,4625. 용산공원갤러리앞,202210, 290 , 286 
용산구,4627. 효창공원앞역 5번출구 옆,202210, 590 , 573 
용산구,4629. 한강초교보도육교 앞,202210," 1,003 "," 1,042 "
용산구,4632. 용산 푸르지오 파크타운 1단지 앞,202210, 299 , 273 
용산구,4633. 센트럴파크타워 앞,202210," 2,042 "," 2,160 "
용산구,4634. 이태원역 3번 출구,202210, 774 , 696 
용산구,4636. 용산구꿈나무종합타운 앞,202210, 837 , 877 
용산구,4637. 용산시티파크 101동 앞,202210, 519 , 516 
용산구,4638. 청파동삼거리 앞,202210, 883 , 907 
용산구,4639. 동빙고근린공원,202210, 880 , 922 
용산구,4640. 원효로2가 교차로,202210, 606 , 653 
용산구,4641. 아메리칸센터,202210, 601 , 605 
용산구,4642. 용산더프라임아파트 101동 앞,202210, 163 , 157 
용산구,800. 목월공원 앞,202210," 1,194 "," 1,191 "
용산구,802. 한강진역 2번 출구 앞,202210, 402 , 258 
용산구,803. 한남초교 앞 보도육교,202210, 150 , 149 
용산구,805. 문배어린이공원 앞,202210," 1,565 "," 1,658 "
용산구,806. 전자랜드 본관 앞,202210," 1,031 "," 1,022 "
용산구,807. 서울역 12번 출구 앞,202210," 1,407 "," 1,408 "
용산구,808. 서빙고동 금호맨션 앞,202210, 676 , 676 
용산구,809. 한남 유수지 복개주차장,202210," 1,225 "," 1,233 "
용산구,810. 이태원지하보도,202210, 808 , 795 
용산구,811. 녹사평역1번출구,202210, 699 , 410 
용산구,812. 용산전쟁기념관,202210, 269 , 269 
용산구,813. 삼각지역 3번출구,202210," 1,316 "," 1,293 "
용산구,815. LIG강촌아파트 103동앞,202210," 1,760 "," 1,794 "
용산구,816. 신용산역 6번출구 앞,202210," 2,444 "," 2,466 "
용산구,817. 삼각지역 4번출구 앞,202210," 1,406 "," 1,414 "
용산구,818. 숙명여대 입구 교차로,202210," 2,283 "," 2,464 "
용산구,819. 선린인터넷 고등학교,202210," 2,257 "," 2,369 "
용산구,820. 청파동입구 교차로,202210," 1,197 "," 1,197 "
용산구,822. 이촌1동 마을공원,202210, 572 , 574 
용산구,823. 효창동주민센터 앞,202210, 333 , 271 
용산구,825. 서빙고동 주민센터 앞,202210," 3,183 "," 3,594 "
용산구,827. 국군복지단,202210, 512 , 496 
용산구,828. 숙대입구역 8번,202210," 1,404 "," 1,443 "
용산구,829. 베르가모앞,202210," 3,011 "," 2,912 "
용산구,830. 청암자이아파트앞,202210, 490 , 470 
용산구,831. 이태원관광특구입구,202210, 258 , 250 
용산구,832. 이촌1동 주민센터 뒤,202210," 1,733 "," 1,742 "
용산구,834. 효창공원앞역 3번출구 뒤,202210," 2,172 "," 2,327 "
용산구,835. 남영역 건너편,202210," 1,641 "," 1,625 "
용산구,836. 현대자동차서비스 앞,202210," 1,019 ", 984 
용산구,837. 한남나들목 입구,202210," 2,188 "," 2,323 "
용산구,838. 숙대입구역 4번출구,202210," 2,196 "," 2,272 "
용산구,839. 보광동 삼성리버빌아파트 앞,202210," 1,364 "," 1,393 "
용산구,840. 용산 파크타워 앞,202210, 581 , 561 
용산구,841. 신용산역 1번 출구,202210," 2,647 "," 2,655 "
용산구,843. 녹사평역 광장,202210, 884 , 551 
용산구,844. 이촌2동 동원베네스트 아파트 앞,202210," 1,441 "," 1,607 "
용산구,845. 용산 선인상가,202210, 894 , 914 
용산구,846. 용산중학교,202210," 1,297 "," 1,304 "
용산구,848. 삼각지12번 출구,202210, 737 , 728 
용산구,849. 삼각지 자이아파트,202210," 1,769 "," 1,736 "
용산구,850. KCC용산월츠타워 ,202210, 805 , 795 
용산구,851.효창 푸르지오 앞,202210, 403 , 197 
용산구,852.청암자이APT(103동),202210," 1,155 "," 1,013 "
용산구,853.용산역 맞은편,202210," 4,965 "," 4,995 "
용산구,854.HID 유족동지회 앞,202210, 176 , 135 
용산구,855.이촌역5번출구 앞,202210, 253 , 252 
용산구,857. 현대 안성타워,202210, 647 , 219 
용산구,858.녹사평역3번 출구,202210, 439 , 427 
용산구,859.남산공원 야외식물원 앞,202210, 105 , 59 
용산구,860.LG한강 자이아파트 앞,202210," 2,018 "," 2,049 "
용산구,863.이촌역2번 출구,202210, 656 , 574 
용산구,864.순천향대학병원(한남오거리),202210," 1,146 "," 1,141 "
용산구,865.하얏트호텔 앞,202210, 72 , 36 
용산구,866.브라운스톤 남산아파트,202210, 646 , 597 
용산구,867.서빙고역 광장(1번출구),202210, 440 , 447 
용산구,869.노들섬 동측 앞,202210, 477 , 474 
용산구,870.노들섬 서측 앞,202210," 3,774 "," 3,835 "
은평구,4652. 신사두산위브2차아파트 앞,202210," 1,539 "," 1,499 "
은평구,4653. 불광역 9번 출구 맞은편,202210," 1,098 "," 1,120 "
은평구,4657. 본 서부병원 교차로 사거리,202210," 2,086 "," 2,087 "
은평구,4658. 녹번역1번출구앞,202210, 719 , 619 
은평구,4659. 신진과학기술고등학교 버스정류장(응암시장 방면),202210," 1,532 "," 1,670 "
은평구,"4663. 불광역3,6호선 버스정류장(동명여고 방면)",202210," 1,054 "," 1,031 "
은평구,4665. 응암역3번 출구(서부경찰서 방면),202210, 541 , 630 
은평구,4667. 폭포동입구 교차로,202210, 438 , 308 
은평구,4668. 기자촌사거리,202210, 126 , 89 
은평구,4671. 청구성심병원 앞,202210," 1,180 "," 1,266 "
은평구,4672. 준빌딩 앞,202210, 341 , 341 
은평구,4674. 녹번역e편한세상 캐슬 정문 앞,202210," 1,587 "," 1,559 "
은평구,4676. 갈현1동 주민센터,202210, 765 , 753 
은평구,4677. 백련산 SK뷰 아이파크 해모로 아파트 앞,202210," 1,446 "," 1,535 "
은평구,4678. 백련산로 녹번센트레빌 ,202210, 682 , 517 
은평구,4681.박석고개(은평소방서) 앞,202210, 285 , 215 
은평구,4683. 은평 성모병원 사거리,202210, 647 , 636 
은평구,4684. 응암2동주민센터 버스정류장(영락중학교 방면),202210, 572 , 148 
은평구,4685. DMC역 5번 출구(수색역 방향),202210," 2,022 "," 1,898 "
은평구,4686. 우물골 근린공원,202210, 667 , 657 
은평구,4687. 역촌센트레빌아파트 101동 앞,202210, 441 , 178 
은평구,900. 은평예술회관,202210," 1,716 "," 1,693 "
은평구,902. 진관동 은빛초등학교,202210, 761 , 767 
은평구,903. 은평뉴타운 아이파크,202210," 1,375 "," 1,380 "
은평구,904. 은평뉴타운 푸르지오,202210," 1,174 "," 1,212 "
은평구,905. 구파발역 2번출구,202210," 3,021 "," 3,268 "
은평구,906. 연신내역 5번출구,202210," 3,846 "," 4,167 "
은평구,907. CJ 드림시티,202210," 5,610 "," 6,537 "
은평구,908. 구산역 4번출구,202210," 1,756 "," 1,748 "
은평구,909. 백련산 힐스테이트 3차,202210, 799 , 249 
은평구,911. 은평평화공원(역촌역4번출구),202210," 2,701 "," 2,684 "
은평구,912. 응암오거리,202210," 2,834 "," 3,407 "
은평구,913. 이마트 버스정류장(서부경찰서 방면),202210," 3,455 "," 3,497 "
은평구,914. 새절역 2번출구,202210," 3,644 "," 4,192 "
은평구,915. 증산역 4번출구,202210," 2,305 "," 2,601 "
은평구,916. 평생학습관 앞,202210," 1,622 "," 1,795 "
은평구,917. 녹번역 3번출구,202210," 1,891 "," 1,874 "
은평구,919. 서울혁신파크,202210," 1,106 "," 1,082 "
은평구,921. 신도고등학교,202210, 237 , 157 
은평구,922. 연신내역 4번출구,202210, 751 , 737 
은평구,923. 국민은행 연서지점,202210, 983 , 997 
은평구,924. 메뚜기다리,202210, 181 , 64 
은평구,925. 불광역 2번출구,202210, 977 , 991 
은평구,927. 연신내역 3번출구 인근,202210, 707 , 718 
은평구,928. 은평역사한옥박물관,202210, 408 , 320 
은평구,930. 구 서부경찰서 건너편,202210," 1,182 "," 1,239 "
은평구,931. 역촌파출소,202210," 4,256 "," 4,810 "
은평구,932. 예일여중,202210," 1,348 "," 1,427 "
은평구,933. 역촌종합시장 버스정류장(예일여고 방면),202210," 2,865 "," 3,162 "
은평구,934. 신사동 성당,202210, 365 , 194 
은평구,937. 상림마을 롯데캐슬2단지 옆,202210, 197 , 199 
은평구,938. 금암 문화공원,202210, 314 , 324 
은평구,939. 은평구청 교차로,202210," 1,504 "," 1,476 "
은평구,941. 은평뉴타운 도서관,202210, 578 , 308 
은평구,942. 상림마을 생태공원,202210, 554 , 510 
은평구,943. 은평구청 보건소,202210, 1 , 1 
은평구,945. 기자촌 사거리,202210, 218 , 98 
은평구,946. 독바위역 ,202210, 858 , 810 
은평구,947. 연신내 선일하이츠빌 정류소,202210, 528 , 511 
은평구,948. 디지털미디어 시티역 4번출구(DMC역),202210, 852 , 815 
은평구,949. 연신내역 1번 출구 ,202210," 1,555 "," 1,711 "
은평구,950. 구산역 2번 출구 예일여고 버스정류장,202210," 1,965 "," 2,136 "
은평구,952. 서울연신중학교,202210, 418 , 409 
은평구,953. 서울연신초등학교,202210, 733 , 677 
은평구,954. 은평뉴타운구파발9단지,202210, 937 , 957 
은평구,956. 응암시장교차로,202210," 2,816 "," 3,473 "
은평구,958. 본 서부병원 버스정류장(은평 세무서 방면),202210," 1,587 "," 1,621 "
은평구,959. 구파발10단지 인근,202210, 386 , 427 
은평구,960. 구파발역 환승센터,202210, 904 ," 1,094 "
은평구,961. 불광역 9번 출구,202210," 1,890 "," 1,945 "
은평구,962. 은평뉴타운 힐데스하임,202210," 1,840 "," 1,904 "
은평구,963. 대호프라자아파트,202210," 1,141 "," 1,130 "
은평구,964. 북한산힐스테이트 7차아파트,202210, 595 , 436 
은평구,965. 서울특별시 은평병원,202210, 735 , 243 
은평구,966. 서울혁신파크1,202210, 478 , 470 
은평구,967. 서울혁신파크2,202210, 613 , 611 
은평구,968. 은평뉴타운 상림마을 13단지,202210, 183 , 172 
은평구,969. 은평 지웰테라스,202210, 154 , 153 
은평구,971. 역촌 센트레빌 아파트,202210, 445 , 80 
은평구,972. 수색역,202210," 1,995 "," 2,006 "
은평구,973.제각말푸르지오 5-1단지 아파트,202210, 304 , 155 
은평구,974.연신초등학교옆 마을마당,202210, 268 , 192 
은평구,975.백련산 힐스테이트상가앞,202210, 673 , 212 
은평구,976.진관고등학교앞,202210," 1,005 "," 1,112 "
은평구,977.신도중학교앞,202210, 364 , 68 
은평구,978.녹번 힐스테이트상가앞,202210, 423 , 257 
은평구,979.원풍빌라앞,202210, 756 , 751 
은평구,982. 녹번초등학교(서오릉로),202210," 1,132 "," 1,160 "
은평구,984.상신초등학교앞 버스정류장,202210," 1,563 "," 1,561 "
은평구,985. 은평세무서 버스정류장(은평구청 방면),202210," 1,798 "," 1,830 "
은평구,989. 신응교(가좌로) 앞,202210," 2,077 "," 2,655 "
은평구,991.흥국사 정류장,202210, 223 , 220 
은평구,992.북한산입구 정류장,202210, 234 , 227 
은평구,993.은평뉴타운 은뜨락아파트앞,202210, 522 , 319 
은평구,994.북한산생태공원입구(교통섬),202210, 384 , 384 
은평구,995.은평다목적체육관,202210, 601 , 428 
은평구,996.응암역2번출구 국민은행 앞,202210," 4,437 "," 5,701 "
종로구,301. 경복궁역 7번출구 앞,202210," 1,799 "," 1,111 "
종로구,302. 경복궁역 4번출구 뒤,202210," 3,192 "," 2,983 "
종로구,303. 광화문역 1번출구 앞,202210," 3,064 "," 2,836 "
종로구,305. 종로구청 옆,202210," 2,172 "," 2,153 "
종로구,307. 서울역사박물관 앞,202210," 1,369 "," 1,393 "
종로구,308. 광화문 S타워 앞,202210," 2,350 "," 2,226 "
종로구,309. 광화문역 6번출구 옆 B,202210, 821 , 700 
종로구,314. 국립현대미술관,202210," 1,727 "," 1,759 "
종로구,316. 종각역 1번출구 앞,202210," 2,711 "," 2,657 "
종로구,326. 안국역 5번출구 앞,202210," 2,186 "," 1,714 "
종로구,327. 낙원상가 옆,202210," 2,015 "," 1,901 "
종로구,328. 탑골공원 앞,202210," 1,062 ", 960 
종로구,329. 청계2가 사거리 옆,202210," 2,243 "," 1,919 "
종로구,334. 종로3가역 2번출구 뒤,202210," 2,037 "," 1,826 "
종로구,335. 종로3가역 15번출구 앞,202210," 1,309 "," 1,299 "
종로구,337. 창경궁 입구,202210," 1,065 "," 1,056 "
종로구,338. 세운스퀘어 앞,202210," 1,311 "," 1,310 "
종로구,339. 종로4가 사거리,202210," 1,745 "," 1,722 "
종로구,340. 혜화동 로터리,202210," 1,912 "," 1,917 "
종로구,3401.창신두산아파트,202210, 292 , 305 
종로구,3402.이화공영주차장,202210, 552 , 552 
종로구,3403.서울특별시 교육청,202210, 214 , 147 
종로구,3404.서울특별시 중부교육지원청,202210, 146 , 146 
종로구,3405.파크팰리스,202210," 1,400 "," 1,210 "
종로구,3406.세종로공원,202210," 1,338 "," 1,173 "
종로구,3407.안국동사거리(신),202210," 2,200 "," 2,143 "
종로구,3408.종로타워빌딩,202210," 1,757 "," 1,771 "
종로구,341. 혜화역 3번출구 뒤,202210," 1,607 "," 1,576 "
종로구,3410.종로3가역 8번출구,202210," 3,224 "," 3,233 "
종로구,3411.종묘,202210," 1,216 "," 1,205 "
종로구,3412.세운상가,202210, 978 , 968 
종로구,3413.종로플레이스,202210," 2,781 "," 2,787 "
종로구,3414.종로5가역 4번출구,202210," 1,698 "," 1,693 "
종로구,3415.동대문역6번출구,202210," 2,118 "," 2,143 "
종로구,3416.동묘앞역 6번출구,202210," 2,655 "," 2,667 "
종로구,3417.창신3동주민센터,202210," 1,544 "," 1,532 "
종로구,3418.창신역2번 출구,202210, 163 , 133 
종로구,3419.국립어린이과학관,202210, 665 , 645 
종로구,342. 대학로 마로니에공원,202210," 3,402 "," 3,375 "
종로구,3420. 성균관대입구사거리,202210," 1,597 "," 1,587 "
종로구,3421.혜화역 1번출구,202210," 2,958 "," 2,945 "
종로구,3422.성균관대 정문,202210," 2,687 "," 2,562 "
종로구,3423.현대그룹(본사),202210," 1,119 "," 1,082 "
종로구,3425.광화문 풍림스페이스본 1단지앞,202210, 941 , 707 
종로구,3426.독립문역 2번출구 뒤,202210, 378 , 312 
종로구,3427.인왕산 아이파크 정문,202210, 347 , 315 
종로구,3428.서울미술관,202210, 237 , 136 
종로구,3429.HW컨벤션센터 앞,202210, 286 , 118 
종로구,343. 예일빌딩(율곡로) 앞,202210, 749 , 751 
종로구,3430.구기치안센터 앞,202210, 160 , 63 
종로구,3431.로제우스 레포츠센터,202210, 199 , 134 
종로구,3432.종로2가 사거리,202210," 1,660 "," 1,566 "
종로구,344. 성균관대 E하우스 앞,202210," 1,740 "," 1,735 "
종로구,345. 서울보증보험본사 앞,202210," 1,677 "," 1,649 "
종로구,348. 독립문역 사거리,202210," 1,429 "," 1,078 "
종로구,349. 사직동주민센터,202210, 879 , 868 
종로구,351. 청운초교 앞 삼거리,202210, 856 , 852 
종로구,352. 중앙고입구 삼거리,202210, 329 , 220 
종로구,353. 재동초교 앞 삼거리,202210," 1,430 "," 1,426 "
종로구,354. 포르투갈 대사관 앞,202210," 1,168 ", 993 
종로구,355. 서울사대부속초교 앞,202210," 1,691 "," 1,646 "
종로구,356. KT혜화지사 앞,202210," 1,431 "," 1,442 "
종로구,358. 성대입구 사거리,202210," 1,388 "," 1,368 "
종로구,359. 원남동사거리,202210," 1,720 "," 1,714 "
종로구,361. 동묘앞역 1번출구 뒤,202210," 4,319 "," 4,367 "
종로구,362. 청계8가 사거리,202210," 2,871 "," 2,918 "
종로구,363. 신설동역 11번출구 뒤,202210," 2,543 "," 2,502 "
종로구,364. 창신역 1번출구 앞,202210, 479 , 459 
종로구,367. 독립문역 3-1번출구 ,202210," 1,821 "," 1,309 "
종로구,368. SK 서린빌딩 앞,202210," 2,269 "," 2,425 "
종로구,369. 광화문 시민열린마당,202210," 1,513 "," 1,358 "
종로구,385. 종각역 5번출구,202210," 1,947 "," 1,937 "
종로구,388. 동성중학교 앞,202210, 605 , 579 
종로구,393. 동대문역 8번 출구,202210," 3,383 "," 3,379 "
종로구,394. 경희궁 자이 3단지,202210," 1,336 "," 1,356 "
종로구,395. 경희궁 자이 2단지,202210," 1,456 "," 1,385 "
종로구,397. 종묘공영주차장 건너편,202210, 703 , 696 
종로구,446. 상명대입구,202210, 796 , 747 
종로구,447. 신영동삼거리,202210, 82 , 72 
종로구,449. 일성아파트,202210, 506 , 133 
종로구,450. 효자동 삼거리,202210," 1,398 "," 1,043 "
종로구,451. 청와대앞길,202210, 489 , 336 
종로구,452. 동대문 종합시장 버스정류장,202210, 816 , 810 
종로구,453. 종로오가 지하쇼핑센터 14번출구,202210," 1,547 "," 1,542 "
종로구,454. 종로2가 버스정류장 (종각방향),202210," 1,558 "," 1,552 "
종로구,455. 종로6가역 버스정류장(동대문 방향),202210," 1,287 "," 1,281 "
종로구,456. 숭인2동 주민센터 입구,202210," 1,775 "," 1,791 "
종로구,457. 종로꽃시장 입구 옆,202210," 1,305 "," 1,306 "
종로구,458. 광화문역 5번출구,202210," 3,736 "," 3,411 "
종로구,461. 서울지방경찰청,202210," 1,263 "," 1,185 "
종로구,462. 신영동삼거리(북악터널방향),202210, 120 , 118 
종로구,464. 삼청동 골목,202210," 1,217 "," 1,164 "
종로구,465. 삼청공원 앞,202210, 142 , 113 
종로구,4703. 쌍용아파트2단지 정문,202210, 317 , 41 
종로구,4705. 웰니스센터(민방위교육장 앞),202210," 1,938 "," 1,927 "
종로구,4707. 청계3가 사거리,202210," 1,212 "," 1,172 "
종로구,4708. 조계사앞사거리,202210," 1,731 "," 1,723 "
종로구,4709. 천지인 오피스텔 앞,202210, 101 , 76 
종로구,4710. 자교교회 앞,202210," 1,758 "," 1,819 "
종로구,4711. 올림픽기념 국민생활관 로터리,202210," 1,871 "," 1,870 "
종로구,4713. 현대 뜨레비앙 아파트 앞,202210," 1,456 "," 1,434 "
종로구,4715. 돈의문 박물관 마을,202210, 872 , 576 
종로구,4718. 광화문역 6번출구 옆 A,202210," 1,041 "," 1,022 "
종로구,4719. 종로문화원 건너편,202210, 987 , 988 
종로구,486. 평창동주민센터 앞,202210, 241 , 214 
중구,300. 정동사거리,202210," 1,196 "," 1,195 "
중구,3013.서울지방고용노동청 앞,202210," 1,547 "," 1,681 "
중구,310. 청계광장 옆,202210," 1,754 "," 1,470 "
중구,318. 광교사거리 남측,202210," 1,215 "," 1,216 "
중구,320. 을지로입구역 4번출구 앞,202210," 1,714 "," 1,720 "
중구,321. KEB 하나금융그룹 명동사옥 옆,202210," 1,281 "," 1,261 "
중구,322. 명동성당 앞,202210, 683 , 638 
중구,324. 신세계백화점 본점 앞,202210," 1,386 "," 1,417 "
중구,331. 을지로2가 사거리 북측,202210," 1,049 "," 1,055 "
중구,332. 을지로2가 사거리 남측,202210, 926 , 925 
중구,336. 충무로역 6번출구 앞,202210," 1,137 "," 1,127 "
중구,346. 맥스타일 앞,202210," 1,472 "," 1,480 "
중구,347. 동대문역사문화공원역 9번출구 앞,202210, 794 , 668 
중구,370. 시청역(2호선) 9번출구 뒤,202210," 3,019 "," 2,891 "
중구,371. 동대입구역 6번출구 뒤,202210, 868 , 863 
중구,372. 약수역 3번출구 뒤,202210, 906 , 903 
중구,374. 청구역 2번출구 앞,202210," 2,273 "," 2,297 "
중구,379. 서울역9번출구,202210," 1,421 "," 1,415 "
중구,380. CJ제일제당 앞,202210," 1,766 "," 1,765 "
중구,381. 장충체육관,202210, 181 , 103 
중구,382. 약수역 10번출구 앞,202210, 658 , 659 
중구,383. 신당역 12번 출구 뒤,202210," 4,517 "," 4,494 "
중구,384. 종로학원본원 ,202210, 241 , 230 
중구,387. 훈련원공원주차장 앞,202210," 1,746 "," 1,534 "
중구,389. 을지로4가역 1번출구,202210," 1,449 "," 1,448 "
중구,390. 충무로역 1번출구,202210," 1,295 "," 1,293 "
중구,391. 시립미술관,202210," 1,183 "," 1,109 "
중구,398. 을지로3가역 3번출구,202210," 2,011 "," 1,964 "
중구,399. 서울역 센트럴 자이아파트,202210," 1,227 ", 762 
중구,428. 명보사거리,202210, 586 , 587 
중구,429. 송도병원,202210, 132 , 105 
중구,430. 장충동먹자골목 앞,202210," 1,082 "," 1,086 "
중구,431. 청계천 영도교,202210," 4,536 "," 4,600 "
중구,433. 을지로입구역 2번출구,202210," 1,831 "," 1,776 "
중구,434. 신당 래미안 버스정류장,202210, 624 , 62 
중구,435. SK 남산빌딩,202210, 393 , 391 
중구,441.염천교사거리,202210, 841 , 839 
중구,442.서울역 서부,202210, 517 , 508 
중구,443.호암아트홀,202210, 229 , 230 
중구,445.대한상공회의소,202210," 1,856 "," 1,861 "
중구,466.롯데호텔,202210, 702 , 491 
중구,468.웨스틴 조선호텔,202210, 817 , 812 
중구,469.회현역 1번출구,202210, 635 , 572 
중구,470.회현역 7번출구,202210, 521 , 444 
중구,471.회현사거리 남측,202210, 962 , 966 
중구,472.삼일교(시그니쳐 타워),202210," 1,266 "," 1,343 "
중구,473.을지로4가역 9번출구,202210," 2,280 "," 2,269 "
중구,474.동대문역사문화공원역 1번출구 뒤편,202210," 2,193 "," 1,845 "
중구,475.DDP 패션몰,202210," 1,670 "," 1,441 "
중구,4752. 삼성사이버빌리지아파트,202210, 363 , 271 
중구,4753. 시청역 10번출구,202210, 563 , 555 
중구,476.광희문,202210," 1,093 "," 1,056 "
중구,4760. 서울역 7번출구,202210, 209 , 201 
중구,4761. 중부경찰서앞사거리 건너편,202210, 481 , 449 
중구,4762. 국제빌딩,202210, 505 , 459 
중구,4765. 동대문디자인플라자,202210," 2,285 "," 2,302 "
중구,4766. 서소문성지역사박물관,202210, 504 , 308 
중구,4768. 서울도시건축전시관,202210," 3,051 "," 2,909 "
중구,477.앰배서더 호텔 주변,202210, 686 , 212 
중구,4772. 중앙일보,202210, 259 , 256 
중구,4774. 을지로입구역 8번출구,202210, 894 , 891 
중구,4775. 을지로지하쇼핑센터,202210, 807 , 784 
중구,4776. 신세계면세점,202210, 534 , 482 
중구,4777. 약수동 주민센터,202210, 180 , 154 
중구,4778. 대신파이낸스센터,202210," 1,266 "," 1,216 "
중구,4781. 브라운스위트레지던스,202210, 540 , 493 
중구,4782. 서소문역사공원,202210, 259 , 249 
중구,4784. 중부경찰서앞 사거리,202210, 551 , 520 
중구,4785. 롯데시티호텔,202210, 642 , 650 
중구,479.동대입구역 3번 출구,202210, 428 , 424 
중구,4791. 명동역9번 출구,202210," 1,405 "," 1,364 "
중구,4792. 퇴계로4가 교차로(중구청),202210," 1,997 "," 1,994 "
중구,4793. 동대문역사문화공원역 5번출구,202210," 1,019 "," 1,018 "
중구,4794. 서울역 서부교차로(3),202210," 1,576 "," 1,585 "
중구,4796. 부산은행,202210," 2,461 "," 2,443 "
중구,4797. KG타워 앞,202210," 1,231 "," 1,244 "
중구,4798. 황학동롯데캐슬,202210," 2,955 "," 2,978 "
중구,480.약수역 6번 출구,202210, 553 , 543 
중구,4800. 필동 삼거리,202210, 899 , 898 
중구,4801. 충정로역 2호선(엘리베이터 앞),202210, 328 , 173 
중구,481.신당역 10번 출구,202210," 2,169 "," 2,161 "
중구,483.남산타운아파트 버스정류장,202210, 229 , 143 
중구,484.도동삼거리,202210, 161 , 145 
중구,485.서울역5번출구,202210," 1,451 "," 1,445 "
중구,6053. 중부세무서 앞,202210, 87 , 78 
중구,826. 서울역 서부교차로2,202210," 1,582 "," 1,624 "
중랑구,1401. 극동늘푸른아파트,202210," 1,936 "," 2,205 "
중랑구,1402. 금란주차장 앞,202210," 1,516 "," 1,489 "
중랑구,1403. 중화빌딩 앞 (동부시장),202210," 1,577 "," 1,706 "
중랑구,1404. 동일로 지하차도,202210," 2,201 "," 2,185 "
중랑구,1405. 망우역 1번출구,202210," 1,107 "," 1,096 "
중랑구,1406. 망우청소년수련관,202210, 239 , 223 
중랑구,1407. 먹골역 1번출구 뒤,202210," 1,557 "," 1,697 "
중랑구,1408. 먹골역 6번출구 앞,202210," 1,464 "," 1,759 "
중랑구,1410. 면목 대원칸타빌아파트,202210, 374 , 164 
중랑구,1411. 상봉시장앞 교차로 한성빌딩 앞,202210," 1,888 "," 1,847 "
중랑구,1413. 봉화산역 5번출구 뒤,202210," 1,673 "," 1,870 "
중랑구,1414. 사가정역 2번출구,202210," 3,788 "," 3,886 "
중랑구,1416. 상봉역 3번출구,202210," 2,441 "," 2,583 "
중랑구,1418. 새솔초등학교,202210, 586 , 113 
중랑구,1420. 신내어울공원 앞,202210," 1,060 "," 1,049 "
중랑구,1421. 신내역 4번출구,202210, 702 , 522 
중랑구,1422. 신내우디안아파트 1단지,202210, 338 , 115 
중랑구,1424. 양원역 2번출구,202210, 185 , 165 
중랑구,1425. 용마문화복지센터,202210," 1,041 ", 739 
중랑구,1426. 면목도시개발아파트 1동 앞,202210, 544 , 183 
중랑구,1427. 용마산역 1번출구,202210, 279 , 239 
중랑구,1428. 원묵고등학교,202210," 1,618 "," 1,012 "
중랑구,1429. 장안중학교,202210," 1,339 "," 1,463 "
중랑구,1430. 중랑구청,202210," 1,309 ", 720 
중랑구,1431. 중랑구청 사거리,202210," 1,755 "," 1,520 "
중랑구,1433. 중화역 2번출구,202210," 2,097 "," 2,293 "
중랑구,1435. 능산삼거리,202210, 407 , 404 
중랑구,1436. 동원베네스트 건물 앞,202210, 560 , 443 
중랑구,1437. 늘푸른공원 앞,202210," 1,516 "," 1,867 "
중랑구,1438. 홈플러스 신내점 앞,202210," 2,992 "," 3,330 "
중랑구,1440. 면목2동 사거리,202210," 1,766 "," 2,029 "
중랑구,1441. 신내능말공원,202210, 490 , 350 
중랑구,1442. 중랑구 중소기업 창업센터,202210," 2,649 "," 2,957 "
중랑구,1444. 면목4치안센터,202210," 1,531 "," 1,814 "
중랑구,1445. 용마지구대,202210, 275 , 301 
중랑구,1446. 중랑전화국 교차로,202210," 2,637 "," 2,967 "
중랑구,1447. 면목역 3번출구,202210," 3,445 "," 3,623 "
중랑구,1448. 코스트코 상봉점,202210," 2,707 "," 2,651 "
중랑구,1449. 상봉역 1번출구,202210," 3,292 "," 3,351 "
중랑구,1450. 화랑대역 7번출구,202210," 2,023 "," 2,222 "
중랑구,1451. 중랑세무서,202210," 3,533 "," 3,660 "
중랑구,1452. 겸재교 진입부,202210," 3,442 "," 3,852 "
중랑구,1453. 중랑캠핑숲,202210, 265 , 234 
중랑구,1454. 한국전력공사(동대문 중랑지사),202210," 1,141 "," 1,190 "
중랑구,1455. 상봉역 2번 출구,202210," 2,811 "," 2,923 "
중랑구,1456. 상아빌딩(우림시장 교차로),202210," 1,758 "," 1,952 "
중랑구,1457. 동원사거리,202210, 829 , 814 
중랑구,1458. 상봉터미널2,202210," 2,953 "," 2,973 "
중랑구,1459. 용마한신아파트사거리,202210, 403 , 344 
중랑구,1461.동양엔파트 앞,202210," 1,592 "," 1,590 "
중랑구,1462.동부시장 북문 앞,202210," 2,558 "," 2,685 "
중랑구,1463.중랑구민회관,202210, 314 , 319 
중랑구,1464.중화역 4번출구,202210," 1,343 "," 1,518 "
중랑구,1465.중랑공영차고지 옆,202210," 1,223 "," 1,516 "
중랑구,1466.두산대림아파트 삼거리,202210, 554 , 598 
중랑구,1467.sk신내 주유소앞(용마산로),202210, 260 , 262 
중랑구,1468.먹골역 7번 출구,202210," 1,135 "," 1,212 "
중랑구,1469.먹골역 4번출구,202210, 768 , 821 
중랑구,1470.중화동 우리은행 앞,202210," 1,581 "," 1,719 "
중랑구,1471.동양쇼핑 정류소 앞,202210," 1,827 "," 2,171 "
중랑구,1472.영성빌딩(PAT),202210," 1,235 "," 1,327 "
중랑구,1473.중랑역 1번 출구(중화문화복지센터),202210," 1,382 "," 1,613 "
중랑구,1474.서울중랑우체국,202210," 1,113 "," 1,083 "
중랑구,1477.면목삼익아파트 앞,202210, 392 , 412 
중랑구,1478.홈플러스 상봉점 앞,202210," 2,035 "," 2,051 "
중랑구,1479.면목 홈플러스 2 ,202210, 441 , 452 
중랑구,1480. 용마지구대 옆,202210, 895 , 939 
중랑구,4802. 새우개마을,202210, 256 , 253 
중랑구,4804. 동서울농협 앞,202210," 2,133 "," 2,131 "
중랑구,4807. 라코지스테이 앞,202210, 705 , 684 
중랑구,4808. 신내2동 주민센터 앞,202210, 897 , 899 
중랑구,"4809. 동성1,2차 아파트 앞",202210," 1,556 "," 1,315 "
중랑구,4811. 한양수자인아파트 앞,202210, 565 , 298 
중랑구,4812. 묵동 이마트 앞,202210," 1,874 "," 2,069 "
중랑구,4813. 망우지구대,202210," 2,530 "," 2,587 "
중랑구,4815. 중랑데시앙플렉스 앞,202210, 486 , 456 
중랑구,4819. 면목동 새싹어린이공원 앞,202210," 1,679 "," 1,758 "
중랑구,4820. 망우역 2번 출구,202210," 1,943 "," 1,960 "
중랑구,4821. 동원초등학교 정문 앞,202210, 807 , 886 
중랑구,4823. 방정환교육지원센터 옆,202210," 1,324 "," 1,347 "
중랑구,4824. 상봉신협 앞,202210," 1,508 "," 1,495 "
중랑구,4825. 신내동 벽산아파트 후문 앞,202210," 1,176 "," 1,156 "
중랑구,4826. 홈플러스 면목점,202210," 1,131 "," 1,207 "
중랑구,4827. 신내SK V1센터 앞,202210, 465 , 361 
중랑구,4828. 신내동 한살림 중랑지구 앞,202210," 1,261 "," 1,359 "
중랑구,4829. 신내동 한살림 중랑지구 북축,202210, 646 , 620 
중랑구,4830. 신내 우디안 111동 앞,202210, 187 , 112 
중랑구,4834. 용마복지센터 앞,202210, 258 , 241 
중랑구,4835. 망우동 본죽 앞,202210," 1,205 "," 1,208 "
중랑구,4836. 양원역 1번 출구,202210, 774 , 721 
중랑구,4837. 양원지구 힐데스하임 앞,202210, 976 , 971 
중랑구,4838.동원사거리 행복오피스텔 앞,202210, 827 , 616 
중랑구,4840. 서울시 북부병원 앞,202210, 529 , 539 
강남구,2301. 현대고등학교 건너편,202211," 1,550 "," 1,738 "
강남구,2302. 교보타워 버스정류장(신논현역 3번출구 후면),202211," 1,201 "," 1,215 "
강남구,2303. 논현역 10번출구,202211," 1,609 "," 1,220 "
강남구,2304. 대현그린타워,202211, 291 , 144 
강남구,2305. MCM 본사 직영점 앞,202211, 368 , 379 
강남구,2306. 압구정역 2번 출구 옆,202211," 2,137 "," 2,028 "
강남구,2307. 압구정 한양 3차 아파트,202211, 514 , 463 
강남구,2308. 압구정파출소 앞,202211," 1,255 "," 1,319 "
강남구,2309. 청담역(우리들병원 앞),202211, 430 , 222 
강남구,2310. 청담동 맥도날드 옆(위치),202211, 563 , 601 
강남구,2311. 학동로 래미안 아파트 앞,202211, 305 , 162 
강남구,2312. 청담역 13번 출구 앞,202211, 613 , 554 
강남구,2313. 금원빌딩 앞,202211, 798 , 899 
강남구,2314. 청담나들목입구,202211, 446 , 401 
강남구,2315. 봉은사역 5번출구 옆,202211, 807 , 823 
강남구,2317. 삼성도로공원,202211, 767 , 780 
강남구,2318. 삼성중앙역4번출구(문화센터더 리빌),202211, 339 , 217 
강남구,2319. 포스코사거리 서측(수협 삼성동 지점),202211, 822 , 814 
강남구,2320. 도곡역 대치지구대 방향,202211, 656 , 750 
강남구,2321. 학여울역 사거리,202211, 600 , 582 
강남구,2323. 주식회사 오뚜기 정문 앞,202211, 716 , 781 
강남구,2324. 천주교 대치 2동 교회 옆,202211," 1,297 "," 1,410 "
강남구,2325. 대치삼성아파트 앞 교차로,202211, 913 , 924 
강남구,2326. 대치동 삼성로,202211, 542 , 335 
강남구,2327. 뱅뱅사거리 랜드마크타워 앞,202211," 1,204 "," 1,381 "
강남구,2328. 르네상스 호텔 사거리 역삼지하보도 7번출구 앞,202211, 715 , 701 
강남구,2329. 르네상스호텔사거리 역삼지하보도 2번출구,202211, 549 , 539 
강남구,2330. 역삼월드메르디앙아파트 앞,202211, 817 , 836 
강남구,2331. 동영문화센터앞,202211, 721 , 635 
강남구,2332. 선릉역3번출구,202211," 1,686 "," 1,682 "
강남구,2333. 양재역 3번출구 주변,202211," 1,368 ", 709 
강남구,2334. 삼호아파트 2동 ( 간선도로),202211, 366 , 320 
강남구,2335. 3호선 매봉역 3번출구앞,202211," 2,209 "," 2,425 "
강남구,2336. 강남세브란스교차로  래미안그레이튼 104동 앞,202211, 574 , 511 
강남구,2337. 대모산입구역 2번출구 앞,202211, 608 , 461 
강남구,2339. 현대아파트 정문 앞,202211, 663 , 617 
강남구,2340. 삼호물산버스정류장(23370) 옆,202211," 2,371 "," 2,510 "
강남구,2341. 일원역 4~5번 출구 사이,202211, 720 , 360 
강남구,2342. 대청역 1번출구  뒤,202211," 1,564 "," 1,556 "
강남구,2343. 세곡사거리 대왕파출소 앞,202211, 99 , 104 
강남구,2344. 리엔파크 2단지 앞,202211, 454 , 440 
강남구,2347. 두산건설 본사,202211, 189 , 98 
강남구,2348. 포스코사거리(기업은행),202211," 2,141 "," 2,400 "
강남구,2349. 역삼빌딩 앞(하나은행 옆),202211, 484 , 278 
강남구,2350. 래미안그레이튼102동앞,202211, 225 , 223 
강남구,2351. 청소년수련관(수영장)앞,202211, 444 , 332 
강남구,2352. 서울본부세관(건설회관 앞),202211, 152 , 118 
강남구,2353. 강남구청역 2번출구 뒤,202211, 447 , 417 
강남구,2354. 청담역 2번출구,202211, 208 , 212 
강남구,2356. 강남구청,202211, 664 , 427 
강남구,2357. 르네상스호텔사거리 역삼지하보도 3번출구 앞 (더 오번 빌딩 명동칼국수 앞),202211, 461 , 432 
강남구,2358. 구룡초사거리 (현대아파트10동 앞 ),202211, 531 , 487 
강남구,"2359. 국립국악중,고교 정문 맞은편",202211, 933 , 961 
강남구,2360. 도곡1동 주민센터 교차로,202211, 703 , 691 
강남구,2362. 신사동 가로수길 입구,202211," 1,036 ", 969 
강남구,2363. 강남 을지병원 교차로,202211, 388 , 305 
강남구,2364. 도산공원교차로,202211, 671 , 654 
강남구,2365. K+ 타워 앞,202211, 809 , 836 
강남구,2368. 도곡동 경남아파트 건너편,202211, 332 , 248 
강남구,2369. KT선릉타워,202211," 1,278 "," 1,299 "
강남구,2370. 한티역 3번출구,202211, 390 , 342 
강남구,2371. 한국우편사업진흥원,202211, 120 , 92 
강남구,2372. 대치역 사거리,202211, 768 , 911 
강남구,2373. 개포동역 사거리,202211, 715 , 648 
강남구,2375. 수서역 1번출구 앞,202211," 1,323 "," 1,460 "
강남구,2376. 수서역 6번출구 앞,202211, 146 , 187 
강남구,2377. 수서역 5번출구,202211," 3,246 "," 3,641 "
강남구,2380. 삼성동베이직하우스앞,202211, 542 , 378 
강남구,2381. 언주역 6번출구앞,202211, 477 , 473 
강남구,2382. 역삼동 sk뷰 501동앞,202211, 385 , 384 
강남구,2383. 보금자리정원,202211, 308 , 306 
강남구,2384. 자곡사거리,202211," 1,609 "," 1,663 "
강남구,2385. 학동역,202211, 747 , 690 
강남구,2386. 크린랩 본사,202211, 272 , 153 
강남구,2387. 래미안강남힐즈 사거리,202211, 914 , 920 
강남구,2388. 강남구 도시관리공단,202211, 551 , 196 
강남구,2389. 경기여자고등학교 후문 (삼성로3길 입구),202211, 647 , 580 
강남구,2390. 구룡마을 입구 (래미안블레스티지 아파트),202211, 304 , 268 
강남구,2391. 구룡터널 입구(개포1단지아파트),202211, 9 , 9 
강남구,2392. 구룡산 입구 (구룡산 서울둘레길 입구),202211, 188 , 96 
강남구,2393. 구룡사 앞 교차로 (보도육교),202211, 96 , 88 
강남구,2394. 개포래미안포레스트아파트 107동 앞,202211, 687 , 592 
강남구,2395. 개포1단지아파트 입구 (보도육교),202211, 205 , 193 
강남구,2396. 영동3교 북단(우성캐릭터 앞 보도),202211, 419 , 402 
강남구,2398. 더라움,202211, 227 , 224 
강남구,2401. 밀알학교 입구 (삼성서울병원 입구),202211, 381 , 221 
강남구,2403. 공무원연금매점 교차로 (개포주공9단지 입구),202211, 284 , 268 
강남구,2404. 대모산입구역 4번 출구 앞,202211," 1,264 "," 1,253 "
강남구,2405. 청담공원앞 교차로,202211," 1,231 ", 499 
강남구,2406. 논현동 광명빌딩 앞,202211, 443 , 303 
강남구,2408. 강남한양수자인아파트,202211, 987 , 947 
강남구,2409. 역삼동 디오슈페리움 (우성아파트 사거리),202211, 980 , 981 
강남구,2410. 포스코피앤에스타워 (역삼역 3번출구 부근),202211," 1,366 "," 1,139 "
강남구,2411. 세곡동 성당,202211, 847 , 899 
강남구,2412. 일원1동 주민센터,202211," 1,137 "," 1,254 "
강남구,2413.도곡역 1번 출구,202211, 988 ," 1,076 "
강남구,2414. 도곡역 아카데미스위트 앞,202211," 1,767 "," 1,828 "
강남구,2415.한티역 롯데백화점 앞,202211," 1,208 "," 1,213 "
강남구,2416.한티역 6번 출구,202211, 558 , 481 
강남구,2417.선정릉 디캠프(D.CAMP)앞,202211, 319 , 319 
강남구,2418.봉은사역 7번 출구 ,202211, 900 , 915 
강남구,"2419.봉은사역 1,2번 출구 ",202211, 660 , 669 
강남구,2420.학여울역 사거리(LG베스트샵 앞),202211, 933 , 883 
강남구,2421. 신논현역 4번출구,202211, 898 , 693 
강남구,2422.수서동 성당 맞은편,202211, 570 , 694 
강남구,2423.영희초교 사거리(래미안개포루체하임),202211, 995 ," 1,064 "
강남구,2425.세곡동 사거리(대왕초등학교 정류장),202211, 173 , 171 
강남구,2426.강남한신휴플러스 6단지,202211, 656 , 623 
강남구,2427.개포고등학교 정문앞,202211, 376 , 380 
강남구,2428.롯데리아 개포점앞,202211, 548 , 551 
강남구,2429.압구정로데오역 6번출구,202211," 1,007 ", 988 
강남구,2430.강남파이낸스센터앞(역삼역2번출구),202211, 691 , 551 
강남구,2431.대치역 7번출구,202211," 1,379 "," 1,474 "
강남구,3602. 한국지역난방공사강남지사,202211, 445 , 484 
강남구,3604. 삼성중앙역 5번출구,202211, 929 , 679 
강남구,3606. 신사동주민센터 옆,202211, 930 ," 1,086 "
강남구,3609. 언주초등학교 입구,202211, 671 , 662 
강남구,3610. 윗반마을 입구,202211, 106 , 97 
강남구,3611. 방죽마을 입구,202211, 326 , 332 
강남구,3612. 은곡마을,202211, 500 , 567 
강남구,3614. 은마아파트 입구 사거리,202211," 1,289 "," 1,336 "
강남구,3615. 서울 논현동우체국 앞,202211, 261 , 246 
강남구,3616. 역삼중학교 앞(체육관 방향),202211, 282 , 258 
강남구,3618. 서울율현초교 삼거리,202211, 820 , 890 
강남구,3620. 청담역 11번 출구,202211, 169 , 49 
강남구,3621. 휘문고교 사거리,202211, 427 , 316 
강남구,3622. 은마아파트입구 사거리(1),202211, 272 , 214 
강남구,3623. 일원에코파크 앞(개포로 방면),202211, 642 , 744 
강남구,3624. 대모산입구역 7번 출구 앞,202211, 219 , 156 
강남구,3627. 압구정나들목,202211," 1,474 "," 1,532 "
강남구,3628. 역삼1동 주민센터,202211," 1,262 "," 1,307 "
강남구,3629. 청담사거리(신한오피스텔빌딩 앞),202211, 541 , 694 
강남구,3630. 개포우성6차아파트 정문 앞,202211, 365 , 292 
강남구,3634. 국악고교 앞 교차로,202211, 422 , 430 
강남구,3636. 삼성중앙역·플래티넘아파트 정류소,202211, 596 , 583 
강남구,3637. 세곡데이케어센터,202211, 196 , 188 
강남구,3638. 신청담나들목,202211, 411 , 431 
강남구,3640. 일원1동주민센터앞 사거리,202211, 711 , 749 
강남구,3641. 대청역,202211, 631 , 664 
강남구,3642. LH강남힐스테이트아파트,202211, 729 , 338 
강남구,3643. 더시그넘하우스 앞,202211, 649 , 662 
강남구,3644. 상록수아파트,202211, 658 , 300 
강남구,3646. 선정릉역 4번 출구,202211, 316 , 314 
강남구,3647. 구룡역 1번 출구,202211, 294 , 227 
강남구,3648. 구룡역 4번 출구,202211, 146 , 153 
강남구,3649. 구룡역 5번 출구,202211, 267 , 291 
강남구,3651. 개포동역 4번출구,202211, 969 ," 1,003 "
강남구,4901.KT&G타워 옆(상상마당 대치아트홀),202211, 667 , 530 
강남구,4902. 구역삼세무서 교차로,202211," 1,053 "," 1,056 "
강남구,4903. 신사스퀘어,202211, 358 , 349 
강남구,4905. 강남경찰서,202211," 1,340 "," 1,417 "
강남구,4906. 섬유센터 앞,202211," 1,780 "," 1,798 "
강남구,4907. 극동스포츠 앞,202211, 583 , 490 
강남구,4908. SB타워 앞,202211, 352 , 354 
강남구,4909. 노보텔 앰배서더 앞,202211, 336 , 159 
강남구,4911. 도곡동 골프 로데오거리,202211, 500 , 504 
강남구,4913. 레베쌍트 빌딩 앞,202211, 363 , 406 
강남구,4914. 도심공항타워 앞,202211, 911 , 959 
강남구,4915. 영동중앙교회 버스정류장,202211, 250 , 250 
강남구,4916. 청담역 1번출구,202211, 232 , 175 
강동구,1001. 광진교 남단 사거리(천호공원 방면),202211," 1,774 "," 1,775 "
강동구,1002. 해공공원(천호동),202211," 2,806 "," 2,843 "
강동구,1003. 해공도서관앞,202211," 1,226 "," 1,208 "
강동구,1004. 삼성광나루아파트 버스정류장,202211," 1,753 "," 2,365 "
강동구,1006. 롯데캐슬 115동앞,202211, 297 , 280 
강동구,1007.암사동 선사유적지,202211, 189 , 173 
강동구,1008. 암사역 3번출구(국민은행앞),202211," 3,942 "," 4,976 "
강동구,1009. 천호역4번출구(현대백화점),202211," 5,583 "," 5,685 "
강동구,1010. 강동세무서,202211," 3,120 "," 3,077 "
강동구,1011. LIGA 아파트 앞,202211," 3,339 "," 3,254 "
강동구,1012. 서울 상운차량,202211," 1,559 "," 1,503 "
강동구,1013. 강동구청역 1번 출입구,202211," 2,656 "," 2,688 "
강동구,1015. 샛마을 근린공원,202211," 1,031 "," 1,001 "
강동구,1016. 해뜨는 주유소옆 리엔파크 109동앞,202211, 812 , 828 
강동구,1017. 둔촌고교입구 교차로(길동주민센터 방면),202211," 2,246 "," 2,249 "
강동구,1018. 둔촌 주공 GS 맞은편,202211, 915 , 926 
강동구,1019. 다성이즈빌아파트(호원대 대각선 맞은편),202211," 4,437 "," 4,584 "
강동구,1020. 강동경찰서,202211," 4,717 "," 4,754 "
강동구,1021. 강일동 리슈빌 빌딩앞,202211," 1,567 "," 2,000 "
강동구,1022. 길동 사거리(초소앞),202211," 2,014 "," 1,978 "
강동구,1023. 한국종합기술사옥 앞,202211," 2,716 "," 2,881 "
강동구,1024.  강동구청 앞,202211," 3,559 "," 3,627 "
강동구,1025. 상일초등학교,202211, 932 , 946 
강동구,1026. 대명초교 입구 교차로,202211, 774 , 712 
강동구,1027. 프라자 아파트 앞,202211," 1,548 "," 1,418 "
강동구,1028. 포레스 주상복합 빌딩,202211," 1,793 "," 1,792 "
강동구,1029. 성내어울터,202211," 2,974 "," 2,930 "
강동구,1030. 미호 플랜트 앞,202211," 1,495 "," 1,488 "
강동구,1031. 올림픽로 836(아리수로),202211, 646 , 760 
강동구,1032. 선사고등학교,202211, 634 , 684 
강동구,1033. 고덕동 아남아파트,202211," 1,240 ", 938 
강동구,1034. 고덕동 래미안 힐스테이트,202211, 378 , 337 
강동구,1035. 고덕역 4번출구,202211," 2,445 "," 1,517 "
강동구,1036. 고덕동 주양쇼핑,202211," 1,391 "," 1,390 "
강동구,1037. 강일리버파크 6단지,202211, 334 , 359 
강동구,1038. 강일 다솜 어린이 공원,202211, 356 , 414 
강동구,1039. 고덕초등학교,202211, 285 , 283 
강동구,1041. 묘곡초등학교,202211, 692 , 696 
강동구,1042. 강일리버파크 2~5단지,202211, 744 , 842 
강동구,1044. 굽은다리역,202211," 4,612 "," 4,834 "
강동구,1047. 강동 한신휴플러스,202211," 2,737 "," 2,844 "
강동구,1048. 둔촌어린이공원,202211," 3,171 "," 3,203 "
강동구,1049. 강일리버파크 10단지,202211, 775 , 869 
강동구,1050.  둔촌역 3번 출입구,202211," 5,260 "," 5,366 "
강동구,"1051. 강일중,선사고 버스정류장(신암중학교 방면)",202211," 1,508 "," 1,567 "
강동구,1052. 리싸이클시티,202211, 146 , 124 
강동구,1053. 동명근린공원 진입로 (아리수로),202211, 364 , 338 
강동구,1054. 말우물 어린이 공원,202211, 312 , 403 
강동구,1056. 강일리버파크 7~11단지,202211, 575 , 690 
강동구,1057. 능골근린공원,202211, 842 , 824 
강동구,1058. 고덕숲 아이파크 1,202211, 422 , 380 
강동구,1059. 래미안 강동팰리스(102동),202211," 1,602 "," 1,210 "
강동구,1062. 고덕숲 아이파크 2,202211, 265 , 262 
강동구,1063.강동롯데캐슬퍼스트 아파트(관리동),202211, 832 , 775 
강동구,1064.중앙보훈병원역 1번출구,202211, 746 , 393 
강동구,1065.보훈병원 후문옆(더 원커피),202211, 618 , 471 
강동구,1066.생태공원앞 교차로(조명탑),202211, 194 , 148 
강동구,1067.한영중고앞사거리,202211, 627 , 486 
강동구,1068.명일파출소,202211," 1,028 ", 883 
강동구,1069.강동경희대학교병원 입구,202211, 530 , 529 
강동구,1070.(시립)고덕평생학습관,202211, 862 , 857 
강동구,1071.명일근린공원공동체텃밭,202211, 251 , 250 
강동구,1072.고덕역 5번출구,202211," 1,474 "," 1,473 "
강동구,1073. SSTS 몰 앞,202211, 958 , 977 
강동구,1074.대명초교입구 사거리,202211," 1,626 "," 1,545 "
강동구,1075.천동초교 삼거리,202211," 1,758 "," 1,730 "
강동구,1076. 천동초교입구사거리 버스정류장(십자성마을 방면),202211," 2,008 "," 2,048 "
강동구,1077.강동역 1번출구 앞,202211," 2,257 "," 2,234 "
강동구,1078.둔촌사거리,202211," 3,530 "," 3,767 "
강동구,1079.강일동입구교차로,202211, 457 , 431 
강동구,1080.엘웨딩,202211," 1,303 "," 1,308 "
강동구,1081.트레빌빌딩,202211," 1,492 "," 1,403 "
강동구,1082.중앙보훈병원역3번출구,202211, 140 , 139 
강동구,1083.광문고교사거리(아이파크),202211, 806 , 800 
강동구,1084. 윤선생빌딩(JYP사옥),202211," 3,718 "," 4,305 "
강동구,1085.래미안 솔베뉴(고덕로),202211," 1,356 ", 875 
강동구,1086.래미안 솔베뉴(구천면로),202211, 858 , 849 
강동구,1088.풍납사거리(강동),202211," 1,763 "," 1,669 "
강동구,1089.고덕 래미안힐스테이트(201동),202211, 299 , 251 
강동구,1090.상일동역 2번출구 앞,202211," 2,784 "," 2,815 "
강동구,3539. 서원마을,202211, 244 , 242 
강동구,3652. 한영외국어고등학교,202211, 243 , 210 
강동구,3653. 강동리버스트4단지아파트 404동 앞,202211, 512 , 518 
강동구,3654. 강동리버스트4단지아파트 405동 앞,202211, 387 , 447 
강동구,3655. 둔촌신성미소지움아파트,202211, 761 , 528 
강동구,3656. 둔촌푸르지오아파트,202211," 1,882 "," 1,881 "
강동구,3657. 서울천호동우체국,202211," 2,166 "," 2,179 "
강동구,3658. 프라이어팰리스아파트,202211, 887 , 879 
강동구,3659. 명일초등학교 옆,202211, 377 , 307 
강동구,3661. 명일동신동아아파트 앞,202211, 574 , 572 
강동구,3663. 암사정수센터교차로(강동롯데캐슬퍼스트아파트),202211, 369 , 300 
강동구,3664. 맥도날드 서울둔촌DT점 앞,202211," 2,803 "," 2,830 "
강동구,3665. 고덕센트럴 아이파크상가 앞,202211, 825 , 713 
강동구,3668. 성내삼성아파트,202211," 3,656 "," 4,043 "
강동구,3671. 둔촌동역교차로,202211," 2,676 "," 2,654 "
강동구,3672. 고덕중학교 후문,202211, 443 , 438 
강동구,3673. 강동리버스트6단지,202211, 629 , 632 
강동구,3674. 강동리버스트7단지,202211, 546 , 606 
강동구,3675. 강동리버스트8단지,202211, 776 , 797 
강동구,3676. 강동리엔파크9단지,202211, 614 , 574 
강동구,3677. 강동구음식물재활용센터,202211, 57 , 71 
강동구,3680. 강동역3번출구,202211," 4,169 "," 4,169 "
강동구,3681. 길동 마루빌딩,202211," 4,025 "," 4,251 "
강동구,3682. 길동 동호빌딩,202211, 556 , 563 
강동구,3683. KT&G강동지사,202211," 1,491 "," 1,618 "
강동구,3684. 고덕자이(105동 앞),202211," 1,348 "," 1,395 "
강동구,3685. 강동리엔파크14단지(1401동 앞),202211," 1,441 "," 1,515 "
강동구,3686. 고덕 래미안 힐스테이트(101동),202211, 752 , 745 
강동구,3687. 신명초교입구 교차로,202211," 1,130 "," 1,207 "
강동구,3688. 상일동산(동아아파트앞 교차로),202211, 378 , 384 
강동구,3689. 강일역 3번출구,202211," 1,379 "," 1,189 "
강동구,3690. 강일역 4번출구,202211, 506 , 356 
강동구,3691. 둔촌역 2번출구,202211, 845 , 918 
강동구,3692. 둔촌오륜역 1번 출구,202211, 810 , 714 
강동구,3694. 강동리엔파크 13단지(1303동 앞),202211, 786 , 807 
강동구,3698. 명일역 3번출구 옆,202211," 1,677 "," 1,674 "
강동구,3699. 상일파출소 옆,202211," 1,406 "," 1,432 "
강동구,3700. 강변그대가리버뷰 입구 맞은편,202211," 1,100 "," 1,180 "
강동구,3701. 방아삼거리,202211, 153 , 158 
강동구,4951. 강동농협 버스정류소 앞(광채빌라),202211," 1,878 "," 1,869 "
강북구,"1501. 미아역 3번,4번 출구 사이",202211," 1,612 "," 1,617 "
강북구,1503. 강북구청사거리(수유역 8번출구),202211," 2,499 "," 2,791 "
강북구,1504. 삼양시장오거리,202211, 447 , 441 
강북구,1506. 강북문화예술회관,202211," 1,246 "," 1,235 "
강북구,1509. 서울북부수도사업소,202211, 636 , 643 
강북구,1510. 번동주공5단지 관리사무소 앞,202211, 412 , 427 
강북구,1511. 번동 금호어울림아파트102동앞,202211, 567 , 572 
강북구,1512. 강북중학교 앞,202211," 1,914 "," 1,945 "
강북구,1513. 강북구청 뒷편,202211, 386 , 396 
강북구,1514. 강북구청 사거리 버스정류소 앞,202211," 1,108 "," 1,108 "
강북구,1515. 송천동 주민센터,202211, 586 , 593 
강북구,1516. 우이초등학교 후문 옆,202211, 661 , 642 
강북구,1518. 수유2동은행빌딩 앞,202211, 727 , 737 
강북구,1519. 장미원시장 건너편,202211, 740 , 649 
강북구,1520. 수유중앙시장,202211," 1,251 "," 1,316 "
강북구,1525. 미아동 복합청사,202211, 458 , 454 
강북구,1526. 강북종합시장 앞,202211, 887 , 893 
강북구,1527. 미아역 1번 출구 뒤,202211, 958 , 952 
강북구,1528. 삼각산동 주민센터,202211, 858 , 223 
강북구,1529. 미아동 한국전력공사,202211," 1,714 "," 1,711 "
강북구,1530. 광산사거리,202211," 1,648 "," 1,665 "
강북구,1531. 미아사거리 1번 출구,202211," 2,437 "," 2,664 "
강북구,1532. 번3동 주민센터 교차로,202211, 944 , 985 
강북구,"1533. 번동 주공3, 4단지 교차로",202211," 1,092 "," 1,189 "
강북구,1535. 효성인텔리안 앞,202211," 1,680 "," 1,700 "
강북구,1536. 번동 두산위브 101동 옆,202211, 846 , 695 
강북구,1537. 북한산 우이역,202211, 563 , 513 
강북구,1538. 솔밭공원역,202211, 324 , 326 
강북구,1539. 4.19민주묘지역,202211, 732 , 732 
강북구,1540. 가오리역,202211, 959 , 938 
강북구,1541. 삼양역,202211, 231 , 177 
강북구,1542. 삼양사거리역,202211, 425 , 424 
강북구,1543. 수유1동 주민센터,202211, 561 , 554 
강북구,1546. 송천동우체국,202211, 378 , 488 
강북구,1547. 꿈의숲 롯데캐슬,202211, 457 , 220 
강북구,1548. 북서울 꿈의숲 서문,202211, 607 , 334 
강북구,1550.삼각산아이원아파트(105동 옆),202211, 59 , 13 
강북구,1551.4.19탑 앞,202211, 533 , 515 
강북구,1552. 강북구청사거리,202211," 1,613 "," 1,609 "
강북구,1553.서울북부고용노동지청,202211, 640 , 621 
강북구,1554.번동사거리,202211, 717 , 718 
강북구,1557.신창교,202211, 942 , 955 
강북구,1558.강북문화정보도서관,202211, 351 , 320 
강북구,1560. 도봉세무서 앞,202211," 1,061 "," 1,082 "
강북구,1564.4.19민주묘지역 1번출구,202211, 867 , 862 
강북구,1565.수유사거리,202211," 1,267 "," 1,288 "
강북구,1568.4.19민주묘지 입구사거리,202211, 749 , 748 
강북구,1569.수유역2번출구,202211," 3,148 "," 3,152 "
강북구,1571.북서울 꿈의 숲 입구,202211, 442 , 423 
강북구,1572. 우이동 먹거리마을,202211, 126 , 119 
강북구,1573.현대성우아파트 옆,202211, 460 , 397 
강북구,1574.송중초등학교 옆,202211, 677 , 719 
강북구,3703. 삼양입구사거리,202211, 363 , 385 
강북구,3707. 드래곤타워 앞,202211, 947 , 937 
강북구,3711. 월계2교 교차로,202211, 559 , 554 
강북구,3714. 송천센트레빌,202211, 270 , 203 
강북구,3718. 번동3단지 버스정류장,202211," 1,026 "," 1,196 "
강북구,3720. 우이천 창번교,202211, 368 , 377 
강서구,1101. 개화동상사마을종점 버스정류장,202211, 422 , 482 
강서구,1102. 방화사거리 마을버스 버스정류장,202211," 3,111 "," 3,197 "
강서구,1103. 방화역 4번출구앞,202211," 3,199 "," 3,101 "
강서구,1105. 방화근린공원,202211, 383 , 348 
강서구,1106. 신방화사거리,202211," 4,045 "," 4,213 "
강서구,1108. 공항시장역 2번출구 뒤,202211," 1,663 "," 1,654 "
강서구,1109. 공항시장역 4번출구,202211," 1,084 "," 1,116 "
강서구,1110. 공항중학교앞,202211," 1,630 "," 1,637 "
강서구,1111. 마곡엠밸리6_7단지 마곡중학교,202211," 2,804 "," 2,751 "
강서구,1112. 마곡엠밸리4단지 정문,202211," 5,043 "," 5,018 "
강서구,1113. 서남환경공원 버스정류장,202211," 2,720 "," 2,644 "
강서구,1117. 등촌5단지아파트 버스정류장,202211," 4,788 "," 4,877 "
강서구,1118. 증미역 3번출구뒤(등촌두산위브센티움오피스텔),202211," 3,151 "," 3,323 "
강서구,1119. 염창동 한마음아파트 앞,202211," 1,983 "," 1,849 "
강서구,1120. 대림경동아파트앞,202211," 2,324 "," 2,294 "
강서구,1121. 가양레포츠센터 앞,202211," 1,491 "," 1,495 "
강서구,1122. 황금내근린공원,202211," 2,042 "," 2,227 "
강서구,1124. 발산역 6번 출구 뒤,202211," 7,312 "," 7,448 "
강서구,1125. 명덕고교입구(영종빌딩),202211," 5,109 "," 5,445 "
강서구,1126. 우장산역 1번출구옆(우장산아이파크105동앞),202211," 2,394 "," 1,491 "
강서구,1127. 화곡역 버스정류장,202211," 2,525 "," 2,524 "
강서구,1128. 화곡역 6번출구,202211," 2,101 "," 2,091 "
강서구,1129. 화곡역 1번 출구 앞,202211," 2,704 "," 2,713 "
강서구,1130. 화곡본동시장 버스정류장,202211, 780 , 648 
강서구,1132. 등촌역 7번출구,202211," 2,383 "," 2,387 "
강서구,1135. 강서구의회,202211," 2,451 "," 2,144 "
강서구,1136. 등촌2파출소,202211," 1,158 ", 706 
강서구,1137. 등촌2동주민센터,202211, 566 , 276 
강서구,1139. 용문사 버스정류장,202211," 1,771 "," 1,761 "
강서구,1140. 목동사거리 버스정류장,202211," 2,497 "," 2,505 "
강서구,1141. 곰달래 문화복지센터 1-1,202211," 1,820 "," 2,385 "
강서구,1145. 곰달래 문화복지센터 1-2,202211, 985 ," 1,245 "
강서구,1148. 볏골공원,202211," 1,523 "," 1,413 "
강서구,1149. 신방화역환승주차장,202211," 4,942 "," 4,967 "
강서구,1150. 송정역 1번출구,202211," 2,926 "," 3,068 "
강서구,1151. 마곡역1번출구,202211," 3,574 "," 3,599 "
강서구,1152. 마곡역교차로,202211," 5,309 "," 5,398 "
강서구,"1153. 발산역 1번, 9번 인근 대여소",202211," 9,263 "," 9,615 "
강서구,1155. 기쁜우리복지관,202211," 2,201 "," 2,166 "
강서구,1157. 강서구청,202211," 3,816 "," 4,187 "
강서구,1158. 가양역 8번출구,202211," 5,343 "," 5,700 "
강서구,1159. 서서울모터리움 앞,202211, 918 , 924 
강서구,1160. 양천향교역 7번출구앞,202211," 6,200 "," 6,117 "
강서구,1161. 강서면허시험장 앞,202211, 468 , 396 
강서구,1162. 공항초등학교건너편,202211," 3,138 "," 3,113 "
강서구,1163. 방화동강서기동대앞,202211," 3,643 "," 3,701 "
강서구,1165. 마곡중학교 후문,202211," 1,511 "," 1,235 "
강서구,1166. 강서구립등빛도서관,202211," 5,096 "," 5,099 "
강서구,1167. 마곡수명산파크3단지 교차로,202211," 4,594 "," 4,481 "
강서구,1168. 마곡엠밸리10단지 앞,202211," 2,462 "," 2,267 "
강서구,1169. 염창역 1번 출구,202211," 2,772 "," 2,805 "
강서구,1170. 강서구보건소,202211," 1,051 ", 653 
강서구,1171. 염창동 새마을금고 건너편,202211," 1,178 "," 1,259 "
강서구,1172. 가양3동 주민센터,202211," 1,870 "," 2,245 "
강서구,1173. 강서구청사거리(SH타워),202211," 3,748 "," 3,386 "
강서구,1174. 강서구청사거리(부민병원),202211," 1,767 "," 1,679 "
강서구,1175. 대한항공 인력개발센터,202211," 2,017 "," 1,453 "
강서구,1177. 수명중․고교,202211," 2,258 "," 2,358 "
강서구,1178. 개화산역 2번 출구,202211," 1,167 "," 1,096 "
강서구,1180. 마곡엠밸리 15단지(1502동) 건너편,202211," 3,205 "," 3,312 "
강서구,1181. 농수산식품공사 (강서지사),202211, 367 , 371 
강서구,1182. KBS 스포츠월드,202211," 3,623 "," 3,610 "
강서구,1183. KC 대학교,202211, 679 , 520 
강서구,1184. 마곡13단지,202211," 4,070 "," 4,151 "
강서구,1185. 등촌9단지,202211," 1,560 "," 1,590 "
강서구,1186. 송정중학교,202211," 1,435 "," 1,482 "
강서구,1187. 강서수산물도매시장,202211," 1,193 "," 1,214 "
강서구,1188. 롯데중앙연구소,202211, 467 , 506 
강서구,1190. 마곡역 교차로(2번출구),202211," 2,149 "," 2,061 "
강서구,"1191. 마곡역 버스정류장(마곡나루역1번출구, 웰튼병원 방면)",202211," 3,958 "," 3,746 "
강서구,1192. 마곡수명산파크 209동 건너편,202211," 2,915 "," 2,486 "
강서구,1193. 마곡센트럴타워 1차,202211," 4,103 "," 4,582 "
강서구,1194. 센서텍㈜,202211," 1,976 "," 2,413 "
강서구,1195. 코오롱One&Only타워,202211," 3,234 "," 3,456 "
강서구,1196. 서울식물원(문화센터) 건너편,202211, 363 , 222 
강서구,1197. 엠펠리체 호텔 건너편,202211," 3,124 "," 3,164 "
강서구,1198. LG 사이언스파크,202211," 1,305 "," 1,008 "
강서구,1199. 우장산역 3번출구,202211," 2,555 "," 1,890 "
강서구,1200. 개화광역환승센터,202211, 229 , 258 
강서구,2701. 마곡나루역 5번출구 뒤편,202211," 11,364 "," 11,321 "
강서구,2702. 마곡 엠밸리2단지,202211," 2,030 "," 2,063 "
강서구,2703.서울도시가스 앞 ,202211," 1,298 ", 914 
강서구,2704.홈플러스(강서점),202211," 3,617 "," 3,756 "
강서구,2706.강서공업고등학교 앞,202211," 1,254 "," 1,243 "
강서구,2707.한강아파트,202211," 1,791 "," 1,678 "
강서구,2708.강서한강자이타워 앞,202211," 3,923 "," 4,117 "
강서구,2709.강변아파트 310동 앞,202211," 1,105 "," 1,044 "
강서구,2710.라이품 공영주차장 앞,202211," 1,324 ", 973 
강서구,2711.가로공원공영주차장 1번 출구,202211," 1,677 "," 1,793 "
강서구,2712.화곡터널입구교차로,202211, 954 , 389 
강서구,2713.우장초등학교 앞,202211," 2,432 "," 2,421 "
강서구,2715.마곡나루역 2번 출구 ,202211," 16,412 "," 16,365 "
강서구,2716.롯데 R&D 센터,202211, 727 , 785 
강서구,2717.LG유플러스 마곡사옥,202211," 4,827 "," 5,652 "
강서구,2718.마곡수명산파크1단지,202211," 2,297 "," 2,217 "
강서구,2719.마곡문화공원,202211," 4,025 "," 5,412 "
강서구,2720.힐스테이트에코,202211," 4,304 "," 4,328 "
강서구,2721.등촌1-10단지 교차로,202211," 6,280 "," 5,945 "
강서구,2723.마곡 필네이처,202211," 3,541 "," 3,858 "
강서구,2724.(재)FITI시험연구원,202211," 2,224 "," 1,680 "
강서구,2725.서울식물원 식물문화센터,202211," 1,069 ", 893 
강서구,2727.서울식물원 잔디마당 앞,202211," 3,147 "," 3,562 "
강서구,2728.마곡나루역 3번 출구,202211," 9,895 "," 9,478 "
강서구,2729.넥센 유니버시티 앞,202211," 2,273 "," 2,301 "
강서구,2730.마곡메가박스 앞,202211," 3,054 "," 3,041 "
강서구,2731.명덕고교,202211," 1,340 "," 1,769 "
강서구,2732.마곡수명산 1-2단지 ,202211," 2,168 "," 1,852 "
강서구,2733.마곡13단지 정문 앞,202211," 2,553 "," 2,491 "
강서구,2735.마곡 공공청사,202211," 1,984 "," 1,870 "
강서구,2737.까치산역 3번 출구,202211," 2,021 "," 2,255 "
강서구,2739.수명산파크1단지교차로,202211," 4,322 "," 4,247 "
강서구,2740.마곡레포츠센터,202211," 2,274 "," 2,202 "
강서구,2741.마곡수명산파크5-6단지,202211," 2,154 "," 1,815 "
강서구,2742.강서구민올림픽체육센터,202211," 2,105 "," 2,221 "
강서구,2743.동신아파트 104동 앞,202211," 1,004 ", 985 
강서구,2744.강서세무서 앞,202211," 3,655 "," 3,574 "
강서구,2745.수명초등학교,202211," 1,540 "," 1,457 "
강서구,2746.수명산파크 4단지 411동 앞,202211," 2,022 "," 1,922 "
강서구,3753. 공항중학교 버스정류장,202211, 916 , 731 
강서구,3754. 신방화역 8번출구,202211," 1,986 "," 1,938 "
강서구,3756. 마곡힐스테이트 정문,202211," 2,003 "," 1,884 "
강서구,3757. 신방화역 6번출구,202211," 2,360 "," 2,307 "
강서구,3758. 서울남부출입국관리소,202211," 2,135 "," 1,686 "
강서구,3759. 이대서울병원,202211," 2,089 "," 2,221 "
강서구,3760. 발산역 8번 출구,202211," 2,690 "," 2,616 "
강서구,3761. 나이아가라관광호텔,202211, 622 , 632 
강서구,3762. 마곡9단지 907동앞,202211," 1,900 "," 1,694 "
강서구,3763. 등촌태영아파트,202211," 1,288 "," 1,498 "
강서구,3764. 관문주유소(GS칼택스) 앞,202211," 2,009 "," 1,994 "
강서구,3765. 문소빌딩,202211, 847 , 786 
강서구,3766. 강서문화센터,202211, 362 , 283 
강서구,3767. 대원빌딩,202211," 2,352 "," 2,274 "
강서구,3769. 증미역 2번출구,202211," 2,517 "," 2,987 "
강서구,3770. 남부순환로 205,202211, 829 , 688 
강서구,3772. 길성그랑프리텔아파트,202211," 2,978 "," 2,968 "
강서구,3774. 마곡9단지 910동 상가앞,202211," 1,820 "," 1,803 "
강서구,3775. 가양오토갤러리,202211," 1,403 "," 1,395 "
강서구,3776. 김포공항교차로,202211, 625 , 641 
강서구,3778. 김포공항입구 교차로,202211," 1,904 "," 1,928 "
강서구,3780. 등촌서광아파트,202211," 3,740 "," 3,886 "
강서구,3781. 강서아동복지센터,202211, 124 , 187 
강서구,3782. 겸재정선미술관,202211," 1,566 "," 1,442 "
강서구,3783. 마곡금호어울림아파트,202211," 1,379 "," 1,271 "
강서구,3784. 벽산아파트,202211," 2,414 "," 2,258 "
강서구,3785. 마곡14단지 1408동앞,202211," 2,244 "," 2,057 "
강서구,3786. 강서힐스테이트 상가 앞,202211," 1,136 ", 876 
강서구,3787. 가양나들목,202211, 486 , 470 
강서구,3792. 화곡본동시장 입구,202211, 911 , 857 
강서구,3793. 더리브골드타워,202211," 1,380 "," 1,377 "
강서구,3794. 안양천합수부(현대3차아파트),202211," 1,688 "," 1,795 "
강서구,3796. 송정역 3번출구 앞,202211," 2,051 "," 1,976 "
강서구,3797. 마곡수명산파크7단지 710동 앞,202211, 826 , 778 
강서구,3798. 그랜드아이파크아파트 앞,202211," 5,929 "," 5,903 "
강서구,3799. 국립항공박물관,202211, 620 , 685 
강서구,3801. 이랜드글로벌R&D센터,202211," 1,278 "," 1,377 "
강서구,5052. 마곡역 7번출구,202211," 6,494 "," 6,565 "
강서구,5053. 신마곡벽산블루밍메트로오피스텔앞,202211," 2,064 "," 2,089 "
강서구,5055. 마곡역5번출구앞,202211," 1,981 "," 2,044 "
강서구,"5056. 마곡역4,5번출구",202211," 1,275 "," 1,351 "
강서구,5057. 마곡역4번출구,202211," 1,980 "," 1,942 "
강서구,5059. 화곡2동주민센터,202211," 1,366 "," 1,632 "
강서구,5061. 우장산동 가곡어린이공원앞,202211," 2,823 "," 2,812 "
강서구,5062. 마곡동 767-6,202211," 2,388 "," 2,375 "
강서구,5063. 서남환경공원(방화동도시개발2단지방향),202211," 1,539 "," 1,524 "
강서구,5064. 양천향교역8번출구,202211," 2,343 "," 2,366 "
강서구,5065. 허준박물관삼거리,202211," 1,579 "," 1,521 "
강서구,5066. 아망떼마곡전시장,202211," 1,703 "," 2,217 "
강서구,5067. 주원 리젠트 앞,202211, 939 , 964 
강서구,5070. 마곡13단지힐스테이트마스터 후문(1320동 앞),202211," 4,050 "," 4,110 "
강서구,5072. 김포공항입구 교통섬,202211, 599 , 574 
강서구,5073. 우장산역 헤링턴타워 앞,202211," 1,593 "," 1,393 "
강서구,"5074. 마곡엠밸리14단지 버스정류장(마곡엠밸리11,12단지상가방면)",202211," 3,382 "," 3,398 "
강서구,5075. 등촌역 1번출구,202211," 1,493 "," 1,491 "
강서구,5076. 메이필드호텔앞,202211," 1,267 "," 1,275 "
강서구,5078. 왈도강서캠퍼스 앞,202211," 1,993 "," 2,037 "
강서구,5080. 가양역 1번출구,202211," 3,041 "," 3,252 "
강서구,5082. 가양역 7번출구,202211," 4,188 "," 4,767 "
강서구,5084. 강서우체국,202211," 1,383 "," 1,194 "
강서구,5086. 가양테크노타운,202211, 758 , 903 
강서구,5087. 연세강서빌딩,202211," 2,028 "," 2,011 "
강서구,5088. 등촌역 센터스퀘어,202211," 1,296 "," 1,244 "
강서구,5089. LG사이언스파크 E10동,202211," 1,876 "," 2,250 "
강서구,5090. 대상연구소,202211, 474 , 492 
강서구,5091. 보타닉파크타워2,202211," 1,778 "," 1,828 "
관악구,2102. 봉림교 교통섬,202211," 9,879 "," 10,430 "
관악구,2103. 신림동 우방아파트,202211," 1,907 "," 1,901 "
관악구,2104. 사당역 5번출구,202211," 1,496 "," 1,631 "
관악구,2105. 미성동 신림체육센터,202211," 1,783 "," 1,797 "
관악구,2106. 세이브마트,202211," 2,010 "," 2,536 "
관악구,2107. 도림천 신화교,202211," 2,421 "," 2,413 "
관악구,2108. 은천치안센터,202211," 1,608 "," 1,656 "
관악구,2109. 은천로입구 가로공원,202211," 3,406 "," 3,432 "
관악구,2111. 서울대입구역 1번출구,202211," 1,545 "," 1,539 "
관악구,2112. 서울대입구역 마에스트로,202211," 1,257 "," 1,260 "
관악구,2115. 관악구시설관리공단,202211," 1,630 "," 1,359 "
관악구,2116. 에이스에이존빌딩,202211," 1,013 ", 988 
관악구,2119. 중앙동 동진빌딩,202211," 1,105 "," 1,093 "
관악구,2122. 낙성대로 입구,202211, 834 , 827 
관악구,2127. 난곡종점,202211, 531 , 327 
관악구,2128. 관악구청교차로,202211, 773 , 769 
관악구,2129. 낙성대 과학전시관,202211, 602 , 378 
관악구,2130. 영어마을 관악캠프,202211, 189 , 98 
관악구,2137. KT&G 관악지점,202211, 518 , 527 
관악구,2139. 서울신성초등학교,202211, 768 , 754 
관악구,2140. 신림1교 교차로,202211," 1,977 "," 1,910 "
관악구,2141. 미림여고입구 교차로,202211, 119 , 114 
관악구,2143. 서울산업정보학교,202211, 334 , 332 
관악구,2144. 난우길입구,202211, 822 , 832 
관악구,2145. 은천초등학교 육교,202211, 824 , 805 
관악구,2148. 낙성대역 3번출구 뒤,202211," 1,067 "," 1,073 "
관악구,2156. 신림푸르지오아파트,202211," 1,123 "," 1,122 "
관악구,2159. 인헌초교,202211, 438 , 367 
관악구,2164. 관악우체국,202211," 2,555 "," 2,603 "
관악구,2165. JK장평타워,202211, 303 , 259 
관악구,2167. 낙성대역 1번출구,202211, 661 , 647 
관악구,2169. 봉천역 2번출구,202211," 1,670 "," 1,725 "
관악구,2170. 조원동 강남힐병원,202211," 1,426 "," 1,409 "
관악구,2171. 서울대입구역 5번출구,202211," 1,763 "," 1,769 "
관악구,2172. 나들목공원,202211, 666 , 513 
관악구,2173. 당곡사거리,202211," 4,183 "," 4,224 "
관악구,2174. 삼성디지털프라자관악점,202211, 804 , 805 
관악구,2175. 신림동걷고싶은문화의거리입구,202211," 1,746 "," 1,766 "
관악구,2176. 보라매공원 보도육교,202211," 2,142 "," 2,122 "
관악구,2177. 신대방역 2번 출구,202211," 8,035 "," 8,431 "
관악구,2178. 서울대학교 정문,202211, 541 , 424 
관악구,2179. 양녕로 입구,202211," 1,473 "," 1,441 "
관악구,2183. 동방1교,202211," 3,540 "," 3,419 "
관악구,2184. 구암초등학교 버스정류장,202211, 247 , 95 
관악구,2185. 대학동 고시촌,202211, 677 , 645 
관악구,2186. 낙성대입구삼거리,202211, 790 , 795 
관악구,2187. 현대시장사거리,202211," 1,270 "," 1,165 "
관악구,2189. 봉천역 4번출구,202211," 1,805 "," 1,881 "
관악구,2190.도원맨션,202211, 715 , 701 
관악구,2191.대학동주민센터 ,202211, 728 , 702 
관악구,2195.은천교회,202211," 1,213 "," 1,194 "
관악구,2196. 봉천역 3번출구,202211, 664 , 682 
관악구,2198.사랑의병원,202211, 862 , 893 
관악구,2199.신봉천주유소 A,202211, 128 , 124 
관악구,3306.서울신우초등학교,202211, 74 , 36 
관악구,3307.봉천고개 육교,202211, 570 , 43 
관악구,3310.영락고등학교,202211, 319 , 70 
관악구,3311.서울대입구역 4번 출구,202211," 1,149 "," 1,145 "
관악구,3802. 관악구민체육센터,202211, 835 , 839 
관악구,3803. 남서울중학교,202211," 1,114 "," 1,103 "
관악구,3804. 낙성대공원,202211, 260 , 146 
관악구,3806. 낙성대 교수아파트,202211, 349 , 129 
관악구,3807. 관악우체국 교차로,202211, 576 , 598 
관악구,3810. 신봉천주유소 B,202211, 258 , 259 
관악구,3811.신사로입구,202211," 2,322 "," 2,280 "
관악구,3812. KT관악지점,202211," 1,066 "," 1,064 "
관악구,3813. 낙성대역 5번출구,202211, 709 , 700 
관악구,3814. 난곡사거리 ,202211," 1,635 "," 1,605 "
관악구,3815. 광일빌딩,202211," 1,141 "," 1,202 "
관악구,3816. 관악 GSfresh,202211," 1,167 "," 1,044 "
관악구,3818. 은천교회 앞,202211," 1,522 "," 1,477 "
관악구,3819. 서울대벤처타운역,202211, 382 , 286 
관악구,3820. 은천삼거리,202211, 378 , 370 
광진구,3500. 군자역2번출구,202211," 3,048 "," 3,048 "
광진구,3501. 광진구청 앞,202211," 3,449 "," 3,451 "
광진구,3502. 중곡역 1번출구,202211," 1,280 "," 1,191 "
광진구,3503. 광진유진스웰,202211, 204 , 96 
광진구,3504. 원일교회,202211," 2,794 "," 2,763 "
광진구,3505. 신양초교앞 교차로,202211, 810 , 804 
광진구,3506. 영동대교 북단,202211," 2,254 "," 2,297 "
광진구,3507. 어린이회관,202211, 980 , 640 
광진구,3508. 화양사거리,202211, 867 , 857 
광진구,3509. 세종사이버대학교,202211," 3,632 "," 3,630 "
광진구,3510. 중곡SK아파트앞,202211, 744 , 627 
광진구,3516. 구의아리수정수센터앞,202211, 875 , 873 
광진구,3517. 용마사거리,202211," 2,073 "," 2,180 "
광진구,3518. 군자역 7번출구뒤,202211," 5,242 "," 5,263 "
광진구,3520. 광진경찰서,202211," 3,028 "," 3,015 "
광진구,3521. 현대홈타운 뒷길,202211, 433 , 415 
광진구,3523. 건국대학교 과학관(이과대) 앞,202211," 1,800 "," 1,935 "
광진구,3524. 세종대학교,202211, 342 , 344 
광진구,3528. 광진정보도서관,202211," 1,150 "," 1,490 "
광진구,3529. 어린이대공원정문,202211, 905 , 732 
광진구,3533. 건대입구역 사거리(롯데백화점),202211," 6,156 "," 6,672 "
광진구,3534. 건대입구역 5번출구 뒤,202211," 3,894 "," 3,932 "
광진구,3536. 중앙농협(자양동),202211," 2,755 "," 2,839 "
광진구,3537. 아차산 휴먼시아 아파트 옆,202211, 582 , 259 
광진구,3541. 커먼그라운드,202211," 4,368 "," 4,440 "
광진구,3542. 래미안 구의파크 스위트,202211," 2,890 "," 2,855 "
광진구,3543. 세종대학교(학술정보원),202211, 571 , 560 
광진구,3563.구의7단지현대아파트,202211, 238 , 228 
광진구,3564.나루마당,202211, 147 , 65 
광진구,3566.우성4차아파트,202211," 1,666 "," 1,652 "
광진구,3569.건대병원후문,202211," 5,507 "," 5,721 "
광진구,3570.구의역 리버비스타 오피스텔,202211," 3,499 "," 3,551 "
광진구,3571.화양 APT(횡단보도 옆),202211," 4,249 "," 4,055 "
광진구,3573.광나루안전체험관,202211," 1,972 "," 1,868 "
광진구,3575. 자양사거리(서원빌딩),202211," 4,276 "," 4,298 "
광진구,3578.중곡동 파크웨이빌딩,202211," 1,701 "," 1,700 "
광진구,3579.광진 캠퍼스시티,202211," 2,973 "," 2,957 "
광진구,3581.광진광장,202211," 2,577 "," 2,326 "
광진구,3582.화양동 우체국,202211," 2,502 "," 2,345 "
광진구,3586.군자역 비채온 오피스텔,202211," 2,141 "," 2,110 "
광진구,3587.우성식품 앞,202211," 1,690 "," 1,682 "
광진구,3588.세종대학교(영실관),202211, 887 , 887 
광진구,3853. 어린이대공원역 2번출구,202211," 1,337 ", 991 
광진구,3860. 건국대학교 정문 앞,202211," 1,796 "," 1,755 "
광진구,3863. 동일로58길 입구,202211, 686 , 656 
광진구,3864. 광진소방서 앞,202211," 1,372 "," 1,304 "
광진구,3865. 이튼타워리버 2차,202211," 1,884 "," 1,895 "
광진구,3868. 자양한강도서관,202211," 2,005 "," 2,010 "
광진구,3873. 동서울우편집중국 앞,202211," 1,090 "," 1,089 "
광진구,3878. 장로회신학대학교 주기철 기념관,202211, 68 , 67 
광진구,3879. 중랑천 뚝방길 산책로 입구,202211," 1,423 "," 1,493 "
광진구,3880. 홍련봉 공원,202211, 611 , 400 
광진구,3881. 신자초교입구 교차로,202211," 3,265 "," 3,333 "
광진구,3882. 자양2동 주민센터,202211," 1,690 "," 1,664 "
광진구,3886.광진구 민방위교육센터,202211," 1,663 "," 1,639 "
광진구,500. 어린이대공원역 3번출구 앞,202211," 2,818 "," 2,708 "
광진구,501. 광진구의회 앞,202211," 1,998 "," 1,772 "
광진구,502. 뚝섬유원지역 1번출구 앞,202211," 8,525 "," 8,960 "
광진구,505. 자양사거리 광진아크로텔 앞,202211," 2,656 "," 2,634 "
광진구,515. 광양중학교 앞,202211, 620 , 626 
광진구,516. 광진메디칼 앞,202211," 1,748 "," 1,767 "
광진구,539. 군자교교차로,202211," 1,694 "," 1,723 "
광진구,540. 군자역 7번출구 베스트샵 앞,202211," 2,061 "," 2,096 "
광진구,542. 강변역 4번출구 뒤,202211," 2,024 "," 2,036 "
광진구,543. 구의공원(테크노마트 앞),202211," 2,423 "," 2,434 "
광진구,544. 광남중학교,202211, 973 ," 1,009 "
광진구,546. 잠실대교북단 교차로,202211," 1,989 "," 2,008 "
광진구,548. 자양나들목,202211," 2,360 "," 2,383 "
광진구,549. 아차산역 3번출구,202211," 2,980 "," 2,967 "
광진구,551. 구의삼성쉐르빌 앞,202211," 3,229 "," 3,321 "
광진구,552. 대림아크로리버 앞,202211," 1,054 "," 1,070 "
광진구,553. 중곡 성원아파트 앞,202211," 1,050 "," 1,100 "
광진구,555. 구의3동주민센터,202211, 654 , 657 
광진구,571. 세종대학교 대양AI센터,202211," 1,379 "," 1,381 "
광진구,573. 구의문주차장 앞,202211," 2,112 "," 2,115 "
광진구,574. 아차산역4번출구,202211," 3,417 "," 1,764 "
광진구,575. 대원중고교 입구(대하빌딩),202211, 536 , 512 
광진구,576. 광나루역 3번 출구,202211," 2,365 "," 2,410 "
광진구,577. 광진청소년수련관,202211," 1,974 "," 2,067 "
광진구,584. 광진광장 교통섬,202211," 3,347 "," 2,302 "
광진구,588. 뚝섬 유원지역,202211," 2,239 "," 2,254 "
광진구,590. 건국대학교 (입학정보관),202211," 2,696 "," 2,722 "
광진구,591. 건국대학교 (행정관),202211," 1,180 "," 1,206 "
광진구,592. 건국대학교 학생회관,202211," 4,370 "," 5,051 "
광진구,593.자양중앙나들목,202211," 1,586 "," 1,693 "
구로구,1901. 신도림동주민센터 앞,202211," 2,331 "," 2,399 "
구로구,1904. 도림천역 1번 출구 앞,202211," 2,897 "," 3,059 "
구로구,1906. 신도림역 1번 출구 앞,202211," 6,335 "," 6,316 "
구로구,1907. 구일우성(아) 육교 밑,202211," 1,601 "," 1,606 "
구로구,1908. 해원리바파크 육교 밑,202211," 1,796 "," 1,928 "
구로구,1910. 낙원교회 맞은편,202211, 593 , 434 
구로구,1911. 구로디지털단지역 앞,202211," 9,207 "," 9,310 "
구로구,1912. 한신휴아파트 앞,202211," 2,232 "," 2,132 "
구로구,1913. 구로리공원,202211," 1,326 "," 1,473 "
구로구,1914. 대림역4번출구,202211," 3,100 "," 3,078 "
구로구,1916. 구로중학교앞,202211, 785 , 733 
구로구,1920. 서울미래초등학교 사거리,202211," 1,934 "," 1,604 "
구로구,1924. 삼부르네상스파크빌,202211," 1,519 ", 714 
구로구,1925. 동양미래대학교 정문 옆,202211," 4,505 "," 4,566 "
구로구,1928. 고척스카이돔구장 광장,202211," 1,123 ", 945 
구로구,1929. 고척근린공원 고척도서관 앞,202211," 1,317 ", 902 
구로구,1930. 개봉지구대 개봉치안센터,202211," 1,188 "," 1,199 "
구로구,1931. 개봉역2번출구 A,202211," 1,658 "," 2,111 "
구로구,1933. 개봉푸르지오아파트 상가,202211," 1,827 "," 2,190 "
구로구,1936. 개봉역 1번 출구 자전거보관서쪽,202211, 857 ," 1,120 "
구로구,1937. 한진아파트 입구,202211," 1,204 "," 1,168 "
구로구,1941. 오류동역 2번출구,202211," 1,233 "," 1,590 "
구로구,1943. 온수역 북측,202211, 545 , 478 
구로구,1946. 구로역 광장,202211," 3,204 "," 3,256 "
구로구,1951. 천왕이펜하우스 4단지 후문,202211, 343 , 210 
구로구,1952. 천왕연지타운2단지 앞,202211," 1,399 "," 1,829 "
구로구,1953. 천왕역 4번출구 뒤,202211," 1,481 "," 1,000 "
구로구,1955. 디지털입구 교차로,202211," 3,998 "," 4,004 "
구로구,1956. 동아1차APT105동 버스정류장(신도림중학교 방면),202211," 1,897 "," 1,900 "
구로구,1957. 구일고등학교 정문 ,202211," 1,896 "," 1,925 "
구로구,1958. 강서수도사업소민원센터,202211," 1,810 "," 1,844 "
구로구,1959. 구로구의회 앞,202211," 1,710 "," 1,796 "
구로구,1960. 구로거리공원 동측(신도림역 방면),202211," 1,546 "," 1,403 "
구로구,1961. 신도림테크노근린공원,202211," 5,375 "," 5,720 "
구로구,1962. 가리봉동주민센터,202211," 2,055 "," 1,982 "
구로구,1964. 원메디타운 앞,202211," 1,932 "," 2,021 "
구로구,1965. 삼환로즈빌아파트 105동 옆,202211," 1,559 "," 1,451 "
구로구,1966. 한마을아파트 정문상가,202211," 1,806 "," 1,766 "
구로구,1967. 참새공원(백곡경노당),202211, 430 , 412 
구로구,1968. 동인오피스텔 건너편 소공원,202211, 527 , 519 
구로구,1969. 궁동생태공원,202211, 321 , 322 
구로구,1971. 오정초교 앞 보도육교,202211, 409 , 293 
구로구,1973. 오리로와 서해안도로 교차로 앞,202211, 609 , 399 
구로구,1974. 신도림2차e편한세상아파트 203동 앞,202211," 1,769 "," 1,482 "
구로구,1975. 대림역 1번 출입구 밑,202211," 1,756 "," 1,759 "
구로구,1976. 남구로역 5번 출입구 앞,202211, 758 , 544 
구로구,1977. 천왕역 1번 출입구 앞,202211," 2,662 "," 2,369 "
구로구,1979. 구로1동우체국 앞,202211, 372 , 335 
구로구,1981. 천왕이펜하우스5단지 앞,202211, 853 ," 1,184 "
구로구,1983. 구로동롯데아파트,202211," 1,406 "," 1,193 "
구로구,1984. 구로구청,202211," 1,705 "," 2,089 "
구로구,1985. 구로도서관,202211," 4,071 "," 3,617 "
구로구,1986. 태평양물산빌딩,202211," 3,756 "," 4,237 "
구로구,1987. 개봉아이파크아파트 앞,202211," 1,145 "," 1,184 "
구로구,1988. 고척LIGA아파트 앞,202211," 2,491 "," 2,472 "
구로구,1991. 오류동역 맞은편,202211," 1,829 "," 1,968 "
구로구,1992. 구로구배드민턴실내체육관 앞,202211, 533 , 532 
구로구,1993. 금강수목원아파트 앞,202211, 660 , 669 
구로구,1994. 삼성전자 물류센터 앞,202211," 1,428 "," 1,407 "
구로구,1996. 구일역 1번 출입구 앞,202211," 2,302 "," 2,325 "
구로구,1998. 고척교 교차로,202211, 615 , 443 
구로구,1999. 수궁동 성당 주변,202211, 832 , 780 
구로구,2000. 신도림4차 e편한세상 아파트 1109동 앞,202211," 1,951 "," 1,628 "
구로구,2801. 대륭포스트타워1차,202211," 2,792 "," 2,904 "
구로구,2804.항동지구 6단지 602동 앞,202211, 193 , 246 
구로구,2805.구로자원순환센터 ,202211, 174 , 121 
구로구,2806.항동지구 4단지 입구,202211, 181 , 116 
구로구,2807.항동지구 1단지 105동 앞,202211, 217 , 219 
구로구,2808.항동지구 2단지 202동 앞,202211, 251 , 239 
구로구,2809.항동지구 11단지 1103동 앞,202211, 157 , 197 
구로구,2810.항동지구 3단지 311동 앞,202211, 130 , 133 
구로구,2812.항동프라자,202211, 492 , 553 
구로구,2813.항동지구 3단지 302동 앞,202211, 59 , 37 
구로구,2814.항동지구 10단지 1001동 앞,202211, 294 , 268 
구로구,2815.항동지구 7단지 정문,202211, 448 , 421 
구로구,2816.항동지구 8단지 803동옆(주차장입구),202211, 125 , 124 
구로구,2817.천왕이펜하우스5단지 앞,202211, 369 , 230 
구로구,2818.천왕이펜하우스3단지 앞,202211, 552 , 190 
구로구,2819.하늘숲초등학교 앞,202211, 890 ," 1,310 "
구로구,2820.신세기아파트 앞,202211, 956 , 948 
구로구,2821.청구아파트 앞,202211," 1,815 "," 1,828 "
구로구,2822.제니스스포츠 앞,202211, 607 , 598 
구로구,2823.중앙유통단지 앞,202211," 1,274 "," 1,271 "
구로구,2824.미래사랑어린이공원 앞,202211," 3,610 "," 3,612 "
구로구,2825.초롱타운 앞,202211, 427 , 382 
구로구,2826.가마산지하보도 옆,202211, 635 , 673 
구로구,3902. 항동지구5단지 501동 앞,202211, 278 , 272 
구로구,3903. 현대아파트 앞,202211, 601 , 640 
구로구,3904. 테크노마트 앞,202211," 2,979 "," 2,974 "
구로구,3905. 희훈타워빌 앞,202211," 2,079 "," 1,990 "
구로구,3906. 천왕차량사업소 입구,202211, 749 ," 1,023 "
구로구,3907. 신도림7차e편한세상아파트 806동 앞,202211," 1,750 "," 1,560 "
구로구,3908. 오류동 다숲오피스텔 앞,202211, 729 , 994 
구로구,3910. 목양전원교회 앞 로터리,202211, 270 , 318 
구로구,3911. 항동하버리안2단지아파트 후문,202211, 167 , 255 
구로구,3912. 삼호아파트 앞,202211, 551 , 494 
구로구,3914. 신도림쌍용플래티넘노블아파트 앞,202211," 1,992 "," 1,995 "
구로구,3915. 동선아파트 앞,202211, 208 , 180 
구로구,3917. 성공회대학교,202211, 728 , 395 
구로구,3918. 이좋은집오피스텔 앞,202211, 719 , 910 
구로구,3919. 구로역·NC신구로점 버스정류장(구로역 방면),202211," 1,817 "," 1,709 "
구로구,3920. 개봉역2번출구 B,202211, 449 , 440 
구로구,3922. 서울남부교정시설 앞,202211, 252 , 292 
구로구,3923. 구로공구상가 앞,202211, 416 , 411 
구로구,3924. 오류동 계림웨스트밸리 앞,202211, 182 , 164 
구로구,3925. 중앙유통단지 앞 B,202211, 822 , 832 
금천구,1804. 독산역 2번출구 자전거주차장,202211," 1,898 "," 1,879 "
금천구,1805. 서울디지털운동장 앞,202211," 1,148 "," 1,132 "
금천구,1806. 에이스하이엔드타워9차 앞,202211," 1,186 "," 1,260 "
금천구,1808. 에이스하이엔드타워8차 앞,202211," 1,594 "," 1,589 "
금천구,1809. LG전자 별관동(호서대 벤처타워 맞은편),202211," 1,055 "," 1,057 "
금천구,1812. 갑을그레이트밸리 앞,202211, 901 , 959 
금천구,1814. 두산위브아파트 옆 상가건물 앞,202211," 1,158 "," 1,144 "
금천구,1816. 금천폭포공원 앞,202211, 203 , 163 
금천구,1819. 금천구청 앞 자전거거치대,202211, 430 , 436 
금천구,1820. 신한은행 시흥대로금융센터지점,202211, 366 , 371 
금천구,1821. 홈플러스 시흥점 맞은편 다비치안경 앞,202211, 960 ," 1,153 "
금천구,1822. 서울 시흥동우체국 앞,202211, 672 , 731 
금천구,1823. 상신정비공업 앞,202211, 391 , 150 
금천구,1824. 독산근린공원 입구,202211," 1,656 "," 1,750 "
금천구,1825. 한신아파트 앞 육교 아래,202211, 664 , 732 
금천구,1826. 한신코아 앞,202211, 477 , 527 
금천구,1827. 독산보도육교 앞 자전거 보관소,202211," 1,664 "," 1,799 "
금천구,1828. 한양수자인아파트 앞,202211, 921 , 559 
금천구,1829. 홈플러스 금천점 앞,202211," 1,006 "," 1,119 "
금천구,1830. 빅마켓 금천점 앞,202211," 2,040 "," 2,090 "
금천구,1831. 메이퀸웨딩컨벤션 앞,202211, 749 , 743 
금천구,1833. 독산역 1번출구 앞 자전거보관소,202211," 1,299 "," 1,356 "
금천구,1834. 월드메르디앙 벤처센터 2차,202211," 1,650 "," 1,734 "
금천구,1835. STX V타워,202211, 918 , 920 
금천구,1836. 금천구립 독산도서관,202211, 274 , 123 
금천구,1839. 수출의 다리 아래,202211, 952 , 989 
금천구,1840. 솔브레인이엔지 뒤편,202211," 1,198 "," 1,277 "
금천구,1841. 가산동 주민센터,202211," 2,001 "," 1,936 "
금천구,1842. 한울중학교,202211, 310 , 84 
금천구,1843. 독산고등학교,202211, 548 , 432 
금천구,1845. 롯데캐슬골드파크1차 서문,202211, 706 , 664 
금천구,1846. 롯데캐슬골드파크1차 동문,202211," 1,212 "," 1,148 "
금천구,1847. 독산주공 14단지 버스정류소,202211, 251 , 240 
금천구,1848. 벽산 디지털밸리 5차,202211," 1,987 "," 2,310 "
금천구,1849. 대륭포스트타워5차,202211, 518 , 559 
금천구,1850. 코오롱테크노밸리,202211, 424 , 444 
금천구,1851. 가산디지털단지 7번출구,202211," 3,786 "," 3,744 "
금천구,1853. 서울디자인직업전문학교 앞,202211, 675 , 601 
금천구,1854. 가산아네스트 오피스텔 앞,202211, 803 , 394 
금천구,1855. 성지아파트 옆 도로변,202211, 244 , 274 
금천구,1856. 모두의학교,202211, 883 , 780 
금천구,1857. 주공14단지,202211, 376 , 342 
금천구,1858. 500번·507번 버스 종점 앞,202211, 263 , 257 
금천구,1859. 대륭테크노타운 18차,202211," 1,004 "," 1,009 "
금천구,1861.IBK기업은행 석수역 지점 앞,202211, 226 , 240 
금천구,1862.스타즈호텔독산 빌딩 앞,202211," 1,147 "," 1,066 "
금천구,1863.위너스 스포츠클럽 골프연습장옆,202211, 504 , 412 
금천구,1864.산호시티빌 옆,202211, 404 , 224 
금천구,1865.금천구청앞(M빌딩),202211, 398 , 412 
금천구,1866.서울안천초등학교 옆,202211, 277 , 271 
금천구,1867.대륭포스트타워6차 앞,202211," 5,661 "," 6,150 "
금천구,1868.우리은행 시흥남자동화점 앞,202211, 424 , 355 
금천구,1869.롯데캐슬골드파크3차 301동 앞,202211," 1,041 "," 1,010 "
금천구,1870.독산3동주민센터 앞,202211, 840 , 462 
금천구,3956. 대륭테크노타운21차 앞,202211, 957 , 971 
금천구,3958. 롯데캐슬2차 마을버스 정류장(18804) 뒤편,202211, 481 , 497 
금천구,3959. 시흥사거리(시흥동 994-3 앞),202211," 1,061 "," 1,136 "
금천구,3963. 에이스 하드웨어(시흥대로 396) 앞,202211, 893 , 976 
금천구,3966. 독산역1번출구 옆,202211," 2,820 "," 3,318 "
금천구,3967. 혜명양로원 담장 옆(2),202211, 501 , 394 
금천구,3969. 독산역 롯데캐슬 104동 앞,202211, 992 , 980 
금천구,3970. 시흥4동주민센터 앞,202211, 255 , 255 
금천구,3971. 순흥안씨묘 건너편,202211, 76 , 60 
금천구,3972. 산기슭공원 앞,202211, 108 , 105 
금천구,3973. 독산2동주민센터 앞,202211, 326 , 261 
금천구,3974.  안천중학교,202211, 314 , 373 
금천구,3975.현대시티아울렛 가산,202211," 1,503 "," 1,515 "
금천구,3977. 말미사거리,202211, 729 , 723 
금천구,3980. 금천현대홈타운 후문 서부샛길,202211, 800 , 772 
금천구,3983. 금천구청역 1번 출구,202211, 944 ," 1,523 "
금천구,3984. 가산롯데아이티캐슬,202211," 1,395 "," 1,428 "
금천구,3985. 디폴리스 지식산업센터,202211," 1,092 "," 1,166 "
노원구,1601. 석계역 문화광장 내 자전거 보관소,202211," 5,145 "," 5,232 "
노원구,1602. 광운대역 앞,202211," 2,122 "," 2,255 "
노원구,1605. 헬스케어,202211," 1,503 "," 1,688 "
노원구,1606. 태릉입구역 3번출구 ,202211," 1,523 "," 1,541 "
노원구,1608. 공릉역 1번 출구 앞,202211," 3,815 "," 3,994 "
노원구,1610. 화랑대역 2번출구 앞,202211," 3,384 "," 3,626 "
노원구,1611. 과기대 입구(우),202211," 3,172 "," 3,182 "
노원구,1616. 하계2동 공항버스정류장 옆,202211," 2,275 "," 2,341 "
노원구,1617. 하계동 중평어린이공원 앞,202211," 2,500 "," 2,477 "
노원구,1619. 중계동 하나프라자빌딩 앞(중1-1),202211," 1,864 "," 1,873 "
노원구,1620. 중계동 노원구민체육센터 옆(중1-2),202211," 1,144 "," 1,134 "
노원구,1625. 상계역(4번출구),202211," 4,457 "," 4,473 "
노원구,1627. 수락산역 4번출구,202211," 1,267 "," 1,263 "
노원구,1628. 노일초등학교 앞,202211, 819 , 821 
노원구,1630. 수연빌딩 앞,202211," 1,158 "," 1,155 "
노원구,1634. 당고개공원 대여소,202211, 490 , 480 
노원구,1635. 상계3.4동 주민센터 대여소,202211, 477 , 346 
노원구,1636. 상계주공2단지 버스정류장 옆,202211," 2,427 "," 2,469 "
노원구,1637. KT 전화국 버스정류장 옆,202211," 4,746 "," 5,024 "
노원구,1639. 희성오피앙,202211," 1,357 "," 1,351 "
노원구,1640. 한내근린공원 북측,202211," 1,312 "," 1,394 "
노원구,1641. 한내근린공원 남측,202211, 910 ," 1,032 "
노원구,1642. 서울여대 남문,202211," 1,180 ", 854 
노원구,1643. 태릉입구역 8번출구,202211," 2,438 "," 2,542 "
노원구,1646. 삼육대 입구,202211, 564 , 492 
노원구,1650. 중계근린공원내,202211," 3,372 "," 3,356 "
노원구,1651. 상계동 우방유쉘아파트 앞,202211," 1,215 "," 1,156 "
노원구,1652. 파르코 앞,202211, 422 , 423 
노원구,1653. 노원역1번출구,202211," 5,024 "," 5,369 "
노원구,1654. 당고개입구 오거리,202211, 972 , 918 
노원구,1655. 공릉1단지아파트,202211," 2,640 "," 2,517 "
노원구,1656. 중앙하이츠 아파트 입구,202211," 2,144 "," 2,138 "
노원구,1657. 노원구청 ,202211," 2,086 "," 2,343 "
노원구,1659. 중계동 을지중학교,202211, 824 , 743 
노원구,1660. 서울시립과학관,202211, 433 , 369 
노원구,1661. 당현천근린공원,202211," 1,793 "," 1,707 "
노원구,1662. 노원역7번출구,202211," 2,739 "," 3,018 "
노원구,1663. 동해문화예술관앞,202211," 3,251 "," 3,507 "
노원구,1664. 노해근린공원내,202211, 491 , 488 
노원구,1665. 양지근린공원앞,202211," 1,231 "," 1,043 "
노원구,1666. 노원소방서인근,202211, 998 , 850 
노원구,1667. 중계중학교,202211," 1,853 "," 1,791 "
노원구,1668. 중계역 6번출구,202211," 1,958 "," 1,993 "
노원구,1669. 중계역 3번출구,202211," 2,044 "," 2,009 "
노원구,1670. 노원경찰서교차로,202211," 1,669 "," 1,612 "
노원구,1671. 인덕대학교,202211," 1,058 "," 1,180 "
노원구,1672. 상계동수락리버시티,202211, 779 , 739 
노원구,1674. 서울북부고용센터앞,202211," 3,553 "," 3,616 "
노원구,1675. 월계문화체육센터,202211, 173 , 138 
노원구,1677. 육군사관학교  앞,202211," 1,801 "," 1,985 "
노원구,1678. 성서대학교 밀알관,202211, 697 , 682 
노원구,1679. 삼육대 도서관,202211, 501 , 328 
노원구,1680. 삼육대 제3과학관,202211, 186 , 44 
노원구,1681. 현대6차 아파트,202211," 1,296 "," 1,030 "
노원구,1682. 중계종합사회복지관 교차로,202211, 720 , 723 
노원구,1683. 노원문화예술회관,202211," 1,952 "," 1,928 "
노원구,1684. 태릉입구역 5번출구,202211," 4,113 "," 4,175 "
노원구,1685. 불암고등학교 앞 횡단보도,202211," 1,518 "," 1,476 "
노원구,1686. 상계주공10단지 종합상가 앞,202211," 2,151 "," 2,150 "
노원구,1688. 마들역 7번출구,202211," 2,210 "," 2,212 "
노원구,1689. 마들역 3번출구,202211," 2,070 "," 2,050 "
노원구,1690. 도봉운전면허시험장 버스정류장 옆,202211," 2,105 "," 2,116 "
노원구,1691. 노원정보도서관,202211," 1,706 "," 1,708 "
노원구,1692. 온곡초교 교차로,202211," 2,507 "," 1,622 "
노원구,1693. 원자력 병원,202211, 545 , 283 
노원구,1696.수락리버시티4단지,202211, 715 , 694 
노원구,1697.상계주공2단지 219동,202211," 1,615 "," 1,597 "
노원구,2901.공릉동풍림아파트 101동,202211," 1,436 "," 1,447 "
노원구,2902.공릉풍림아파트 108동,202211," 1,049 "," 1,037 "
노원구,2903.월계초안아파트 1단지,202211, 507 , 518 
노원구,2904.중계3차청구아파트,202211," 1,327 "," 1,315 "
노원구,2907. 월계중학교,202211, 423 , 89 
노원구,2908. 광운대학교 중앙도서관,202211," 2,114 "," 2,134 "
노원구,2909. 석계역 3번 출구,202211," 1,673 "," 1,671 "
노원구,2910.도깨비시장,202211," 2,838 "," 2,927 "
노원구,2911.상계역중앙시장,202211," 1,200 "," 1,204 "
노원구,2912.대진고등학교,202211," 1,931 "," 1,775 "
노원구,2913.상계8동 주민센터,202211," 1,784 "," 1,839 "
노원구,2914.서울과학기술대학교(미래관),202211," 1,300 "," 1,581 "
노원구,2915.서울과학기술대학교(어학교육원),202211," 3,967 "," 3,539 "
노원구,2917.신창중학교 후문 맞은편 버스정류장,202211, 975 ," 1,056 "
노원구,2919.등나무 근린공원(시립북서울미술관 앞) ,202211," 3,636 "," 3,649 "
노원구,2920.상계중학교(당현2교사거리),202211, 917 , 874 
노원구,2921.중계역 2번출구,202211," 3,413 "," 3,791 "
노원구,4002. 상계주공 14단지 상가 앞,202211, 888 , 919 
노원구,4003. 상계초교 입구 교차로 명주빌딩 앞,202211," 2,125 "," 2,175 "
노원구,4004. 당고개입구오거리 당현천변,202211," 1,319 "," 1,303 "
노원구,4005. 중계2차 한화꿈에그린 101동 인근,202211," 1,129 "," 1,088 "
노원구,4007. 노원 을지대학교 병원,202211," 2,482 "," 2,639 "
노원구,4008. 하계 어린이 공원,202211," 2,067 "," 2,040 "
노원구,4009. 월계프라자,202211, 861 , 382 
노원구,4011. 월계 센트럴 아이파크,202211," 1,381 "," 1,960 "
노원구,4013. 중계 롯데마트,202211," 1,844 "," 1,813 "
노원구,4014. 당고개역 3번 출구,202211," 1,143 "," 1,124 "
노원구,4016. 노원 마들스타디움,202211," 1,289 "," 1,335 "
노원구,4017. 월계 청백1단지 아파트 정류장,202211, 533 , 191 
노원구,4018. 상계주공15단지 버스정류소,202211," 1,558 "," 1,563 "
노원구,4019. 상계주공10단지 버스정류소,202211," 1,240 "," 1,234 "
노원구,4020. 중계동 성모빌딩 앞 ,202211," 1,758 "," 1,760 "
노원구,4021. 중계본동 입구,202211, 319 , 206 
노원구,4023. 월계역 1번 출구,202211," 1,216 "," 1,360 "
노원구,4024. 꿈의숲 SK뷰 아파트,202211," 1,640 "," 1,648 "
노원구,4025. 한천교 동편,202211," 1,009 "," 1,062 "
노원구,4026. 상계주공1단지아파트,202211," 1,846 "," 1,857 "
노원구,4027. 한내 행복발전소 옆,202211," 3,279 "," 3,416 "
노원구,4028. 한일유앤아이아파트 105동 인근,202211," 1,221 "," 1,090 "
노원구,4029. 청소년수련관 후문,202211," 3,699 "," 3,766 "
노원구,4031. 청암예술학교 앞,202211," 1,413 "," 1,339 "
노원구,4032. 은행사거리 성모빌딩 앞,202211," 1,369 "," 1,360 "
노원구,4033. 녹천역 4번 출구 옆,202211, 568 , 647 
노원구,4034. 상계근린공원 운동장 앞,202211," 1,152 "," 1,242 "
노원구,4035. 휴플러스 수락한신아파트 101동 앞,202211, 506 , 485 
노원구,4036. 하계역 6번출구,202211," 1,954 "," 2,177 "
노원구,4037. 물넘이교,202211," 2,370 "," 2,219 "
노원구,4039. 서울시 북부여성발전센터,202211," 1,007 "," 1,016 "
노원구,4040. 공릉로 26길,202211," 1,158 "," 1,345 "
노원구,4041. 공릉역3번출구,202211," 2,496 "," 2,689 "
노원구,4042. 상계문화정보도서관,202211, 801 , 805 
노원구,4043. 상계주공13단지 1301동,202211, 348 , 260 
노원구,4044. 공릉산 백세문 입구,202211, 130 , 123 
노원구,4045. 은하수 공원,202211, 556 , 597 
노원구,5301. 상계주공1단지 버스정류장 옆(대원빌딩 앞),202211," 2,376 "," 2,397 "
노원구,5305. 대륜E&S 서울지사 앞,202211, 656 , 666 
노원구,5306. 동신아파트 후문 옆,202211," 3,661 "," 3,848 "
노원구,5308. 상계신동아아파트,202211, 134 , 86 
노원구,5309. 월계 롯데캐슬아파트 뒤,202211, 509 , 495 
노원구,5310. 목련아파트,202211, 735 , 657 
노원구,5311. 주공601동 상가 노원지하보도 앞,202211," 1,994 "," 2,034 "
노원구,5313. 중계주공2단지 앞,202211, 697 , 678 
노원구,5314. 월계1동주민센터 앞,202211, 926 , 932 
노원구,5315. 당고개역 앞,202211, 405 , 387 
노원구,5317. 공릉동 신도1차 아파트 뒤,202211, 662 , 729 
노원구,5318. 극동의 푸른별 아파트 뒤(중계4동주민센터 앞),202211, 567 , 528 
도봉구,1702. 녹천역 1번출구 앞,202211, 819 , 821 
도봉구,1703. 도봉산광역환승센터앞 ,202211, 301 , 302 
도봉구,1705. 도봉구청 정문앞,202211," 1,616 "," 1,860 "
도봉구,1706. 방학동우체국 건너편,202211, 795 , 799 
도봉구,1707. 도봉구민회관,202211," 1,376 "," 1,378 "
도봉구,1708. 도봉보건소사거리,202211," 1,815 "," 1,816 "
도봉구,1709. 쌍문역4번출구 주변,202211," 1,114 "," 1,043 "
도봉구,1713. 쌍문동 이안아파트 앞,202211, 534 , 189 
도봉구,1714. 도봉문화정보도서관 삼거리,202211, 399 , 106 
도봉구,1715. 서울특별시교육청도봉도서관,202211," 1,045 ", 989 
도봉구,1716. 창동역 1번출구 건너편,202211," 1,072 "," 1,098 "
도봉구,1717. 시립창동운동장 입구,202211, 411 , 344 
도봉구,1719. 신도봉사거리 버스정류장,202211, 875 , 931 
도봉구,1720. 도봉구청 옆(중랑천변),202211," 1,511 "," 1,579 "
도봉구,1721. 창동역 2번출구 ,202211," 4,114 "," 4,714 "
도봉구,1722. 창동청소년수련관,202211, 956 , 905 
도봉구,1723. 방학동학마을도서관,202211, 541 , 541 
도봉구,1725. 창1동주민센터,202211, 789 , 808 
도봉구,1726. 삼익세라믹아파트교차로,202211," 1,085 "," 1,064 "
도봉구,1727. 서울도봉초등학교인근,202211, 473 , 498 
도봉구,1728. 서울북부지방법원,202211, 333 , 318 
도봉구,1729. 도봉한신아파트 버스정류장,202211," 1,169 "," 1,193 "
도봉구,1730. 도봉산역 교차로 앞,202211, 231 , 229 
도봉구,1731. 도봉고등학교 맞은편,202211, 191 , 142 
도봉구,1732. 방학역사거리,202211, 653 , 697 
도봉구,1733. 방학사거리 (봄마당 앞),202211, 739 , 710 
도봉구,1734. 쌍문현대1차아파트 108동 앞,202211, 897 , 728 
도봉구,"1735. 도봉역 1,2번 출구사이 건너편",202211, 855 , 848 
도봉구,1736. 버스정류장 앞,202211, 304 , 254 
도봉구,1737. 신창시장,202211," 1,929 "," 2,053 "
도봉구,1738. 창동주공17단지 상가앞,202211," 2,263 "," 2,348 "
도봉구,1741. 제일강산수산입구,202211," 1,214 "," 1,120 "
도봉구,1742. 북한산 코오롱 하늘채,202211," 2,001 "," 2,041 "
도봉구,1743.창동19단지아파트 관리사무소앞,202211," 1,390 "," 1,399 "
도봉구,1744.도봉소방서 옆,202211," 1,700 "," 1,738 "
도봉구,1746. 방학남부역 버스정류장,202211, 886 , 891 
도봉구,1748. 방학역 1번출구,202211, 986 ," 1,076 "
도봉구,1749. ESA아파트 상가 앞,202211," 1,223 "," 1,295 "
도봉구,1750. 창포원 남쪽 입구,202211, 708 , 751 
도봉구,1751. 창원초등학교 교차로,202211, 704 , 685 
도봉구,1752. 창동 주공 4단지 입구 옆,202211," 1,018 "," 1,110 "
도봉구,1754. 창동시장입구 사거리,202211, 983 , 974 
도봉구,1756.서울북부광역등기국,202211, 394 , 386 
도봉구,1757.솔밭공원역 1번출구 앞,202211, 450 , 381 
도봉구,1758.솔밭공원역 1번출구 주변,202211, 655 , 629 
도봉구,1759.서울북부지방법원 앞,202211, 636 , 668 
도봉구,1761.방학중학교 앞,202211, 456 , 386 
도봉구,1762.북한산 한신휴플러스APT앞,202211," 1,790 "," 1,714 "
도봉구,1765.쌍문역 1번출구 주변,202211," 1,278 "," 1,229 "
도봉구,1767.방학초등학교 앞,202211," 1,577 "," 1,750 "
도봉구,1768.신동아타워 버스정류소,202211, 566 , 556 
도봉구,1770.도봉한신아파트 주변,202211, 842 , 845 
도봉구,1771.성원APT버스정류소,202211, 662 , 601 
도봉구,1772.시립도봉노인복지관 버스정류소,202211, 779 , 730 
도봉구,1774.정의여중고 버스정류소,202211, 507 , 498 
도봉구,1775.신원리베르텔 앞,202211, 961 , 949 
도봉구,4054. 창동한신아파트 버스정류소,202211, 592 , 484 
도봉구,4058. 다락원체육공원 전망대 입구,202211, 425 , 434 
도봉구,4062. 평화도봉공원 주변,202211," 1,159 "," 1,168 "
도봉구,4064. 신창아파트 입구 앞,202211, 368 , 369 
도봉구,4065. 창동역 1번출구 앞,202211," 3,550 "," 3,852 "
도봉구,4073.방아골종합사회복지관,202211, 709 , 583 
도봉구,4074. 도봉구육아종합지원센터(창동),202211, 937 ," 1,104 "
도봉구,4076. 도봉통합복지센터 뒤 중랑천 변,202211," 1,236 "," 1,254 "
도봉구,4077. 도봉제1교,202211," 1,231 "," 1,328 "
도봉구,4078. 원당공원 앞,202211," 1,190 "," 1,195 "
도봉구,4080. 창동주공19단지앞 ,202211," 1,924 "," 1,961 "
도봉구,4083.도봉아이나라도서관 앞,202211," 1,010 "," 1,061 "
도봉구,4084. 도봉동실내스포츠센터,202211, 596 , 569 
도봉구,4086. 도봉로 534,202211, 283 , 246 
도봉구,4087. 우이교 교차로,202211," 1,618 "," 1,654 "
도봉구,4088. 김근태도서관,202211, 297 , 173 
도봉구,4089. 동부센트레빌 앞,202211, 923 , 935 
동대문구,4102. 휘경1동주민센터 앞,202211," 1,143 "," 1,131 "
동대문구,4103. 휘경sk뷰아파트 앞,202211, 703 , 699 
동대문구,4104. 외대앞역 교차로,202211," 1,273 "," 1,260 "
동대문구,4105. 서울교통공사사거리 교통섬,202211," 1,210 "," 1,335 "
동대문구,4107. 장안동근린공원 입구,202211, 880 ," 1,052 "
동대문구,4108. 답십리파크자이아파트 앞,202211," 2,930 "," 3,017 "
동대문구,4110. 용두롯데캐슬리치아파트 앞,202211," 1,535 "," 1,342 "
동대문구,4113. 한국국방연구원 앞,202211," 1,523 "," 1,603 "
동대문구,4114. 휘경여중고삼거리,202211," 1,643 "," 1,795 "
동대문구,4116. 이문e편한세상아파트 앞,202211, 507 , 653 
동대문구,4117. 휘경119안전센터 앞,202211," 1,110 "," 1,031 "
동대문구,4121. 서울문화재단 앞,202211," 1,853 "," 1,947 "
동대문구,4122. 청계9가교차로 앞,202211," 2,940 "," 3,014 "
동대문구,4123. 배봉초교 교차로,202211," 1,163 "," 1,165 "
동대문구,4125. 회기역 2-①번출구,202211," 2,321 "," 2,342 "
동대문구,4128.  종암초등학교 뒤(새울센스빌),202211, 474 , 432 
동대문구,4131. 베네스트 오피스텔 앞,202211, 624 , 544 
동대문구,600. 휘경2동 주민센터,202211, 374 , 343 
동대문구,601. 용신동주민센터,202211," 1,025 "," 1,040 "
동대문구,602. 장안동 사거리,202211," 4,477 "," 5,054 "
동대문구,605. 신설동역8번출구,202211," 1,657 "," 1,705 "
동대문구,606. 휘경공고앞,202211, 564 , 590 
동대문구,607. 신이문역 2번출구,202211, 821 , 936 
동대문구,608. 전농삼성아파트,202211, 297 , 231 
동대문구,609. 제기2교,202211," 1,805 "," 1,827 "
동대문구,610. 동대문중 교차로,202211," 1,194 "," 1,198 "
동대문구,612. 시립동부병원 앞 사거리,202211," 2,630 "," 2,686 "
동대문구,613. 신설동역 10번출구 앞,202211," 2,765 "," 2,841 "
동대문구,614. 용두동 사거리,202211," 2,914 "," 2,902 "
동대문구,615. 용두동 래미안허브리츠아파트 앞,202211," 1,597 "," 1,486 "
동대문구,616. 서울시립대 앞,202211, 224 , 105 
동대문구,617. 청솔우성아파트 앞,202211," 1,534 "," 1,688 "
동대문구,621. 동대문중학교 옆,202211, 537 , 417 
동대문구,622. 전농사거리 교통섬,202211," 1,439 "," 1,507 "
동대문구,623. 서울시립대 정문 앞,202211," 1,702 "," 1,392 "
동대문구,624. 전농동 동아아파트 앞,202211," 1,882 "," 1,968 "
동대문구,626. 군자교 서측 녹지대,202211," 1,947 "," 1,936 "
동대문구,627. 장안동삼거리 교통섬,202211," 1,244 "," 1,270 "
동대문구,628. 휘봉고등학교 앞,202211," 1,046 "," 1,071 "
동대문구,630. 동대문구 보건소,202211," 2,859 "," 3,022 "
동대문구,631. 답십리역 1번출구,202211," 4,417 "," 4,588 "
동대문구,633. 청량리 기업은행 앞,202211," 2,980 "," 3,370 "
동대문구,634. 외국어대 정문 앞,202211," 3,491 "," 3,607 "
동대문구,635. 시조사 앞,202211," 1,112 "," 1,033 "
동대문구,636. 세종대왕기념관 교차로,202211, 128 , 137 
동대문구,637. KAIST 경영대학 앞,202211," 1,369 "," 1,222 "
동대문구,638. 서울시립대 정보기술관,202211, 779 , 533 
동대문구,639. 서울시립대 후문,202211, 734 , 543 
동대문구,640. 동대문경찰서 교차로,202211," 1,274 "," 1,409 "
동대문구,641. 용두역 4번출구,202211," 2,763 "," 2,925 "
동대문구,642. 신답역 사거리,202211," 1,973 "," 2,007 "
동대문구,643. 동대문구민체육센터 (육교아래),202211," 2,329 "," 2,511 "
동대문구,646. 장한평역 1번출구,202211," 5,518 "," 6,859 "
동대문구,647. 신이문역 1번출구,202211," 1,166 "," 1,236 "
동대문구,648. 장안동위더스빌옆,202211," 3,388 "," 3,356 "
동대문구,650. 중랑교사거리,202211," 1,436 "," 1,300 "
동대문구,652. 답십리 래미안엘파인아파트 입구,202211, 908 , 895 
동대문구,654. 전농동 텃골공원,202211, 813 , 733 
동대문구,656. 영휘원 교차로,202211," 1,033 "," 1,082 "
동대문구,657. 동대문롯데캐슬아파트 앞,202211," 2,028 "," 2,039 "
동대문구,659. 제기역1번출구,202211," 3,073 "," 2,950 "
동대문구,660. 동의보감타워,202211," 2,233 "," 2,315 "
동대문구,661. 경희대학교 청운관,202211," 1,379 "," 1,376 "
동대문구,663. 외대앞역 4번출구,202211," 1,659 "," 1,675 "
동대문구,664. 서울시립대 건설공학관,202211, 829 , 735 
동대문구,665.이문동 쌍용아파트 정문,202211," 1,005 "," 1,132 "
동대문구,666.이문대성유니드아파트 앞,202211, 631 , 657 
동대문구,667.청량차도 육교 밑,202211, 750 , 490 
동대문구,668.서울축산농협(장안지점),202211," 4,018 "," 4,108 "
동대문구,669.청계한신휴플러스앞 삼거리,202211," 1,505 "," 1,595 "
동대문구,670.삼육서울병원 버스정류장,202211," 3,059 "," 3,127 "
동대문구,671.대광빌딩,202211, 679 , 691 
동대문구,672.대광고등학교,202211," 1,148 "," 1,254 "
동대문구,673.안암골벽산아파트(후문),202211," 1,217 "," 1,172 "
동대문구,674.고대앞사거리 교통섬,202211," 1,933 "," 1,866 "
동대문구,676.FITI시험연구원 앞,202211, 871 , 876 
동대문구,678.장안힐스테이트(아) 앞,202211," 2,123 "," 2,241 "
동대문구,679.전농SK아파트 앞,202211, 343 , 345 
동대문구,680.꿈마루어린이도서관 앞,202211," 2,571 "," 2,428 "
동대문구,681.서울특별시 동부교육지원청(육교),202211, 321 , 299 
동작구,2002. 노들역 1번출구,202211," 3,118 "," 3,322 "
동작구,2003. 사육신공원앞,202211," 1,124 "," 1,186 "
동작구,2007. 유한양행앞,202211," 2,016 "," 2,154 "
동작구,2008. 노량진근린공원 대방공원,202211, 728 , 423 
동작구,2009. 보라매역 8번출구,202211," 1,284 "," 1,297 "
동작구,2012. 대림사거리(동작상떼빌아파트),202211," 1,022 "," 1,080 "
동작구,2013. 장승배기역 5번출구,202211," 1,942 "," 1,707 "
동작구,2015. 신대방삼거리역 6번출구쪽,202211," 3,204 "," 3,442 "
동작구,2016. 신대방삼거리역 3번출구쪽,202211, 1 , - 
동작구,2020. 장승배기역2번출구뒷편쪽,202211, 852 , 845 
동작구,2024. 상도역 1번출구,202211, 614 , 529 
동작구,2025. 흑석역 1번출구,202211," 1,969 "," 2,271 "
동작구,2026. 흑석역 4번출구,202211, 726 , 751 
동작구,2027. 중앙대학교 정문 1,202211, 596 , 780 
동작구,2032. 이수역 11번출구쪽,202211," 1,972 "," 2,600 "
동작구,2033. 사당동 아르테스 웨딩앞,202211," 1,220 "," 1,293 "
동작구,2034. 사당역 7번출구쪽,202211, 800 , 791 
동작구,2036. 정금마을 마을버스정류장,202211, 847 , 857 
동작구,2037. 동작역 5번출구 동작주차공원,202211, 591 , 532 
동작구,2038. 동작역 7번출구,202211, 222 , 209 
동작구,2040. 비계 버스정류소,202211, 126 , 93 
동작구,2041. 사당중학교 버스정류소,202211, 319 , 322 
동작구,2048. 삼일초등학교 인근,202211, 577 , 524 
동작구,2050. 노량진역 5번출구,202211," 3,674 "," 4,425 "
동작구,2054. 삼익아파트,202211," 1,630 "," 1,575 "
동작구,2056. 동작구민 체육센터,202211," 1,426 "," 1,375 "
동작구,2057. 상도 아이파크 아파트,202211, 447 , 224 
동작구,2058. 동작경찰서,202211," 2,503 "," 2,973 "
동작구,2059. 보라매공원 정문,202211," 1,682 "," 1,743 "
동작구,2060. 남성역3번출구 뒤,202211," 1,676 "," 1,935 "
동작구,2061. 한강 현대아파트 건너편,202211, 145 , 81 
동작구,2062. 사당새마을금고,202211, 538 , 492 
동작구,2064. 흑석한강푸르지오 106동앞,202211, 122 , 67 
동작구,2065. 서울시여성가족재단,202211, 766 , 825 
동작구,2066. 양문교회 앞,202211," 1,277 "," 1,361 "
동작구,2067. 보라매역․동작세무서 버스정류장(강남중학교방면),202211," 1,728 "," 1,741 "
동작구,2068. 총신대 앞(육교),202211, 314 , 113 
동작구,2069. 숭실대 입구역3번 출구 앞,202211, 643 , 456 
동작구,2070. 노량진역 2번 출구 앞,202211," 1,600 "," 1,794 "
동작구,2071. 대림아파트 후문 상가 옆,202211, 956 , 213 
동작구,2077.노들역 3번출구,202211," 1,126 "," 1,336 "
동작구,2078.흑석 아크로리버하임(103동),202211, 181 , 87 
동작구,2079.중앙대학교 중앙광장,202211, 222 , 215 
동작구,2080. 대방지하보도(대방동경남아너스빌아파트),202211," 2,084 "," 2,197 "
동작구,2082.7호선 이수역7번출구,202211, 978 , 972 
동작구,2083.흑석롯데캐슬에듀포레(107동),202211, 358 , 343 
동작구,2084.e편한세상 상도노빌리티 앞,202211, 812 , 613 
동작구,2085.강남중학교 앞,202211," 1,285 "," 1,248 "
동작구,2086.삼일수영장 앞,202211," 1,298 ", 972 
동작구,2088.상도중앙하이츠빌 입구,202211, 516 , 433 
동작구,2089.사당역10번출구(금강빌딩),202211," 1,193 "," 1,354 "
동작구,2090.기아자동차 사당점 앞,202211," 1,397 "," 1,417 "
동작구,2091. 이수역9번출구,202211," 1,399 "," 1,454 "
동작구,2092.흑석한강푸르지오(110동),202211, 247 , 32 
동작구,2093.상도SH빌아파트 입구,202211, 222 , 32 
동작구,2094.숭실대학교(중문) ,202211, 524 , 72 
동작구,2095.경문고등학교 앞,202211, 839 ," 1,002 "
동작구,2096.서울특별시 동작관악교육지원청,202211, 86 , 30 
동작구,237. 보라매 두산위브 건너편,202211," 1,897 "," 1,879 "
동작구,4152. 상도효성해링턴플레이스,202211, 628 , 523 
동작구,4153. 흑석동효사정앞,202211, 306 , 160 
동작구,4158. 노량진근린공원,202211, 329 , 169 
동작구,4162. 노량진1동 청소년독서실,202211, 309 , 93 
동작구,4167. 구로교 아래,202211," 1,711 "," 1,415 "
동작구,4169. 신대방삼거리,202211," 2,248 "," 2,342 "
동작구,4171. 우성아파트 앞,202211," 3,139 "," 3,550 "
동작구,4173. 중대후문 마을버스정류장,202211, 767 , 743 
동작구,4175. 대방역2번출구,202211," 1,357 "," 1,644 "
동작구,4177. 롯데캐슬 101동 앞,202211, 289 , 210 
동작구,4178. 이수성결교회 옆,202211, 141 , 139 
동작구,4179. 보라매병원역 1번출구,202211," 4,005 "," 4,103 "
동작구,4180. 흑석동주민센터 입구,202211, 314 , 407 
동작구,4181. 보라매공원역 2번출구,202211, 848 , 842 
마포구,102. 망원역 1번출구 앞,202211," 3,696 "," 3,907 "
마포구,103. 망원역 2번출구 앞,202211," 2,723 "," 3,076 "
마포구,104. 합정역 1번출구 앞,202211," 2,005 "," 1,580 "
마포구,105. 합정역 5번출구 앞,202211," 1,211 "," 1,104 "
마포구,106. 합정역 7번출구 앞,202211," 2,674 "," 2,643 "
마포구,107. 신한은행 서교동지점,202211," 2,131 "," 2,620 "
마포구,108. 서교동 사거리,202211," 2,065 "," 2,137 "
마포구,109. 제일빌딩 앞,202211," 1,310 "," 1,340 "
마포구,111. 상수역 2번출구 앞,202211," 1,010 ", 988 
마포구,112. 극동방송국 앞,202211," 1,601 "," 1,612 "
마포구,113. 홍대입구역 2번출구 앞,202211," 6,399 "," 8,064 "
마포구,114. 홍대입구역 8번출구 앞,202211," 2,514 "," 2,564 "
마포구,118. 광흥창역 2번출구 앞,202211, 852 , 910 
마포구,119. 서강나루 공원,202211," 1,422 "," 1,469 "
마포구,120. 신수동 사거리,202211, 453 , 453 
마포구,121. 마포소방서 앞,202211, 762 , 778 
마포구,122. 신성기사식당 앞,202211, 896 , 893 
마포구,124. 서강대 정문 건너편,202211," 1,206 "," 1,132 "
마포구,125. 서강대 남문 옆,202211," 1,288 "," 1,338 "
마포구,126. 서강대 후문 옆,202211," 1,277 "," 1,309 "
마포구,127. 현대벤처빌 앞,202211, 334 , 278 
마포구,129. 신촌역(2호선) 6번출구 옆,202211, 996 ," 1,008 "
마포구,130. 신촌역(2호선) 7번출구 앞,202211," 2,226 "," 2,228 "
마포구,142. 아현역 4번출구 앞,202211, 721 , 720 
마포구,143. 공덕역 2번출구,202211," 1,259 "," 1,302 "
마포구,144. 공덕역 8번출구,202211," 2,869 "," 3,278 "
마포구,145. 공덕역 5번출구,202211," 1,316 "," 1,617 "
마포구,146. 마포역 2번출구 뒤,202211," 2,746 "," 3,019 "
마포구,147. 마포역 4번출구 뒤,202211," 3,026 "," 3,710 "
마포구,148. 용강동 주민센터 앞,202211," 1,712 "," 1,886 "
마포구,150. 서강대역 2번출구 앞,202211, 971 , 993 
마포구,153. 성산2교 사거리,202211," 2,259 "," 2,308 "
마포구,154. 마포구청역 ,202211," 2,733 "," 3,059 "
마포구,155. 가좌역1 번출구 앞,202211," 1,372 "," 1,266 "
마포구,156. 서울서부지방법원 앞,202211," 1,005 "," 1,119 "
마포구,157. 애오개역 4번출구 앞,202211," 1,797 "," 1,822 "
마포구,181. 망원초록길 입구,202211, 896 , 888 
마포구,182. 망원2빗물펌프장 앞,202211," 1,002 "," 1,046 "
마포구,183. 하늘채코오롱아파트 건너편,202211," 2,528 "," 2,322 "
마포구,184. 7번가피자 서교망원점,202211," 2,708 "," 3,115 "
마포구,185. 마포 신수공원 앞,202211, 870 , 662 
마포구,186. 월드컵공원,202211," 2,060 "," 2,114 "
마포구,199. 서울 월드컵 경기장,202211, 877 , 547 
마포구,3002.벽산상암스마트큐브 ,202211," 3,174 "," 3,132 "
마포구,3003.래미안신공덕3차아파트,202211, 63 , 44 
마포구,3005.마포구청 청사내,202211, 385 , 383 
마포구,3006. 상암월드컵파크5단지(상암중학교),202211, 537 , 541 
마포구,3007.MBC 앞,202211," 1,007 "," 1,060 "
마포구,3008.DMC역7번출구,202211, 899 , 789 
마포구,3009.서교동사거리(신),202211," 2,107 "," 2,329 "
마포구,3010.홍대입구역 3번출구,202211," 4,375 "," 4,468 "
마포구,3011.경의선(노고산동),202211," 1,587 "," 1,626 "
마포구,400. 상암한화오벨리스크 1차 앞,202211," 1,359 "," 1,346 "
마포구,401. 상암월드컵파크 10단지 앞,202211," 1,199 "," 1,198 "
마포구,402. 상암월드컵파크 9단지 앞,202211, 914 , 897 
마포구,403. 부엉이공원 앞,202211," 1,344 ", 665 
마포구,405. DMC빌 앞,202211," 1,032 "," 1,055 "
마포구,406. 상암월드컵파크 7단지 앞,202211, 697 , 674 
마포구,407. 마포구 육아종합지원센터,202211, 796 , 795 
마포구,408. LG CNS앞,202211," 1,120 "," 1,150 "
마포구,409. 누리꿈스퀘어 옆,202211," 2,732 "," 2,885 "
마포구,410. 상암중학교 옆,202211, 323 , 283 
마포구,411. DMC홍보관,202211," 1,702 "," 1,856 "
마포구,412. DMC산학협력연구센터 앞,202211," 1,850 "," 1,874 "
마포구,413. 상암월드컵파크 3단지 후문,202211, 698 , 691 
마포구,414. 상암동주민센터 옆,202211," 2,478 "," 2,637 "
마포구,415. DMC역 9번출구 앞,202211," 3,498 "," 3,406 "
마포구,416. 상암월드컵파크 1단지 교차로,202211, 939 , 565 
마포구,417. DMC역 2번출구 옆,202211," 2,396 "," 2,017 "
마포구,418. 월드컵경기장역 3번출구 옆,202211," 2,210 "," 2,212 "
마포구,419. 홈플러스 앞,202211," 2,798 "," 2,657 "
마포구,420. 서울시 공공자전거 상암센터,202211," 1,035 ", 996 
마포구,4202. 프런트원(공덕역4번출구 앞),202211, 928 ," 1,025 "
마포구,4206. 광흥창역5번출구,202211, 612 , 602 
마포구,4207. 아만티호텔 앞,202211, 698 , 718 
마포구,4208. 스타벅스(동교동) 앞,202211," 1,051 "," 1,285 "
마포구,421. 마포구청 앞,202211," 2,347 "," 2,355 "
마포구,4210. 가좌행복주택 앞,202211," 1,308 "," 1,278 "
마포구,4211. 시석빌딩 앞,202211, 997 ," 1,009 "
마포구,4212. 한화오벨리스크 앞,202211, 903 , 787 
마포구,4213. 마포구중앙도서관 정문 앞,202211," 2,422 "," 2,284 "
마포구,4214. JTBC 앞,202211," 1,322 "," 1,355 "
마포구,4216. 망원정 앞,202211, 910 , 967 
마포구,4217. 한강공원 망원나들목,202211," 7,602 "," 8,626 "
마포구,4218. 디지털매직스페이스,202211," 2,636 "," 2,707 "
마포구,422. 문화비축기지,202211, 298 , 309 
마포구,4220. 신촌 청년주택,202211," 2,053 "," 2,107 "
마포구,4221. 솔리스타오피스텔(공덕동주민센터),202211, 705 , 162 
마포구,4222. 서울디자인고등학교 앞,202211," 1,623 "," 1,805 "
마포구,4224. 서부운전면허시험장,202211, 998 ," 1,028 "
마포구,4226. 마포프레스티지자이 1,202211, 940 , 934 
마포구,4233. 코오롱아파트사거리,202211," 3,799 "," 3,909 "
마포구,4234. 에스테반,202211, 456 , 293 
마포구,4238. 상암한샘빌딩앞,202211," 1,222 "," 1,224 "
마포구,4239. 성산2동 주민센터 ,202211, 275 , 256 
마포구,424. 롯데하이마트 (상암월드컵점) ,202211, 518 , 514 
마포구,4240. 아현문화건강센터,202211, 134 , 30 
마포구,4244. 당인리발전소 공원 앞,202211, 879 , 896 
마포구,4246. 상수역새마을금고,202211, 597 , 572 
마포구,4247. 서울서부지방법원등기국앞,202211, 420 , 425 
마포구,4248. 신촌 교보빌딩,202211, 473 , 404 
마포구,425. DMC첨단산업센터,202211, 677 , 683 
마포구,4251. 공덕역 경의선숲길 커뮤니티센터,202211, 717 , 683 
마포구,426. 서울신용보증재단,202211," 1,566 "," 1,709 "
마포구,427. 성산시영아파트,202211," 1,195 "," 1,268 "
마포구,432. 마포중앙도서관,202211, 326 , 83 
마포구,436. 이대역 5번출구,202211," 1,045 ", 363 
마포구,437. 대흥역 1번출구,202211," 1,167 "," 1,208 "
마포구,438. 성산2-1 공영주차장,202211," 1,451 "," 1,320 "
마포구,439. 마포어린이공원,202211," 1,794 "," 1,897 "
마포구,440. 하늘공원 입구,202211, 899 , 826 
마포구,487.신석초교앞 교차로 교통섬,202211," 2,079 "," 2,536 "
마포구,488.푸르메병원,202211," 1,700 "," 1,805 "
마포구,489.구룡근린공원,202211, 446 , 330 
마포구,490.가온문화공원,202211," 1,951 "," 1,979 "
마포구,491.월드컵파크 4단지,202211, 340 , 293 
마포구,492.성산시영아파트 후문,202211," 1,799 "," 1,887 "
마포구,493.홍대입구역 6번출구,202211," 2,071 "," 2,067 "
마포구,494.신수동주민센터,202211, 479 , 478 
마포구,495.염리초등학교 앞,202211," 1,084 "," 1,382 "
마포구,497.합정동주민센터 앞,202211," 2,503 "," 2,038 "
마포구,498.연남동주민센터 앞,202211," 2,976 "," 3,148 "
마포구,5503. 마포아트센터 앞,202211," 1,165 "," 1,203 "
서대문구,115. 마스타 빌딩 앞,202211," 1,036 ", 750 
서대문구,116. 일진아이윌아파트 옆,202211, 928 , 981 
서대문구,117. 홍은사거리,202211," 3,012 "," 3,003 "
서대문구,123. 문화촌 공원,202211," 1,835 "," 1,836 "
서대문구,128. 신촌역(2호선) 1번출구 옆,202211," 1,529 "," 1,569 "
서대문구,131. 증산2교,202211," 2,582 "," 2,848 "
서대문구,133. 해담는다리,202211," 2,222 "," 2,459 "
서대문구,134. 연세로 명물길,202211," 1,012 "," 1,040 "
서대문구,135. 명물길 원형무대 앞,202211, 802 , 846 
서대문구,137. 신촌기차역입구 교차로,202211, 530 , 337 
서대문구,138. 신촌동 제1공영주차장 앞,202211," 1,022 "," 1,028 "
서대문구,139. 연세대 정문 건너편,202211, 399 , 296 
서대문구,140. 이화여대 후문,202211," 1,046 ", 998 
서대문구,141. 연대 대운동장 옆,202211, 746 , 598 
서대문구,159. 이대역 4번 출구,202211, 472 , 295 
서대문구,160. 북아현동 가구거리,202211, 626 , 551 
서대문구,161. 무악재역1번 출구,202211, 380 , 349 
서대문구,162. 봉원고가차도 밑,202211," 1,019 ", 356 
서대문구,163. 명지전문대학교 정문 앞,202211, 632 , 599 
서대문구,164. 북가좌1동 주민센터 ,202211, 444 , 371 
서대문구,165. 중앙근린공원,202211," 1,419 "," 1,089 "
서대문구,166. 가재울 초등학교,202211," 1,617 "," 1,614 "
서대문구,167. 연가초등학교 옆,202211, 597 , 178 
서대문구,169. 북가좌 삼거리,202211, 557 , 518 
서대문구,170. DMC파크뷰자이아파트 302동 앞,202211," 1,090 "," 1,057 "
서대문구,171. 임광빌딩 앞,202211, 507 , 523 
서대문구,173. 서대문역 8번출구 앞,202211, 490 , 491 
서대문구,175. 홍연2교옆,202211," 1,394 "," 1,393 "
서대문구,176. 명지대학교 도서관,202211," 2,479 "," 2,569 "
서대문구,177. 북가좌 초등학교,202211, 922 , 931 
서대문구,178. 증산3교 앞,202211," 1,654 "," 1,735 "
서대문구,179. 가좌역 4번출구 앞,202211," 1,954 "," 1,983 "
서대문구,180. 충정로역 7번출구 아래,202211, 939 , 563 
서대문구,188. 홍은동 정원여중 입구,202211, 795 , 787 
서대문구,191. 서우빌딩,202211," 1,242 "," 1,262 "
서대문구,192. 연서어린이공원,202211, 758 , 771 
서대문구,194. 증산교 앞,202211," 1,900 "," 1,904 "
서대문구,195. 모래내고가차도 ,202211, 835 , 831 
서대문구,196. 연희교차로 인근,202211, 578 , 436 
서대문구,198. 충정2교,202211, 738 , 503 
서대문구,3100. 북성초교,202211, 363 , 303 
서대문구,3101. 서대문구청,202211, 657 , 606 
서대문구,3102. 연희삼거리,202211," 1,272 "," 1,276 "
서대문구,3103. 홍제삼거리 북측,202211," 1,241 "," 1,260 "
서대문구,3104. e편한세상 신촌4단지 앞,202211, 891 , 889 
서대문구,3105. 홍은센트레빌 아파트 앞,202211, 441 , 175 
서대문구,3107. 연희초등학교 앞,202211, 568 , 570 
서대문구,3109.북한산더샾 106동 앞,202211, 359 , 331 
서대문구,3110.홍은 현대아이파크 아파트 202동 앞,202211, 777 , 766 
서대문구,3111.무악재역 4번 출구,202211, 271 , 226 
서대문구,3113.독립문역사거리,202211, 525 , 523 
서대문구,3114.충정로역 3번 출구,202211, 319 , 229 
서대문구,3115.북아현 치안센터 인근,202211, 833 , 754 
서대문구,3116.신촌역 4번출구,202211, 853 , 860 
서대문구,3117.이화여대 인문관 인근,202211, 430 , 423 
서대문구,3119.연희 브라운스톤 아파트 앞,202211," 1,941 "," 1,979 "
서대문구,3120.DMC엘가아파트 앞,202211," 1,004 ", 954 
서대문구,3121.가좌삼거리,202211," 1,377 "," 1,362 "
서대문구,3122.북가좌삼거리2,202211, 760 , 760 
서대문구,3123.DMC파크뷰자이1단지 110동 앞,202211," 1,011 ", 958 
서대문구,3125.연희파크푸르지오아파트 앞,202211," 1,204 "," 1,193 "
서대문구,3126.남가좌동 제2공영주차장,202211, 269 , 268 
서대문구,3127.홍은2파출소 옆,202211, 535 , 538 
서대문구,3128.동신병원 맞은편,202211," 1,056 "," 1,055 "
서대문구,3129.DMC래미안e편한세상203동옆,202211, 712 , 683 
서대문구,3130.가재울사거리,202211, 627 , 389 
서대문구,3131.연가교 교차로,202211," 1,130 "," 1,060 "
서대문구,3132.홍제교,202211, 746 , 744 
서대문구,3134.SK리쳄블(상수도사업본부),202211, 550 , 498 
서대문구,4253. 홍은도담도서관,202211, 695 , 645 
서대문구,4255. 래미안 루센티아 아파트 108동 앞,202211," 1,343 ", 988 
서대문구,4262. 서대문자연사박물관 입구,202211, 304 , 223 
서대문구,4264. 홍남교 버스정류장,202211, 642 , 631 
서대문구,4265. 안산초등학교 앞,202211, 97 , 70 
서대문구,4266.국민연금공단충정로사옥,202211, 313 , 242 
서대문구,4267. 서대문역 2번 출구,202211," 1,701 "," 1,696 "
서대문구,4269. 연희IC 남측,202211," 1,037 "," 1,049 "
서대문구,4270. 우국한마음 아파트 맞은편,202211, 900 , 919 
서대문구,4271. 충정로역 1번 출구,202211, 327 , 211 
서대문구,4272. 홍남교 사거리,202211," 1,120 "," 1,126 "
서대문구,4273. 홍연2교 사거리,202211, 427 , 419 
서대문구,4274. 신촌 파랑고래 입구,202211, 714 , 715 
서초구,2201. 본마을 정류소 앞,202211, 62 , 39 
서초구,2202.청계산입구역 1번출구,202211," 1,459 "," 1,428 "
서초구,2203. 청계산입구역 2번출구,202211, 281 , 192 
서초구,2205. 내곡3단지 어린이공원 앞,202211, 662 , 626 
서초구,2206. 언남초등학교 앞,202211," 1,022 ", 960 
서초구,2207. 내곡파출소 뒤 정자,202211, 201 , 140 
서초구,2210. 반포1동 주민센터 앞,202211, 356 , 295 
서초구,2211. 서초구립반포도서관 앞,202211," 1,872 "," 1,865 "
서초구,2212.서초현대4차아파트 201동 맞은편,202211, 927 , 859 
서초구,2213. 고속터미널역 5번출구 앞,202211, 864 , 682 
서초구,2214. 신반포역 2번출구 앞,202211, 635 , 618 
서초구,2215. 반포종합운동장 입구,202211, 734 , 818 
서초구,2217.아크로리버뷰 부지 앞,202211," 1,661 "," 1,723 "
서초구,"2219. 고속터미널역 8-1번, 8-2번 출구 사이",202211," 3,701 "," 3,706 "
서초구,2220. 반포본동 주민센터 앞,202211," 1,170 "," 1,245 "
서초구,2221. 방일초교 마을버스 정류장,202211," 1,246 "," 1,379 "
서초구,2222.사당역 12번출구 뒤,202211," 2,102 "," 2,569 "
서초구,2223. 방배래미안 정문 앞,202211, 360 , 450 
서초구,2225.백석예술대학교 제3캠퍼스 앞,202211, 239 , 154 
서초구,2226. 신동아럭스빌아파트 앞,202211, 285 , 54 
서초구,2227.방배열린문화센터 앞,202211, 783 , 764 
서초구,2228.뒷벌공원 옆,202211," 1,050 "," 1,259 "
서초구,2229.로고스교회 맞은 편,202211, 615 , 692 
서초구,2230.이수역 4번 출구,202211," 1,703 "," 1,717 "
서초구,2231. 삼성타운(삼성생명) A동 맞은편,202211," 2,110 "," 2,131 "
서초구,2233. 서초신동아1차아파트 옆,202211, 846 , 821 
서초구,2235.KT 서초지사 앞,202211, 432 , 276 
서초구,2237.서울남부터미널 대합실 입구,202211, 984 , 695 
서초구,2239.교대역 6번출구,202211," 1,025 "," 1,033 "
서초구,2241.양재전화국 사거리,202211, 458 , 441 
서초구,2242.양재역 11번 출구 앞,202211, 949 , 945 
서초구,2243.서울가정법원,202211," 1,024 ", 750 
서초구,2244.교육개발원입구 교차로,202211," 1,418 "," 1,444 "
서초구,2245.양재초등학교 맞은편,202211, 872 , 909 
서초구,2246. 서울시 품질시험소 앞,202211, 601 , 623 
서초구,2247.섬들근린공원,202211," 1,286 "," 1,274 "
서초구,2248. 서초리슈빌S 글로벌 앞,202211, 183 , 155 
서초구,2249. 우솔초등학교 맞은편,202211, 345 , 304 
서초구,2250. 서초유치원 맞은편,202211, 689 , 678 
서초구,2251. 더케이호텔 입구(양재2) ,202211," 1,138 "," 1,147 "
서초구,2252. 잔디마을 마을버스 정류장,202211," 2,285 "," 2,266 "
서초구,2255.시민의숲역 1번출구 옆,202211," 2,573 "," 2,594 "
서초구,2256.양재동 꽃시장 입구,202211, 464 , 476 
서초구,2257. 청계산 입구 삼거리,202211, 112 , 117 
서초구,2258.구룡사 삼거리,202211, 515 , 245 
서초구,2259. 잠원역 3번-4번 출구사이 ,202211, 771 , 824 
서초구,2262. 한신16차아파트 119동 앞,202211," 2,580 "," 2,989 "
서초구,2263. 바우뫼문화복지회관,202211, 838 , 778 
서초구,2264. 이수역 1번출구,202211," 2,478 "," 2,654 "
서초구,2265. 이수고가차도 남단,202211," 1,526 "," 1,677 "
서초구,2266. 서초역 3번출구,202211," 1,068 "," 1,040 "
서초구,2268. 서초4동주민센터 ,202211, 724 , 769 
서초구,2269. 주홍교 하부,202211, 293 , 167 
서초구,2270. 서초포레스타 7단지,202211, 305 , 280 
서초구,2271. 내방역 8번출구 앞,202211, 920 ," 1,005 "
서초구,2272. 교대입구 교차로,202211, 550 , 551 
서초구,2273. 일동제약 사거리,202211," 1,047 "," 1,198 "
서초구,2274. 양재시민의숲역 3번출구,202211," 1,433 "," 1,449 "
서초구,2275. 염곡치안센터 건너편,202211, 81 , 80 
서초구,2276. 영동1교 (양재천근린공원),202211," 1,047 "," 1,100 "
서초구,2277. 길마중4교 하부,202211," 1,050 "," 1,211 "
서초구,2279. 교대역 5번출구뒤,202211," 1,815 "," 1,926 "
서초구,2280. 서울서초고용센터앞,202211, 557 , 436 
서초구,2281. 연세사랑병원신관앞,202211, 353 , 351 
서초구,2283. 그룹한빌딩옆,202211, 280 , 80 
서초구,2284. CJ오쇼핑앞,202211, 230 , 160 
서초구,2285. LH서초3단지 301동 맞은편,202211, 370 , 347 
서초구,2286. 탑성마을입구,202211, 32 , 10 
서초구,2287. 능안마을입구,202211, 73 , 9 
서초구,2288. 안골마을입구,202211, 50 , 15 
서초구,2289. 남태령역 2번출구,202211, 166 , 53 
서초구,2293. SPC 앞,202211, 790 , 751 
서초구,2294. 두상빌딩 앞,202211," 1,625 "," 1,786 "
서초구,2297. 남부터미널역 1번출구,202211, 699 , 639 
서초구,2298. 래미안서초스위트앞,202211, 586 , 592 
서초구,2299. 한전아트센터 앞,202211, 930 , 863 
서초구,2501. 서초 포레스타5단지,202211, 494 , 493 
서초구,2502. 서초역1번출구 앞,202211, 646 , 590 
서초구,2503. 반포1동 서초빌딩 앞,202211," 1,038 "," 1,035 "
서초구,2504. 신사역 4번출구 뒤,202211," 1,111 ", 946 
서초구,2505. 우성아파트사거리 (기업은행앞),202211," 1,865 "," 1,870 "
서초구,2506. LG유플러스 (방배사옥),202211, 108 , 51 
서초구,2508. 양재이스타빌 앞,202211," 1,383 "," 1,498 "
서초구,2509. 심산기념문화센터,202211, 953 , 966 
서초구,2510. JW타워,202211, 232 , 234 
서초구,2511. 이수역 6번출구 앞,202211," 1,250 "," 1,271 "
서초구,2514.사평역 2번출구,202211, 661 , 575 
서초구,2515.서초초등학교 후문,202211," 1,383 "," 1,401 "
서초구,2516.본마을 노인복지센터 앞,202211, 273 , 280 
서초구,2517.서초3교(효령로69길 방면),202211, 570 , 555 
서초구,2518.서초3교(효령로70길 방면),202211, 275 , 274 
서초구,2519.서초2교(사임당로 방면),202211, 316 , 340 
서초구,2520.서초1교 (진흥아파트 방면),202211, 586 , 585 
서초구,2521.서초 크로바타워 앞,202211, 685 , 653 
서초구,2523.뉴코아 킴스클럽 앞,202211," 1,049 "," 1,077 "
서초구,2524.반포쇼핑타운 8동 앞,202211," 1,024 "," 1,021 "
서초구,2525.반포쇼핑타운 2동 앞,202211," 2,382 "," 2,483 "
서초구,2526.반포경남쇼핑 앞,202211, 243 , 258 
서초구,2527.반포중학교 앞(세화여고 맞은편),202211, 199 , 243 
서초구,2528.함지박 사거리,202211," 1,009 "," 1,185 "
서초구,2529.우리은행 방배동지점 앞,202211, 873 , 874 
서초구,2530.삼호3차아파트 앞,202211," 1,394 "," 1,471 "
서초구,2531.멤피스아파트 앞,202211," 1,240 "," 1,349 "
서초구,2532.국립국악원 앞,202211, 359 , 111 
서초구,2533.한가람미술관 앞,202211, 346 , 263 
서초구,2535.신반포역 3번출구 뒤,202211, 443 , 430 
서초구,2536.서초종합체육관 입구,202211, 116 , 115 
서초구,2537.양재역 8번출구 앞,202211," 1,310 "," 1,172 "
서초구,2538.사평리 공원,202211," 1,027 "," 1,087 "
서초구,2539.대한무역투자진흥공사 KOTRA 앞,202211, 718 , 737 
서초구,2540.반포천 앞,202211," 1,230 "," 1,291 "
서초구,2541.옛골 입구,202211, 140 , 42 
서초구,2542.신논현타워 앞,202211, 895 , 882 
서초구,2545.국립중앙도서관(국제회의장옆),202211, 319 , 138 
서초구,2547. 반포래미안 리오센트,202211, 659 , 699 
서초구,2548.반포1동 자율방범초소 옆,202211, 483 , 342 
서초구,2549.LH 서초 4단지 403동,202211, 746 , 693 
서초구,2550.양재동 꽃시장 건너편,202211, 646 , 692 
서초구,4303. 매헌역 2번출구앞광역버스 정류장앞(22-297),202211," 1,016 "," 1,051 "
서초구,4304. 서울고앞,202211, 335 , 326 
서초구,4305. 서일스포츠센터,202211, 229 , 230 
서초구,4306. 서래공원 앞,202211, 832 , 827 
서초구,4307. 고투몰 gate 15옆,202211, 908 ," 1,001 "
서초구,4309. 서초케이타운앞,202211, 139 , 127 
서초구,4310. 염곡동(염통골) 입구,202211, 197 , 215 
서초구,4312. 반포미도2차아파트 옆,202211, 573 , 544 
서초구,4313. 반포종합운동장,202211, 525 , 580 
서초구,4314. 탑성마을 버스정거장 옆,202211, 40 , 13 
서초구,4315. 이투스교육 앞,202211, 392 , 335 
서초구,4316. 고속터미널역 3번출구,202211, 871 , 565 
서초구,4317. 양재근린공원,202211," 1,256 "," 1,484 "
서초구,4318. 방배역 2번 출구,202211, 859 , 925 
서초구,4319. 삼성전자R&D어린이집 뒤,202211, 242 , 143 
서초구,4320. 신영체르니 아파트,202211, 535 , 603 
서초구,4322.서울추모공원 입구,202211, 22 , 12 
서초구,4323. 내곡도서관,202211, 221 , 225 
서초구,4324. 세화고등학교,202211, 121 , 128 
서초구,4327. 몽마르뜨공원입구,202211, 371 , 119 
서초구,4329. SC제일은행 양재동지점 앞,202211, 567 , 462 
서초구,4332. 이수교차로,202211," 1,201 "," 1,218 "
서초구,4333. 서울고등학교 건너편,202211, 237 , 223 
서초구,4334. 인재개발원 데이터센터,202211, 30 , 17 
서초구,4335. 인재개발원 배움관,202211, 172 , 29 
성동구,3511. 응봉역 1번출구,202211," 3,411 "," 3,644 "
성동구,3513. 상왕십리역 1번출구,202211," 2,403 "," 1,588 "
성동구,3514. 왕십리교회옆,202211," 3,195 "," 3,267 "
성동구,3515. 서울숲 관리사무소,202211," 1,873 "," 1,821 "
성동구,3525. 금호스포츠센터앞,202211, 708 , 842 
성동구,3527. 왕십리 자이아파트,202211, 21 , 18 
성동구,3530. 왕십리자이아파트 후문(삼거리),202211, 356 , 234 
성동구,3531. 논골사거리(금호도서관 입구),202211, 299 , 57 
성동구,3532. 왕십리KCC스위첸아파트,202211, 164 , 143 
성동구,3538. 서울숲 IT캐슬,202211, 11 , 11 
성동구,3544.한양대역 3번 출구,202211," 2,010 "," 2,041 "
성동구,3545.한양대역 1번출구,202211," 1,033 "," 1,027 "
성동구,3547.상왕십리역 6번 출입구,202211, 711 , 496 
성동구,3548.뚝섬역 6번출구,202211," 2,390 "," 2,346 "
성동구,3549.건영아파트 앞,202211," 1,998 "," 1,979 "
성동구,3550.금호나들목,202211," 1,306 "," 1,338 "
성동구,3551.성동도로사업소,202211, 394 , 422 
성동구,3552.서울숲 공영주차장앞,202211, 972 ," 1,019 "
성동구,3553.마장역3번출구,202211, 693 , 687 
성동구,3555.양지사거리(센트라스APT 115동앞),202211, 230 , 174 
성동구,3556.신금호파크자이APT앞,202211, 425 , 85 
성동구,3557.서울숲리버뷰자이APT105동 앞,202211, 553 , 551 
성동구,3558.마장동 금호어울림APT앞,202211, 712 , 678 
성동구,3559.성동구민종합체육센터 앞,202211," 3,250 "," 3,424 "
성동구,3560.성동구 견인차량 보관소 앞,202211," 2,040 "," 2,060 "
성동구,3561.행당동 삼부APT후문,202211, 262 , 231 
성동구,3600.사근빗물펌프장 건너편,202211," 3,302 "," 3,672 "
성동구,4353. 코오롱디지털타워 3차앞,202211," 2,572 "," 2,607 "
성동구,4360. 르노삼성자동차 성수사업소 앞,202211, 932 , 954 
성동구,4362. 행당중학교 후문,202211, 671 , 651 
성동구,4363. 신금호역 2번출구 앞,202211, 84 , 75 
성동구,4367. kt 행당빌딩 앞,202211," 1,232 "," 1,262 "
성동구,4370. 서울숲IT캐슬 앞,202211, 847 , 860 
성동구,4373. 서울숲 지식산업센터,202211," 2,056 "," 2,105 "
성동구,4377. 우영테크노센터 앞,202211," 2,046 "," 2,612 "
성동구,4381. 더스페이스타워 앞,202211," 2,013 "," 2,058 "
성동구,4382. 페코텍글로벌허브빌딩 앞,202211," 2,979 "," 3,055 "
성동구,4383. 푸조비즈타워 앞,202211," 2,514 "," 3,006 "
성동구,4385. 용답동 우체국 주변,202211," 1,056 ", 993 
성동구,4386. 현대자동차 동부서비스센터 주변,202211," 1,202 "," 1,200 "
성동구,4387. 성수역 1번출구 주변,202211, 880 , 875 
성동구,4388. 하우스디세종타워 앞,202211," 1,291 "," 1,350 "
성동구,506. 금호 어울림 아파트 앞,202211," 1,107 "," 1,187 "
성동구,508. 성수아카데미타워 앞,202211," 2,357 "," 2,111 "
성동구,509. 이마트 버스정류소 옆,202211," 5,205 "," 5,414 "
성동구,510. 서울숲 남문 버스정류소 옆,202211," 1,026 "," 1,099 "
성동구,511. 서울숲역 5번 출구 옆,202211," 1,887 "," 1,871 "
성동구,512. 뚝섬역 1번 출구 옆,202211," 2,843 "," 2,942 "
성동구,513. 뚝섬역 5번 출구 정류소 옆,202211," 1,678 "," 1,691 "
성동구,514. 성수사거리 버스정류장 앞,202211," 2,902 "," 2,919 "
성동구,518. 청계천 박물관 앞,202211, 754 , 762 
성동구,519. 양지사거리,202211," 1,273 "," 1,160 "
성동구,520. 상왕십리역 4번 출구 앞,202211, 888 , 822 
성동구,521. 왕십리역 11번 출구 앞,202211," 1,863 "," 1,859 "
성동구,522. 금호역 1번출구 앞,202211, 342 , 339 
성동구,523. 옥수동성당 옆,202211, 142 , 70 
성동구,524. 래미안금호하이리버 아파트 102동 옆,202211, 371 , 359 
성동구,525. 한양대병원사거리,202211," 1,857 "," 1,560 "
성동구,526. 용답토속공원 앞,202211, 766 , 771 
성동구,529. 장한평역 8번 출구 앞,202211," 2,517 "," 2,090 "
성동구,530. 청계벽산아파트 앞,202211," 1,696 "," 1,718 "
성동구,533. 금남시장 교차로,202211, 441 , 585 
성동구,534. 금호사거리,202211, 331 , 325 
성동구,535. 응봉삼거리,202211, 474 , 394 
성동구,536. 행당역 2번출구 앞,202211, 925 , 956 
성동구,537. 한양대후문역 부근,202211," 1,657 "," 1,651 "
성동구,538. 답십리역 8번출구 앞,202211," 1,047 "," 1,142 "
성동구,550. 서울시설공단 앞,202211," 1,653 "," 1,657 "
성동구,556. 달맞이공원,202211, 108 , 104 
성동구,557. 도선동 주민센터 앞,202211," 1,756 "," 1,799 "
성동구,558. 성동광진 교육지원청 앞,202211," 1,676 "," 1,687 "
성동구,559. 왕십리역 4번 출구 건너편,202211," 2,373 "," 2,380 "
성동구,560. 비전교회 앞,202211," 2,546 "," 2,529 "
성동구,561. 서울숲역 2번출구 앞,202211," 2,497 "," 2,501 "
성동구,562. 군자지하보도 앞,202211," 1,358 "," 1,337 "
성동구,563. 성동세무서 건너편,202211," 2,216 "," 2,408 "
성동구,564. 금호역 3번출구,202211, 183 , 152 
성동구,565. 옥수역 3번출구,202211," 4,033 "," 4,620 "
성동구,567. 성수역 2번출구 앞,202211," 5,466 "," 5,042 "
성동구,568. 청계8가사거리 부근,202211," 2,918 "," 3,065 "
성동구,569. 응봉현대아파트 정류소,202211, 276 , 259 
성동구,578. 성동세무서 부근,202211," 2,044 "," 2,071 "
성동구,579. 마장역 4번출구,202211," 1,185 "," 1,183 "
성동구,582. 경일중학교 앞,202211," 2,431 "," 2,540 "
성동구,583. 청계천 생태교실 앞,202211," 2,765 "," 2,889 "
성동구,585. 성수2가1동 공영주차장 인근,202211," 4,356 "," 4,408 "
성동구,586. 마장동 주민센터,202211, 893 , 896 
성동구,587. 유니베라 앞,202211," 2,341 "," 2,600 "
성동구,589. 성수역3번출구,202211," 5,937 "," 5,975 "
성동구,594. 중랑물재생센터(서울새활용플라자),202211, 700 , 764 
성동구,9980. 에이텍,202211, 18 , 6 
성북구,1302. 한성대입구역6번출구 뒤,202211, 691 , 689 
성북구,1303. 돈암초교 입구,202211, 762 , 751 
성북구,1304. 만해공원,202211, 232 , 48 
성북구,1305. 성북구청,202211," 1,157 "," 1,138 "
성북구,1306. 한성대입구역2번출구,202211," 1,902 "," 1,884 "
성북구,1308. 안암로터리 버스정류장 앞,202211," 5,389 "," 6,340 "
성북구,1314. 정릉꿈에그린1단지 201동 앞,202211, 418 , 410 
성북구,1315. 고려사대부속중고 정문,202211, 402 , 393 
성북구,1316. 고려사대부속중고 건너편 ,202211, 246 , 212 
성북구,1318. 길음역 3번출구 뒤,202211," 1,488 "," 1,511 "
성북구,1319. 종암사거리 분수대,202211," 1,465 "," 1,482 "
성북구,1321. 국민은행 종암동지점 앞,202211," 2,685 "," 2,838 "
성북구,1322. 래미안라센트아파트 103동 앞,202211," 1,406 "," 1,476 "
성북구,1323. 월곡역 입구 육교 밑,202211, 429 , 431 
성북구,1325. 상월곡역 4번출구,202211, 575 , 459 
성북구,1326. 상월곡역 1번출구,202211, 983 , 862 
성북구,1327. 상월곡역 3번출구,202211," 1,403 "," 1,387 "
성북구,1328. 월곡역 3번출구,202211," 3,174 "," 3,271 "
성북구,1332. 석계역 5번출구 건너편,202211," 2,006 "," 2,054 "
성북구,1333. 석관초등학교 앞,202211," 1,557 "," 1,656 "
성북구,1334. 석관동주민센터 앞,202211," 1,200 "," 1,193 "
성북구,1336. 성북3교 위,202211," 1,543 "," 1,543 "
성북구,1337. 돈암성당 옆,202211," 1,934 "," 1,955 "
성북구,1338. 용문2교 옆,202211," 1,530 "," 1,589 "
성북구,1339. 삼성전자서비스 성북센터,202211," 1,098 "," 1,139 "
성북구,1340. 광운초등학교 앞,202211, 694 , 673 
성북구,1342. 성북쉼터 앞,202211, 87 , 50 
성북구,1343. 한성대7번출구 앞,202211, 688 , 659 
성북구,1344. 아리랑시네센터 앞,202211, 616 , 291 
성북구,1346. 길음8골어린이공원 옆,202211, 689 , 679 
성북구,1347. 길음래미안아파트817동 상가 앞,202211, 374 , 369 
성북구,1348. 성북제일새마을금고 본점 앞,202211, 642 , 643 
성북구,1349. 월계2교 버스정류장 앞,202211, 626 , 639 
성북구,1351. 안암2교 옆,202211," 2,420 "," 2,469 "
성북구,1352. e 편한세상 보문아파트 내,202211, 149 , 116 
성북구,1353. 금호어울림센터힐 내,202211, 318 , 319 
성북구,1354. 고려대학교 2번출구,202211," 2,475 "," 2,587 "
성북구,1355. 보문2교,202211," 2,812 "," 2,923 "
성북구,1357. 북한산보국문역,202211, 375 , 343 
성북구,1358. 정릉도서관 앞,202211, 976 , 982 
성북구,1359. 장위뉴타운 꿈에 숲 코오롱 하늘채 앞,202211," 1,321 "," 1,336 "
성북구,1360. 정릉역,202211, 691 , 679 
성북구,1361. 홍익중고 입구,202211, 929 , 737 
성북구,1362. 보문역6번출구 앞,202211," 1,507 "," 1,511 "
성북구,1363. 보문4교 인근,202211," 2,699 "," 2,927 "
성북구,1364. 성북동 치안센터 앞,202211, 933 , 879 
성북구,1365. 선잠단지 앞,202211, 305 , 197 
성북구,1366. 일신초등학교 옆,202211, 319 , 311 
성북구,1367. 길음문화복합미디어센터,202211, 437 , 436 
성북구,1368. 성신여대입구 교차로,202211," 1,102 "," 1,137 "
성북구,1369. 미아사거리,202211," 1,729 "," 1,713 "
성북구,1370. 복자사랑 피정의 집,202211, 373 , 153 
성북구,1372. KEB은행 고대점,202211," 1,579 "," 1,579 "
성북구,1373. 성북구보건소 건너편,202211, 885 , 894 
성북구,1375. 생명의 전화 종합복지관 앞 교차로,202211," 1,343 "," 1,330 "
성북구,1376. 한국과학기술연구원 중문,202211, 242 , 231 
성북구,1377. 한국과학기술연구원 북문,202211, 229 , 190 
성북구,1379.길음뉴타운푸르지오아파트 3단지,202211, 96 , 6 
성북구,1380.월곡역 5번출구 앞,202211," 1,780 "," 1,916 "
성북구,1381.석계역 4번출구 뒤,202211," 1,795 "," 1,757 "
성북구,1382.래미안월곡아파트 입구,202211," 1,382 "," 1,359 "
성북구,1384.성신여대입구역 5번출구,202211," 1,697 "," 1,717 "
성북구,1385.성신여대입구역 3번출구 앞,202211," 1,438 "," 1,479 "
성북구,1386.동선고가차도 초입,202211, 458 , 460 
성북구,1388. 돈암초교입구 버스정류장(한성대입구역 방면),202211, 826 , 826 
성북구,1390.석관래미안아트리치,202211," 1,743 "," 1,850 "
성북구,1391.성북청소년센터,202211, 606 , 602 
성북구,1392.돈암삼성풍림아파트,202211, 264 , 50 
성북구,1393.돈암육교 하단,202211, 265 , 90 
성북구,1394.길음뉴타운 래미안9단지,202211, 978 , 966 
성북구,1395.래미안장위포레카운티(102동),202211, 855 , 857 
성북구,1396.래미안장위퍼스트하이(513동),202211," 1,464 "," 1,501 "
성북구,4406. 장곡초등학교 앞,202211, 888 , 852 
성북구,4408. 돌곶이역 앞,202211," 2,088 "," 2,326 "
성북구,4411. 동산어린이공원 앞,202211, 923 , 938 
성북구,4414. 안암역 3번 출구,202211," 1,002 "," 1,047 "
성북구,4415. 미아초교버스승강장,202211, 75 , 68 
성북구,4417. 성북청소년문화의집,202211, 84 , 36 
성북구,4418. 종암동 동덕여대 제2생활관 앞,202211," 2,290 "," 2,481 "
성북구,4419. 성북구 한예종 캠퍼스 본관,202211, 889 , 757 
성북구,4420. 성북구 한예종 캠퍼스 별관,202211, 887 ," 1,124 "
성북구,4421. 롯데캐슬클라시아 입구 앞,202211, 167 , 162 
송파구,1201. 가락시장역 3번 출구,202211," 2,641 "," 2,816 "
송파구,1203. 밀리아나2빌딩 앞,202211," 2,654 "," 2,782 "
송파구,1204. 거여역 3번출구,202211," 1,889 "," 1,896 "
송파구,1205. 종합운동장역 4번출구,202211," 1,872 "," 1,314 "
송파구,1206. 9호선종합운동장역 9번출구,202211," 1,623 "," 1,609 "
송파구,1207. 마천중앙시장,202211, 860 , 857 
송파구,1208. 풍납현대아파트쉼터,202211," 2,730 "," 2,683 "
송파구,1209. 잠실나루역 (2번 출구 쪽),202211," 3,851 "," 3,855 "
송파구,1210. 롯데월드타워(잠실역2번출구 쪽),202211," 11,263 "," 11,302 "
송파구,1211. 방이삼거리,202211," 6,172 "," 6,908 "
송파구,1212. 송파역 2번 출구앞,202211," 1,867 "," 2,022 "
송파구,1213. 백토공원 앞,202211, 443 , 429 
송파구,1214. 오금역 7번 출구 인근,202211," 1,385 "," 1,367 "
송파구,1215. 올림픽공원역 1번출구 앞,202211," 2,220 "," 2,230 "
송파구,1217. 송파파인타운 7단지,202211, 871 , 868 
송파구,1218. 방이역 4번출구,202211," 3,668 "," 3,665 "
송파구,1220. 잠실근린공원,202211," 2,679 "," 2,951 "
송파구,1221. 삼전역 4번출구,202211," 2,152 "," 2,181 "
송파구,1222. 잠실새내역 5번 출구 뒤,202211," 4,304 "," 4,490 "
송파구,1224. 아시아지하보도 2번 출구,202211," 1,747 "," 1,732 "
송파구,1226. 잠실4동 주민센터 옆,202211," 2,367 "," 2,382 "
송파구,1227. 거여역 8번출구 뒤,202211," 1,890 "," 1,884 "
송파구,1228. 마천사거리 ,202211," 1,348 "," 1,425 "
송파구,1229. 송파체육문화회관 앞,202211," 1,632 "," 1,610 "
송파구,1230. 송파중학교 정문,202211, 803 , 699 
송파구,1231. 잠실역 6번출구,202211," 2,610 "," 2,775 "
송파구,1232. 잠실주공 521동 건너편,202211," 3,366 "," 3,474 "
송파구,1233. 잠실3거리(갤러리아팰리스),202211," 1,259 "," 1,221 "
송파구,1235. 잠실트리지움310동 옆,202211," 2,303 "," 2,476 "
송파구,1239. 문정 법조단지3,202211, 675 , 671 
송파구,1240. 문정 법조단지4,202211, 846 , 807 
송파구,1241. 문정 법조단지5,202211, 408 , 410 
송파구,1242. 문정 법조단지6,202211, 124 , 121 
송파구,1243. 문정 법조단지7,202211," 2,996 "," 3,111 "
송파구,1244. 문정 법조단지8,202211," 2,688 "," 2,646 "
송파구,1245. 문정 법조단지9,202211," 1,899 "," 1,836 "
송파구,1246. 문정 법조단지10,202211," 2,174 "," 2,136 "
송파구,1247. 문정 법조단지11,202211," 1,178 "," 1,142 "
송파구,1248. 방이초등학교,202211," 3,159 "," 2,593 "
송파구,1249. 아주중학교건너편,202211," 1,876 "," 2,030 "
송파구,1250.문정2동 주민센터,202211, 151 , 158 
송파구,1251. 석촌역 2번출구,202211," 3,822 "," 3,826 "
송파구,1253. 오금역 3번 출구 뒤,202211," 1,113 "," 1,098 "
송파구,1256. 문정현대아파트 교차로,202211, 876 , 877 
송파구,1257. 가락시장역 사거리,202211," 1,708 "," 1,706 "
송파구,1258. 가락미륭아파트 앞,202211, 417 , 379 
송파구,1259. 방이역 1번출구,202211," 2,002 "," 2,015 "
송파구,1260. 방이동 한양3차아파트 옆,202211," 1,868 "," 1,835 "
송파구,1262. 송파여성문화회관 앞,202211," 3,046 "," 3,039 "
송파구,1263. 장지공영차고지,202211, 416 , 417 
송파구,1264. 천호역 10번 출구 앞,202211," 4,172 "," 4,167 "
송파구,1265. 문정동 근린공원,202211," 1,506 "," 1,563 "
송파구,1266. 문정동 글샘 공원,202211, 947 , 854 
송파구,1267. 올림픽공원 남2문 앞,202211," 1,452 "," 1,418 "
송파구,1268. 몽촌토성역 1번출구 옆,202211," 1,992 "," 2,015 "
송파구,1269. 리센츠아파트 ,202211," 2,013 "," 1,693 "
송파구,1271. 송파도서관,202211," 1,040 "," 1,034 "
송파구,1274. 영파여고 앞,202211," 1,840 "," 1,740 "
송파구,1275. 거여초등학교 옆,202211, 721 , 700 
송파구,1277. 성내6교,202211," 1,267 "," 1,298 "
송파구,1278. 송파구청 교차로,202211," 2,345 "," 2,383 "
송파구,1279. 마천금호어울림 1차아파트 건너편,202211, 364 , 355 
송파구,1280. 송파파크데일 2단지입구 앞 주차장,202211, 691 , 660 
송파구,1282. 송파소방서 맞은편(성내4교),202211," 1,996 "," 2,090 "
송파구,1283. 오금공원 사거리,202211, 219 , 176 
송파구,1285. 위례별 유치원 뒤,202211, 526 , 502 
송파구,1286. 위례중앙푸르지오 1단지 앞,202211," 1,281 "," 1,262 "
송파구,1287. 위례아이파크 101동 맞은편,202211, 596 , 591 
송파구,1288. 문정중교 사거리,202211," 1,319 ", 991 
송파구,1289. 풍납토성 서성벽터B,202211, 866 , 882 
송파구,1290. 위례송파꿈에그린아파트24단지 앞 성벽 다리 밑,202211, 409 , 411 
송파구,1291. 서울체육고등학교 앞,202211," 1,913 "," 2,199 "
송파구,1293. 석촌호수 서호 사거리,202211," 3,626 "," 3,720 "
송파구,1295. 잠실역 8번출구,202211," 4,957 "," 4,984 "
송파구,1296. 석촌호수교차로 (송파나루근린공원 앞),202211, 885 , 842 
송파구,1297. 석촌호수교차로(동호 팔각정 앞),202211," 3,724 "," 3,775 "
송파구,1299. 송파소방서 (방이119안전센터),202211, 809 , 665 
송파구,1300. 오륜사거리,202211, 907 , 885 
송파구,2601. 석촌호수 아뜰리에,202211," 2,917 "," 2,944 "
송파구,2603. 송파 글마루 도서관,202211, 950 , 889 
송파구,2604. 풍납토성 서성벽터A,202211," 1,453 "," 1,524 "
송파구,2605. 복정역 1번 출구 앞,202211," 1,721 "," 1,732 "
송파구,2606. 위례동주민센터 맞은편 근린공원,202211," 2,795 "," 2,786 "
송파구,2608. 송파구청,202211," 7,588 "," 7,964 "
송파구,2609. 보성중고등학교 후문 앞,202211, 336 , 326 
송파구,2611. 송파지역자활센터 뒤,202211," 2,871 "," 3,042 "
송파구,2612. 문정·가락 대여소 앞,202211, 77 , 71 
송파구,2613. 잠실나들목,202211," 1,949 "," 1,894 "
송파구,2614. 가락고등학교 앞,202211, 570 , 473 
송파구,2615. 테라타워2,202211," 3,111 "," 3,164 "
송파구,2616. 거여동 사거리,202211, 595 , 588 
송파구,2617. 가락삼환아파트 앞,202211, 624 , 562 
송파구,2618. 삼전역 1번출구,202211," 2,155 "," 2,145 "
송파구,2619. 석촌고분역 4번출구,202211," 2,469 "," 2,525 "
송파구,2620. 송파나루역 4번 출구옆,202211," 5,483 "," 6,420 "
송파구,2621. 한성백제역 2번 출구,202211," 2,906 "," 2,986 "
송파구,2622. 올림픽공원역 3번출구,202211," 6,819 "," 6,797 "
송파구,2623.석촌동 주민센터,202211," 3,433 "," 3,449 "
송파구,2625.가락종합 사회복지관,202211, 691 , 684 
송파구,"2626.경찰병원역 1,2번 출구 사이",202211," 1,040 "," 1,032 "
송파구,2627.문정시영아파트 5동 앞 공원,202211, 894 , 494 
송파구,2628.문정역 1번출구,202211," 2,953 "," 2,971 "
송파구,2630.서울방이동 고분군,202211," 2,630 "," 2,349 "
송파구,2631.배명고등학교,202211, 919 , 994 
송파구,2632.석촌고분역 2번 출구,202211," 3,321 "," 3,347 "
송파구,2633.송파학사 옆,202211," 1,137 "," 1,058 "
송파구,2634.위례포레샤인아파트 2318동,202211, 753 , 746 
송파구,2635.잠실새내역 1번출구,202211," 3,137 "," 2,837 "
송파구,2637. 아시아지하보도 14번 출구,202211," 2,570 "," 2,613 "
송파구,2639.석촌역 8번출구,202211," 4,249 "," 4,184 "
송파구,2641.송파역 4번출구,202211," 3,652 "," 3,785 "
송파구,2642.마천동 성내천 쉼터,202211," 1,158 "," 1,134 "
송파구,2643.풍납중학교 측면,202211, 417 , 397 
송파구,2644. 성내5교,202211," 1,488 "," 1,506 "
송파구,2645.잠실나들목2(엘스아파트136동),202211, 749 , 730 
송파구,2646.레이크펠리스101동앞,202211," 3,593 "," 3,790 "
송파구,2647.잠실 자전거 수리센터 앞,202211," 4,086 "," 4,194 "
송파구,2648.헬리오시티 112동 앞,202211," 1,544 "," 1,402 "
송파구,2649.오금공원사거리2,202211, 405 , 347 
송파구,2650.위례22단지 2208동 다리앞,202211, 564 , 564 
송파구,2651.경찰병원역 3번출구 앞,202211," 1,599 "," 1,598 "
송파구,2652.송파 레미니스1단지 102동 앞,202211," 1,295 "," 1,101 "
송파구,2653.올림픽공원사거리(선수촌아파트),202211," 1,698 "," 1,623 "
송파구,2654.올림픽선수촌아파트 136동 앞,202211, 645 , 553 
송파구,2655.송이공원,202211, 870 , 664 
송파구,2656.풍납동 아이파크 107동 앞,202211," 1,469 "," 1,473 "
송파구,2657.송파 파인타운 11단지 ,202211, 912 , 891 
송파구,2658.가락몰 업무동,202211," 1,687 "," 1,861 "
송파구,2659.서울친환경유통센터,202211, 299 , 298 
송파구,4452. 삼성SDS,202211," 3,514 "," 3,518 "
송파구,4453. 위례중앙푸르지오 201동 앞,202211," 2,019 "," 2,019 "
송파구,4454. 위례 포레샤인 1809동 부근,202211, 403 , 205 
송파구,4456. 위례포레샤인 2310동 부근,202211, 804 , 802 
송파구,4457. 아산병원 기숙사 부근,202211," 4,738 "," 4,799 "
송파구,4458. 가락2동주민센터 인근,202211, 984 , 747 
송파구,4460. 올림픽훼미리아파트 112동 앞,202211," 1,279 "," 1,319 "
송파구,4461. 한양3차아파트 3동 앞,202211, 319 , 287 
송파구,4462. 가락중학교 앞,202211, 791 , 798 
송파구,4463. 방이역 2번 출구,202211, 888 , 894 
송파구,4464. 올림픽공원 북2문,202211," 1,816 "," 1,959 "
송파구,4465. 건영아파트앞 사거리,202211," 2,090 "," 2,099 "
송파구,4467. 한림연예예술고등학교,202211," 1,146 "," 1,069 "
송파구,4468. 가락1동주민센터 ,202211," 1,348 "," 1,283 "
송파구,4469. 거여동 어울림아파트  102동앞,202211, 703 , 710 
송파구,4472. 송파파크데일 1단지 115동 건너편,202211, 507 , 464 
송파구,4473. 마천금호어울림 1차 102동앞,202211, 262 , 231 
송파구,4474. 가락현대 1차 11동 앞,202211, 511 , 438 
송파구,4475. 송파파인타운 4단지 403동,202211, 626 , 612 
송파구,4478. 문정근린공원2,202211," 1,473 "," 1,483 "
송파구,4479. 문정중학교,202211, 232 , 209 
송파구,4480. 가락시장 남1문 사거리,202211, 928 , 932 
송파구,4481. 올림픽공원 북2문 2,202211," 3,017 "," 3,270 "
송파구,4483. 잠실나들목4,202211," 1,440 "," 1,548 "
송파구,4484. 잠실나루역4번출구뒤,202211," 2,014 "," 2,011 "
송파구,4485. 잠실나루역 고가하부,202211, 631 , 615 
송파구,4486. 홈플러스 잠실점,202211," 2,303 "," 2,297 "
송파구,4488. 문현중.고등학교 사이,202211, 229 , 232 
송파구,4490. 송파파인타운 10단지 1005동,202211, 441 , 413 
송파구,4491. 장지역 1번출구,202211," 1,634 "," 1,637 "
송파구,4493. 마천사거리 2,202211, 686 , 676 
송파구,4496. 잠실 파크리오 120동 앞,202211," 1,769 "," 1,766 "
송파구,4497. 아시아선수촌아파트 교차로,202211, 922 , 934 
송파구,4499. 세양청마루 101동 앞,202211, 737 , 401 
송파구,4852. 서울복합물류 게이트 1,202211," 1,524 "," 1,551 "
송파구,4853. 송파 안전체험교육관,202211, 81 , 81 
송파구,4854. 가락시장역 2번 출구,202211," 1,666 "," 1,702 "
송파구,4855. 거여5단지 503동 앞,202211, 722 , 697 
송파구,4856. 올림픽공원 서1문 앞,202211," 1,075 "," 1,091 "
송파구,4857. 올림픽공원 장미광장,202211, 683 , 658 
송파구,4859. 잠실나루 나들목,202211," 1,856 "," 1,837 "
송파구,4860. 가락쌍용2차아파트 103동,202211," 1,096 ", 998 
송파구,4862. 성내교 남단,202211, 441 , 387 
송파구,4863. 잠실나들목5,202211, 448 , 511 
송파구,4864. 송파사거리,202211," 3,606 "," 3,699 "
송파구,4865. 한성백제역 1번출구 뒤,202211," 3,628 "," 3,618 "
송파구,4867. 가락대림아파트 앞,202211," 1,179 "," 1,183 "
송파구,4868. 석촌호수 서호 남단,202211," 3,537 "," 3,606 "
송파구,4869. 잠실나들목6,202211, 567 , 599 
송파구,4870. 몽촌토성역 3번 출구,202211," 5,715 "," 5,705 "
송파구,4871. 오금동 대림아파트 정문,202211, 785 , 768 
송파구,4872. 개롱역 3번 출구 뒤,202211," 1,296 "," 1,291 "
송파구,4873. 개롱역사거리 2번 출구,202211," 1,278 "," 1,269 "
송파구,4874. 탄천1교 하부보도,202211, 684 , 656 
송파구,4875. 위례포레샤인13단지,202211, 915 , 896 
송파구,4876. 삼전동주민센터 앞,202211," 1,417 "," 1,656 "
송파구,4879. 마천청소년센터,202211, 257 , 246 
송파구,4880. 송파청소년센터,202211, 898 , 926 
송파구,4881. 거여동사거리 송파둘레길 입구,202211, 360 , 363 
송파구,4882. 위례포레샤인18단지 1802동,202211, 301 , 292 
송파구,4883. 위례포레샤인18단지 1812동,202211, 260 , 218 
송파구,4884. H비즈니스파크,202211," 1,663 "," 1,733 "
송파구,4885. 가든파이브 리빙관,202211, 334 , 341 
송파구,4886. 배명고등학교 건너편,202211, 969 , 981 
송파구,4887. 호돌이상가,202211, 773 , 858 
송파구,4888. 둔촌오륜역 2번출구,202211, 401 , 357 
송파구,4889. 마천역 1번 출구 인근②,202211, 678 , 659 
송파구,4891. 위례포레샤인17단지 위례대로 방면,202211, 995 , 979 
송파구,4892. 성내유수지 체육공원,202211, 532 , 420 
송파구,4893. 문정법조단지12,202211," 3,129 "," 3,602 "
송파구,4895. 위례포레샤인15단지 상가,202211," 1,197 "," 1,200 "
송파구,4896. 위례포레샤인15단지,202211, 234 , 228 
송파구,4897. 잠실주공5단지1,202211," 2,741 "," 2,703 "
송파구,5751. 송파여성축구장,202211, 435 , 408 
송파구,5752. 풍납백제문화공원 옆 인근,202211," 2,402 "," 2,602 "
송파구,5753. 호반써밋,202211," 1,138 "," 1,075 "
송파구,5756. 극동아파트,202211," 1,148 "," 1,133 "
송파구,5758. 올림픽선수기자촌아파트 123동 근처,202211, 443 , 386 
송파구,5759. 풍납근린공원,202211, 787 , 741 
송파구,5760. 풍납사거리 성내유수지,202211, 952 , 951 
송파구,5761. 버섯분수대,202211, 895 , 907 
송파구,5763. 세륜초등학교 건너편,202211, 232 , 181 
송파구,5764. 한국체육대학교,202211, 585 , 588 
송파구,5765. 삼전동주민센터 건너편,202211," 1,164 "," 1,211 "
양천구,4507. 신정제일시장,202211," 1,188 "," 1,165 "
양천구,4508. 유원목동아파트 103동 앞,202211," 3,753 "," 3,862 "
양천구,4509. 서울영상고교 입구,202211," 3,949 "," 4,229 "
양천구,4510. 신정네거리역 교차로,202211," 1,476 "," 1,481 "
양천구,4512. 목동13_14단지 사거리,202211," 1,120 ", 866 
양천구,4514. 목동성당 앞,202211," 2,843 "," 2,727 "
양천구,4515. 동문굿모닝탑,202211," 3,333 "," 3,369 "
양천구,4516. 신진빌라,202211, 604 , 639 
양천구,4517. 성보하이드로빌딩,202211," 1,293 "," 1,315 "
양천구,4518. 청기와빌딩,202211," 1,173 "," 1,212 "
양천구,4519. 양원보도육교,202211, 614 , 614 
양천구,4520. 대성유니드아파트,202211, 978 ," 1,418 "
양천구,4522. 신곡시장,202211," 1,629 "," 2,350 "
양천구,4523. 구립양천어르신요양센터,202211, 114 , 57 
양천구,4526. 목동아파트2단지 222동 앞,202211," 1,366 "," 1,382 "
양천구,4527. 목동신시가지아파트6단지,202211," 2,259 "," 2,273 "
양천구,4528. 양천구청역 1번출구,202211," 1,550 "," 1,383 "
양천구,4530. 방아다리어린이공원,202211, 796 , 697 
양천구,4531. 목동아파트 613동 앞,202211," 2,898 "," 2,886 "
양천구,4532. 목동현대아파트 후문 앞,202211," 2,084 "," 1,936 "
양천구,4535. 목동12단지 아파트,202211," 2,534 "," 2,481 "
양천구,4536. 양천해누리체육공원,202211," 1,192 "," 1,426 "
양천구,4537. 서울남부지방검찰청 후문 ,202211," 1,683 "," 1,602 "
양천구,4538. 양천공영차고지,202211, 217 , 182 
양천구,4539. 목동7단지아파트 A상가,202211, 756 , 769 
양천구,4540. 목동역 3번 출구,202211," 4,505 "," 4,815 "
양천구,4541. 갈산문화예술센터,202211," 1,814 "," 1,824 "
양천구,4542. 월정초 사거리,202211, 621 , 646 
양천구,4543. 오목교역 6번 출구,202211," 1,523 "," 1,630 "
양천구,700. KB국민은행 염창역 지점 앞,202211," 1,775 "," 1,696 "
양천구,701. 목동사거리 부근,202211," 2,226 "," 2,316 "
양천구,702. 목4동주민센터 옆,202211," 2,391 "," 2,359 "
양천구,703. 오목교역 7번출구 앞,202211," 4,398 "," 5,140 "
양천구,704. 남부법원검찰청 교차로,202211," 3,053 "," 2,927 "
양천구,706. 신정네거리역,202211," 1,127 "," 1,051 "
양천구,708. 서울출입국관리사무소 앞,202211," 4,553 "," 4,700 "
양천구,709. 신정3동 현장민원실 앞,202211," 1,410 "," 1,140 "
양천구,710. 금옥여고보도육교,202211, 945 , 941 
양천구,711. 신일해피트리아파트 앞,202211," 1,651 ", 247 
양천구,712. 강월초교입구 사거리,202211, 834 ," 1,434 "
양천구,713. 양서중학교 옆,202211," 1,015 ", 765 
양천구,714. 한국SGI 양천문화회관 앞,202211," 1,104 ", 911 
양천구,716.신정6동 주민센터 인근,202211," 2,108 "," 2,107 "
양천구,719. 홍익병원앞 교차로,202211," 2,311 "," 2,351 "
양천구,720. 서울강월초등학교 앞,202211," 1,063 ", 522 
양천구,722. 경서농협 버스정류장(우리은행신정동지점방향),202211," 1,614 "," 1,803 "
양천구,723. SBS방송국,202211," 2,579 "," 2,697 "
양천구,724. 계남공원 입구 주출입구 좌측,202211, 449 , 298 
양천구,725. 양강중학교앞 교차로,202211," 1,035 ", 385 
양천구,726. 목동3단지 시내버스정류장,202211," 4,010 "," 4,032 "
양천구,729. 서부식자재마트 건너편,202211," 2,141 "," 2,217 "
양천구,731. 서울시 도로환경관리센터,202211," 2,283 "," 2,562 "
양천구,732. 신월중학교,202211," 1,336 "," 1,306 "
양천구,733. 신정이펜하우스314동,202211, 943 , 408 
양천구,734. 신트리공원 입구,202211," 3,553 "," 3,512 "
양천구,735. 영도초등학교,202211," 3,249 "," 3,320 "
양천구,736. 오솔길공원,202211," 1,374 "," 1,692 "
양천구,737. 장수공원,202211," 1,189 "," 1,172 "
양천구,739. 신월사거리,202211," 1,657 "," 1,670 "
양천구,740. 으뜸공원,202211," 1,208 "," 1,363 "
양천구,741. 화곡로 입구 교차로,202211, 601 , 554 
양천구,742. 등촌역 5번 출구 뒤,202211," 1,114 "," 1,111 "
양천구,743. 현대6차아파트 101동 옆,202211," 1,049 "," 1,184 "
양천구,744. 신목동역 2번 출구,202211," 3,421 "," 3,550 "
양천구,745. 강서초등학교,202211, 780 ," 1,039 "
양천구,746. 목동2단지 상가,202211," 4,564 "," 4,600 "
양천구,747. 목동3단지 상가,202211," 2,227 "," 2,218 "
양천구,748. 목동운동장,202211, 831 , 871 
양천구,749. 이대목동병원보도육교,202211," 1,596 "," 1,703 "
양천구,750. 연의근린공원 건너편,202211, 846 ," 1,127 "
양천구,752. 성원2차 아파트,202211," 1,194 "," 1,129 "
양천구,754. 목동1단지아파트 118동 앞,202211," 2,345 "," 2,322 "
양천구,755. 목동1단지아파트 상가 앞,202211," 3,322 "," 3,307 "
양천구,756. 목동주차장,202211," 1,748 "," 1,809 "
양천구,757. 신정이펜하우스 1단지아파트 입구 사거리,202211, 754 , 471 
양천구,758. 한사랑교회 앞,202211," 1,405 "," 1,398 "
양천구,759. 보아스아파트 앞,202211," 1,051 "," 1,282 "
양천구,760. 잣절보도육교 아래,202211, 764 , 674 
양천구,762. 오목로 무중력지대 앞,202211, 774 , 770 
양천구,763. 목동11단지 아파트,202211," 1,534 "," 1,472 "
양천구,764. 목동청소년수련관,202211," 3,888 "," 3,740 "
양천구,765. 오목교역 3번출구,202211," 6,177 "," 6,446 "
양천구,766. 신목동역 3번출구,202211," 1,245 "," 1,241 "
양천구,767.신정숲속마을아파트,202211, 724 , 353 
양천구,768.목동5단지아파트 501동,202211," 2,218 "," 2,289 "
양천구,769.CBS방송국 앞,202211," 4,963 "," 5,420 "
양천구,770.목동역5번출구 교통정보센터 앞,202211," 6,265 "," 6,619 "
양천구,771.목동아파트 703동 앞,202211," 2,886 "," 2,888 "
양천구,"773.염창역 3, 4번 출구 사이",202211," 1,591 "," 1,578 "
양천구,774.등촌역 4번 출구 ,202211," 1,093 "," 1,092 "
양천구,775.세종그랑시아 앞(102동),202211," 1,240 ", 968 
양천구,776.목마공원,202211, 564 , 514 
양천구,777.신월6차보람아파트 앞,202211," 1,671 "," 2,038 "
양천구,779. 신정1동 주민센터 앞,202211," 3,720 "," 4,046 "
양천구,780.신정교 하부,202211," 2,184 "," 2,544 "
양천구,781.신정보도육교 아래,202211," 4,182 "," 3,981 "
양천구,782.서남병원 후문,202211," 1,162 ", 596 
양천구,"785.양천구청, 보건소 사잇길",202211," 5,864 "," 6,467 "
양천구,786.목동아파트 8단지 상가동 앞,202211," 2,622 "," 2,601 "
양천구,787.양천아파트 입구,202211," 4,066 "," 4,035 "
양천구,788.양천구청역 2번출구 옆,202211," 3,417 "," 3,645 "
양천구,791.현대하이페리온,202211," 3,276 "," 3,250 "
양천구,792.목동트라팰리스 웨스턴에비뉴,202211," 6,057 "," 6,059 "
양천구,793.목동5단지아파트 534동,202211," 2,359 "," 2,321 "
양천구,794.양천문화회관,202211," 2,636 "," 2,674 "
양천구,795.양천 해누리타운,202211," 3,356 "," 3,441 "
양천구,796.목동아파트 14단지 B상가 앞,202211," 2,166 "," 2,121 "
양천구,797.목동아파트 1422동 1434동 사잇길,202211," 4,021 "," 3,846 "
영등포구,200. 국회의원회관,202211, 218 , 208 
영등포구,201. 진미파라곤 앞,202211," 1,810 "," 1,811 "
영등포구,202. 국민일보 앞,202211," 5,083 "," 5,196 "
영등포구,203. 국회의사당역 3번출구 옆,202211," 2,814 "," 2,718 "
영등포구,204. 국회의사당역 5번출구 옆,202211," 1,630 "," 1,549 "
영등포구,205. 산업은행 앞,202211," 2,290 "," 2,277 "
영등포구,206. KBS 앞,202211," 2,704 "," 2,500 "
영등포구,207. 여의나루역 1번출구 앞,202211," 8,008 "," 7,292 "
영등포구,209. 유진투자증권빌딩 앞,202211," 3,221 "," 3,663 "
영등포구,213. KT앞,202211," 3,632 "," 2,894 "
영등포구,214. 금융감독원 앞,202211," 2,091 "," 1,922 "
영등포구,215. 여의도고교 앞,202211," 1,589 "," 1,679 "
영등포구,217. NH농협은행 앞,202211," 3,642 "," 3,635 "
영등포구,219. 롯데캐슬엠파이어 옆,202211," 2,929 "," 2,954 "
영등포구,220. 미성아파트 A동 앞,202211," 2,026 "," 1,890 "
영등포구,221. 여의도초교 앞,202211," 1,374 "," 1,338 "
영등포구,222. 시범아파트버스정류장 옆,202211," 3,413 "," 3,671 "
영등포구,223. 진주아파트상가 앞,202211," 1,479 "," 1,331 "
영등포구,224. 롯데캐슬 앞,202211," 2,593 "," 2,662 "
영등포구,225. 앙카라공원 앞,202211," 2,521 "," 2,185 "
영등포구,226. 샛강역 1번출구 앞,202211," 2,712 "," 2,329 "
영등포구,227. 양평2나들목 보행통로 입구,202211," 1,721 "," 2,124 "
영등포구,228. 선유도역 3번출구 앞,202211," 3,678 "," 3,743 "
영등포구,229. 양평1 보행육교 앞,202211," 2,910 "," 2,913 "
영등포구,230. 영등포구청역 1번출구,202211," 8,245 "," 8,214 "
영등포구,231. 남부고용노동지청 남측,202211," 2,278 "," 2,299 "
영등포구,232. 양평우림 이비즈센타 앞,202211," 2,894 "," 2,931 "
영등포구,233. 양평1동 YP센터 앞,202211, 805 , 857 
영등포구,234. 영등포구민체육센터 앞,202211," 2,086 "," 2,319 "
영등포구,235. 신길동 우리은행 옆,202211," 1,222 "," 1,160 "
영등포구,236. 문래동자이아파트 앞,202211," 3,264 "," 3,336 "
영등포구,238. 제2구민체육센타 앞,202211," 3,025 "," 2,976 "
영등포구,239. 유스호스텔 앞,202211," 1,544 "," 1,487 "
영등포구,240. 문래역 4번출구 앞,202211," 4,184 "," 4,068 "
영등포구,241. 신길우성1차아파트 앞 공원,202211," 1,243 "," 1,131 "
영등포구,242. 신길선원가와인아파트 앞,202211," 1,429 ", 940 
영등포구,243. 이앤씨드림타워 앞,202211," 3,936 "," 4,044 "
영등포구,244. 영등포삼환아파트 앞,202211," 2,290 "," 2,101 "
영등포구,245. 삼성생명 당산사옥 앞,202211," 3,691 "," 3,655 "
영등포구,247. 당산역 10번출구 앞,202211," 8,210 "," 8,473 "
영등포구,248. 초원아파트 앞,202211," 1,320 "," 1,328 "
영등포구,249. 여의도중학교 옆,202211," 1,389 "," 1,449 "
영등포구,250. 대림아파트 사거리,202211," 1,010 ", 876 
영등포구,251. 서울지방병무청 버스정류장,202211," 1,087 ", 827 
영등포구,252. 보라매역4번출구,202211," 2,174 "," 2,354 "
영등포구,254. 도림신협 앞,202211," 1,494 "," 1,505 "
영등포구,255. 도림사거리,202211," 1,991 "," 2,002 "
영등포구,256. 동아에코빌입구,202211," 1,384 "," 1,342 "
영등포구,258. 신길역3번출구,202211," 2,333 "," 2,309 "
영등포구,259. 대방역6번출구,202211," 4,150 "," 4,363 "
영등포구,260. 여의도 마리나선착장 앞,202211, 579 , 568 
영등포구,262. 영문초등학교 사거리,202211," 5,065 "," 5,085 "
영등포구,263. 근로자회관 사거리,202211," 3,996 "," 4,229 "
영등포구,264. 교보생명보험 앞,202211," 1,725 "," 1,689 "
영등포구,265. 영등포유통상가 사거리,202211," 1,943 "," 1,986 "
영등포구,266. 영등포청과시장 사거리,202211," 1,958 "," 1,827 "
영등포구,267. 삼성화재 사옥 옆,202211," 2,077 "," 1,914 "
영등포구,268. 그랜드컨벤션센터 앞,202211," 3,492 "," 3,540 "
영등포구,270. 증권거래소후문교차로,202211," 1,873 "," 1,868 "
영등포구,271. 샛강생태공원방문자센터 앞,202211, 623 , 391 
영등포구,272. 당산육갑문,202211," 4,861 "," 5,042 "
영등포구,275. 신동아아파트,202211," 3,345 "," 3,299 "
영등포구,276. 영등포로터리2,202211," 3,475 "," 3,399 "
영등포구,278. 쌍용플레티넘오피스텔,202211," 2,569 "," 2,419 "
영등포구,279. 영등포 푸르지오 아파트,202211," 1,213 "," 1,090 "
영등포구,280. 양평동6차현대아파트 앞,202211," 3,073 "," 2,995 "
영등포구,281. 신동아아파트 앞,202211," 1,247 "," 1,237 "
영등포구,282. 신한은행 대림동지점,202211, 659 , 657 
영등포구,283. 아크로타워 스퀘어(영등포시장),202211," 3,941 "," 3,950 "
영등포구,284. 센트럴 푸르지오 시티 앞,202211," 2,494 "," 2,398 "
영등포구,285. 대림3동사거리(하나은행),202211," 1,023 "," 1,069 "
영등포구,286. 우성아파트 교차로,202211," 1,386 "," 1,449 "
영등포구,287. 영등포전화국사거리 (서강어린이공원),202211," 2,533 "," 2,551 "
영등포구,288. 쌍용예가(구청별관),202211," 1,568 "," 1,557 "
영등포구,289. 대림3동사거리,202211," 1,376 "," 1,499 "
영등포구,290. 당산동 SK V1 빌딩,202211," 2,580 "," 2,560 "
영등포구,291. 문래동 하이테크 시티,202211," 3,640 "," 3,605 "
영등포구,292. 영일 어린이공원,202211," 1,798 "," 1,745 "
영등포구,293. 충북 미래관,202211," 4,100 "," 3,858 "
영등포구,295.영등포공원 분수대 앞,202211, 384 , 368 
영등포구,296.KT플라자 영등포점,202211," 2,329 "," 2,344 "
영등포구,297.국회3문,202211, 205 , 205 
영등포구,298.KBS 연구동 건너편,202211," 1,029 ", 620 
영등포구,299.여의도 순복음교회,202211, 462 , 403 
영등포구,3201.당산skv1센터,202211," 2,071 "," 2,064 "
영등포구,3202.당산롯데캐슬프레스티지,202211," 3,218 "," 3,079 "
영등포구,3203.도림동배드민턴체육관,202211," 1,193 "," 1,166 "
영등포구,3204.도림고가도로 밑,202211," 1,075 "," 1,072 "
영등포구,3205.문래현대2차,202211," 1,948 "," 1,924 "
영등포구,3206.문래동 주민센터,202211," 1,595 "," 1,535 "
영등포구,3207.양남사거리1,202211, 950 , 874 
영등포구,3211.신길 래미안 프레비뉴,202211, 734 , 724 
영등포구,3212.신풍역 6번출구,202211," 2,253 "," 2,284 "
영등포구,3214.영등포 푸르지오,202211," 1,596 "," 1,388 "
영등포구,3215.강변삼성래미안,202211," 1,558 "," 1,360 "
영등포구,3219.영등포역 1번출구,202211," 3,950 "," 4,234 "
영등포구,3220.래미안에스티움 앞 (신풍로),202211," 1,497 "," 1,449 "
영등포구,3221.서울특별시 남부교육지원청,202211, 815 , 681 
영등포구,4552. 코레일유통본사,202211," 1,572 "," 1,603 "
영등포구,4553. 당산삼성2차아파트,202211," 2,877 "," 2,766 "
영등포구,4555. 대림우성2차아파트,202211, 692 , 758 
영등포구,4556. 리버뷰신안인스빌1차 후문,202211," 1,619 "," 1,636 "
영등포구,4557. 리버뷰신안인스빌2차 후문,202211," 1,557 "," 1,418 "
영등포구,4558. 대영중고 후문,202211," 1,100 "," 1,367 "
영등포구,4559. 신길역 2번출구,202211," 2,221 "," 1,832 "
영등포구,4560. 양평동성원아파트,202211," 2,123 "," 2,271 "
영등포구,4561. 양평역 1번출구,202211," 3,751 "," 3,620 "
영등포구,4563. 여의도 은하아파트,202211, 937 , 913 
영등포구,4564. 63스퀘어,202211," 2,931 "," 2,980 "
영등포구,4565. 영등포 신세계백화점,202211," 5,758 "," 5,840 "
영등포구,4566. 대림성원상떼빌아파트,202211," 1,673 "," 1,856 "
영등포구,4567. 한림대학교 강남성심병원 신관,202211," 1,487 "," 1,588 "
영등포구,4568. 영등포로터리,202211," 2,398 "," 2,393 "
영등포구,4569. 힐스테이트클래시안아파트,202211," 1,421 "," 1,396 "
영등포구,4571. 문래동롯데캐슬아파트,202211," 5,134 "," 5,154 "
영등포구,4573. 두산위브아파트,202211, 785 , 704 
영등포구,4574. 영등포시장역 포레나영등포,202211," 3,689 "," 3,672 "
영등포구,4575. 대림동 e편한세상영등포아델포레,202211," 2,213 "," 2,355 "
영등포구,4576.보라매sk뷰 108동 앞,202211," 1,155 "," 1,133 "
영등포구,4578.보라매sk뷰,202211, 726 , 537 
영등포구,4579. 국회의사당 본관,202211, 662 , 593 
영등포구,4580. 국회3문,202211, 538 , 553 
영등포구,4581. 국회소통관,202211, 655 , 655 
영등포구,4582. 국회도서관,202211, 599 , 546 
영등포구,4583. 의정관,202211, 358 , 325 
영등포구,4584. 국회2문,202211, 335 , 240 
영등포구,4585. 국회6문,202211, 271 , 264 
영등포구,4588.양남사거리2,202211, 978 , 973 
영등포구,4589. KRX한국거래소(1),202211," 1,099 "," 1,081 "
영등포구,4591. 신길자이아파트,202211, 968 , 263 
영등포구,4592. 신길우성4차아파트,202211," 1,256 "," 1,396 "
영등포구,4594. 양평교 영등포대여소,202211," 2,135 "," 2,239 "
영등포구,4598. 오목교 동측 지하보도,202211," 1,813 "," 1,803 "
영등포구,4599. 대림우성아파트 사거리,202211, 592 , 579 
영등포구,4600. 영등포구 총괄 우체국,202211," 1,375 "," 1,329 "
영등포구,4601.양평역2번출구 뒤,202211," 1,177 "," 1,053 "
영등포구,5851. 도림천 건널목 위,202211," 1,388 "," 1,213 "
영등포구,5852. 대림동현대2차 201동 앞,202211, 331 , 268 
영등포구,5853. 여의도역2번출구 앞,202211," 1,440 "," 1,311 "
영등포구,5854. 신한금융투자 앞,202211," 5,112 "," 5,467 "
영등포구,5855. 하이투자증권 앞,202211," 1,921 "," 1,995 "
영등포구,5857. U레지던스 앞,202211," 2,305 "," 2,619 "
영등포구,5858. 영등포역5번출구,202211," 4,863 "," 5,461 "
영등포구,5859. 여의도 삼부아파트,202211," 1,373 "," 1,397 "
영등포구,5860. 어울림병원 앞,202211, 125 , 127 
영등포구,5861. 보라주유소 앞,202211, 82 , 89 
용산구,4602. 숙명여대앞 버스정류소 주변,202211, 310 , 120 
용산구,4603. 한강GS에클라트 건너편 교통섬,202211, 941 , 946 
용산구,4604. 원효로다목적체육관 앞,202211, 627 , 688 
용산구,"4605. 노들섬 다목적홀(동쪽) 숲, 앞",202211, 372 , 336 
용산구,4607. 국립중앙박물관 -용산가족공원 앞,202211, 385 , 409 
용산구,4608. 국립중앙박물관 정문 앞,202211, 300 , 173 
용산구,4609. 파크타워 104동 앞,202211, 277 , 239 
용산구,4610. 한남나인원 105동 앞,202211, 439 , 558 
용산구,4611. 국제루터교회 앞,202211, 217 , 191 
용산구,4612. 한남 준 J.FSS 앞,202211, 110 , 80 
용산구,4613. 서울갤러리아 앞,202211, 188 , 138 
용산구,4615. 크라운호텔앞 버스정류소,202211, 554 , 583 
용산구,4616. 신용산지하차도 앞,202211, 702 , 731 
용산구,4617. 동원베네스트 건너편,202211, 180 , 177 
용산구,4618. 풍전아파트 건너편,202211, 824 ," 1,011 "
용산구,4619. 한강트럼프월드3차 앞,202211," 1,011 "," 1,017 "
용산구,4620. 삼각지역 14번 출구 앞(교통섬),202211," 1,133 "," 1,168 "
용산구,4621. 남산도서관 앞,202211, 834 , 166 
용산구,4622. 한강중학교 앞 버스정류장,202211, 389 , 443 
용산구,4623. 라인프랜즈이태원점 앞,202211, 197 , 142 
용산구,4625. 용산공원갤러리앞,202211, 280 , 274 
용산구,4627. 효창공원앞역 5번출구 옆,202211, 513 , 533 
용산구,4629. 한강초교보도육교 앞,202211, 767 , 849 
용산구,4632. 용산 푸르지오 파크타운 1단지 앞,202211, 310 , 254 
용산구,4633. 센트럴파크타워 앞,202211," 1,539 "," 1,669 "
용산구,4634. 이태원역 3번 출구,202211, 449 , 349 
용산구,4636. 용산구꿈나무종합타운 앞,202211, 708 , 808 
용산구,4637. 용산시티파크 101동 앞,202211, 364 , 358 
용산구,4638. 청파동삼거리 앞,202211, 737 , 790 
용산구,4639. 동빙고근린공원,202211, 498 , 560 
용산구,4640. 원효로2가 교차로,202211, 526 , 680 
용산구,4641. 아메리칸센터,202211, 535 , 546 
용산구,4642. 용산더프라임아파트 101동 앞,202211, 358 , 376 
용산구,800. 목월공원 앞,202211," 1,032 ", 977 
용산구,802. 한강진역 2번 출구 앞,202211, 421 , 217 
용산구,803. 한남초교 앞 보도육교,202211, 113 , 114 
용산구,805. 문배어린이공원 앞,202211," 1,228 "," 1,261 "
용산구,806. 전자랜드 본관 앞,202211," 1,030 ", 995 
용산구,807. 서울역 12번 출구 앞,202211," 1,359 "," 1,370 "
용산구,808. 서빙고동 금호맨션 앞,202211, 412 , 424 
용산구,809. 한남 유수지 복개주차장,202211, 841 , 917 
용산구,810. 이태원지하보도,202211, 586 , 581 
용산구,811. 녹사평역1번출구,202211, 707 , 224 
용산구,812. 용산전쟁기념관,202211, 188 , 195 
용산구,813. 삼각지역 3번출구,202211, 997 ," 1,030 "
용산구,815. LIG강촌아파트 103동앞,202211," 1,299 "," 1,305 "
용산구,816. 신용산역 6번출구 앞,202211," 2,138 "," 2,323 "
용산구,817. 삼각지역 4번출구 앞,202211," 1,133 "," 1,150 "
용산구,818. 숙명여대 입구 교차로,202211," 1,885 "," 2,089 "
용산구,819. 선린인터넷 고등학교,202211," 1,877 "," 1,908 "
용산구,820. 청파동입구 교차로,202211," 1,043 "," 1,030 "
용산구,822. 이촌1동 마을공원,202211, 458 , 459 
용산구,823. 효창동주민센터 앞,202211, 352 , 258 
용산구,825. 서빙고동 주민센터 앞,202211," 1,720 "," 1,928 "
용산구,827. 국군복지단,202211, 501 , 501 
용산구,828. 숙대입구역 8번,202211," 1,172 "," 1,307 "
용산구,829. 베르가모앞,202211," 1,863 "," 1,793 "
용산구,830. 청암자이아파트앞,202211, 433 , 363 
용산구,831. 이태원관광특구입구,202211, 194 , 172 
용산구,832. 이촌1동 주민센터 뒤,202211," 1,388 "," 1,411 "
용산구,834. 효창공원앞역 3번출구 뒤,202211," 1,743 "," 1,966 "
용산구,835. 남영역 건너편,202211," 1,516 "," 1,592 "
용산구,836. 현대자동차서비스 앞,202211, 592 , 571 
용산구,837. 한남나들목 입구,202211," 1,481 "," 1,625 "
용산구,838. 숙대입구역 4번출구,202211," 1,787 "," 1,972 "
용산구,839. 보광동 삼성리버빌아파트 앞,202211, 960 ," 1,006 "
용산구,840. 용산 파크타워 앞,202211, 464 , 426 
용산구,841. 신용산역 1번 출구,202211," 2,101 "," 2,174 "
용산구,843. 녹사평역 광장,202211, 429 , 251 
용산구,844. 이촌2동 동원베네스트 아파트 앞,202211," 1,073 "," 1,204 "
용산구,845. 용산 선인상가,202211, 772 , 797 
용산구,846. 용산중학교,202211," 1,160 "," 1,129 "
용산구,848. 삼각지12번 출구,202211, 564 , 597 
용산구,849. 삼각지 자이아파트,202211," 1,414 "," 1,507 "
용산구,850. KCC용산월츠타워 ,202211, 607 , 595 
용산구,851.효창 푸르지오 앞,202211, 406 , 172 
용산구,852.청암자이APT(103동),202211," 1,026 ", 800 
용산구,853.용산역 맞은편,202211," 3,733 "," 3,961 "
용산구,854.HID 유족동지회 앞,202211, 150 , 103 
용산구,855.이촌역5번출구 앞,202211, 129 , 124 
용산구,857. 현대 안성타워,202211, 514 , 120 
용산구,858.녹사평역3번 출구,202211, 256 , 191 
용산구,859.남산공원 야외식물원 앞,202211, 71 , 26 
용산구,860.LG한강 자이아파트 앞,202211," 1,285 "," 1,286 "
용산구,863.이촌역2번 출구,202211, 484 , 444 
용산구,864.순천향대학병원(한남오거리),202211, 830 , 867 
용산구,865.하얏트호텔 앞,202211, 127 , 32 
용산구,866.브라운스톤 남산아파트,202211, 541 , 471 
용산구,867.서빙고역 광장(1번출구),202211, 297 , 314 
용산구,869.노들섬 동측 앞,202211, 298 , 297 
용산구,870.노들섬 서측 앞,202211," 1,816 "," 1,871 "
은평구,4652. 신사두산위브2차아파트 앞,202211," 1,436 "," 1,298 "
은평구,4653. 불광역 9번 출구 맞은편,202211, 936 , 949 
은평구,4657. 본 서부병원 교차로 사거리,202211," 1,802 "," 1,805 "
은평구,4658. 녹번역1번출구앞,202211, 600 , 482 
은평구,4659. 신진과학기술고등학교 버스정류장(응암시장 방면),202211," 1,268 "," 1,371 "
은평구,"4663. 불광역3,6호선 버스정류장(동명여고 방면)",202211, 789 , 798 
은평구,4665. 응암역3번 출구(서부경찰서 방면),202211, 463 , 508 
은평구,4667. 폭포동입구 교차로,202211, 422 , 298 
은평구,4668. 기자촌사거리,202211, 182 , 93 
은평구,4671. 청구성심병원 앞,202211, 931 , 971 
은평구,4672. 준빌딩 앞,202211, 276 , 276 
은평구,4674. 녹번역e편한세상 캐슬 정문 앞,202211," 1,324 "," 1,267 "
은평구,4676. 갈현1동 주민센터,202211, 665 , 648 
은평구,4677. 백련산 SK뷰 아이파크 해모로 아파트 앞,202211," 1,290 "," 1,366 "
은평구,4678. 백련산로 녹번센트레빌 ,202211, 578 , 510 
은평구,4681.박석고개(은평소방서) 앞,202211, 237 , 188 
은평구,4683. 은평 성모병원 사거리,202211, 512 , 505 
은평구,4684. 응암2동주민센터 버스정류장(영락중학교 방면),202211, 571 , 149 
은평구,4685. DMC역 5번 출구(수색역 방향),202211," 1,531 "," 1,481 "
은평구,4686. 우물골 근린공원,202211, 562 , 519 
은평구,4687. 역촌센트레빌아파트 101동 앞,202211, 381 , 139 
은평구,4689. 은평서해그랑블아파트앞,202211, 96 , 75 
은평구,900. 은평예술회관,202211," 1,488 "," 1,442 "
은평구,902. 진관동 은빛초등학교,202211, 560 , 555 
은평구,903. 은평뉴타운 아이파크,202211," 1,023 "," 1,050 "
은평구,904. 은평뉴타운 푸르지오,202211, 851 , 868 
은평구,905. 구파발역 2번출구,202211," 2,216 "," 2,675 "
은평구,906. 연신내역 5번출구,202211," 3,031 "," 3,401 "
은평구,907. CJ 드림시티,202211," 4,294 "," 4,996 "
은평구,908. 구산역 4번출구,202211," 1,520 "," 1,535 "
은평구,909. 백련산 힐스테이트 3차,202211, 761 , 227 
은평구,911. 은평평화공원(역촌역4번출구),202211," 2,109 "," 2,095 "
은평구,912. 응암오거리,202211," 2,411 "," 2,880 "
은평구,913. 이마트 버스정류장(서부경찰서 방면),202211," 2,916 "," 2,974 "
은평구,914. 새절역 2번출구,202211," 2,787 "," 3,101 "
은평구,915. 증산역 4번출구,202211," 1,926 "," 2,158 "
은평구,916. 평생학습관 앞,202211," 1,390 "," 1,477 "
은평구,917. 녹번역 3번출구,202211," 1,709 "," 1,700 "
은평구,919. 서울혁신파크,202211, 896 , 900 
은평구,921. 신도고등학교,202211, 196 , 120 
은평구,922. 연신내역 4번출구,202211, 664 , 661 
은평구,923. 국민은행 연서지점,202211, 861 , 867 
은평구,924. 메뚜기다리,202211, 166 , 68 
은평구,925. 불광역 2번출구,202211, 775 , 816 
은평구,927. 연신내역 3번출구 인근,202211, 652 , 666 
은평구,928. 은평역사한옥박물관,202211, 303 , 225 
은평구,930. 구 서부경찰서 건너편,202211," 1,053 "," 1,120 "
은평구,931. 역촌파출소,202211," 3,894 "," 4,391 "
은평구,932. 예일여중,202211," 1,323 "," 1,368 "
은평구,933. 역촌종합시장 버스정류장(예일여고 방면),202211," 2,489 "," 2,806 "
은평구,934. 신사동 성당,202211, 264 , 154 
은평구,937. 상림마을 롯데캐슬2단지 옆,202211, 120 , 128 
은평구,938. 금암 문화공원,202211, 212 , 261 
은평구,939. 은평구청 교차로,202211," 1,137 "," 1,121 "
은평구,941. 은평뉴타운 도서관,202211, 512 , 262 
은평구,942. 상림마을 생태공원,202211, 422 , 379 
은평구,945. 기자촌 사거리,202211, 240 , 92 
은평구,946. 독바위역 ,202211, 766 , 688 
은평구,947. 연신내 선일하이츠빌 정류소,202211, 457 , 415 
은평구,948. 디지털미디어 시티역 4번출구(DMC역),202211, 779 , 784 
은평구,949. 연신내역 1번 출구 ,202211," 1,205 "," 1,435 "
은평구,950. 구산역 2번 출구 예일여고 버스정류장,202211," 1,585 "," 1,717 "
은평구,952. 서울연신중학교,202211, 270 , 269 
은평구,953. 서울연신초등학교,202211, 607 , 546 
은평구,954. 은평뉴타운구파발9단지,202211, 745 , 836 
은평구,956. 응암시장교차로,202211," 2,415 "," 2,971 "
은평구,958. 본 서부병원 버스정류장(은평 세무서 방면),202211," 1,350 "," 1,433 "
은평구,959. 구파발10단지 인근,202211, 296 , 304 
은평구,960. 구파발역 환승센터,202211, 744 , 942 
은평구,961. 불광역 9번 출구,202211," 1,578 "," 1,619 "
은평구,962. 은평뉴타운 힐데스하임,202211," 1,367 "," 1,451 "
은평구,963. 대호프라자아파트,202211, 945 , 937 
은평구,964. 북한산힐스테이트 7차아파트,202211, 485 , 339 
은평구,965. 서울특별시 은평병원,202211, 678 , 227 
은평구,966. 서울혁신파크1,202211, 335 , 300 
은평구,967. 서울혁신파크2,202211, 461 , 462 
은평구,968. 은평뉴타운 상림마을 13단지,202211, 189 , 130 
은평구,969. 은평 지웰테라스,202211, 160 , 122 
은평구,971. 역촌 센트레빌 아파트,202211, 477 , 87 
은평구,972. 수색역,202211," 1,851 "," 1,822 "
은평구,973.제각말푸르지오 5-1단지 아파트,202211, 305 , 145 
은평구,974.연신초등학교옆 마을마당,202211, 249 , 146 
은평구,975.백련산 힐스테이트상가앞,202211, 574 , 170 
은평구,976.진관고등학교앞,202211, 762 , 834 
은평구,977.신도중학교앞,202211, 298 , 53 
은평구,978.녹번 힐스테이트상가앞,202211, 347 , 218 
은평구,979.원풍빌라앞,202211, 675 , 595 
은평구,982. 녹번초등학교(서오릉로),202211," 1,020 "," 1,062 "
은평구,984.상신초등학교앞 버스정류장,202211," 1,326 "," 1,308 "
은평구,985. 은평세무서 버스정류장(은평구청 방면),202211," 1,631 "," 1,666 "
은평구,989. 신응교(가좌로) 앞,202211," 1,601 "," 1,891 "
은평구,991.흥국사 정류장,202211, 99 , 127 
은평구,992.북한산입구 정류장,202211, 179 , 145 
은평구,993.은평뉴타운 은뜨락아파트앞,202211, 486 , 238 
은평구,994.북한산생태공원입구(교통섬),202211, 322 , 299 
은평구,995.은평다목적체육관,202211, 496 , 358 
은평구,996.응암역2번출구 국민은행 앞,202211," 3,652 "," 4,766 "
종로구,301. 경복궁역 7번출구 앞,202211," 1,659 "," 1,152 "
종로구,302. 경복궁역 4번출구 뒤,202211," 2,782 "," 2,710 "
종로구,303. 광화문역 1번출구 앞,202211," 3,411 "," 3,286 "
종로구,305. 종로구청 옆,202211," 2,184 "," 2,204 "
종로구,307. 서울역사박물관 앞,202211," 1,301 "," 1,342 "
종로구,308. 광화문 S타워 앞,202211," 2,521 "," 2,456 "
종로구,309. 광화문역 6번출구 옆 B,202211, 898 , 755 
종로구,314. 국립현대미술관,202211," 1,360 "," 1,378 "
종로구,316. 종각역 1번출구 앞,202211," 2,745 "," 2,735 "
종로구,326. 안국역 5번출구 앞,202211," 2,162 "," 1,662 "
종로구,327. 낙원상가 옆,202211," 1,807 "," 1,799 "
종로구,328. 탑골공원 앞,202211, 850 , 822 
종로구,329. 청계2가 사거리 옆,202211," 2,147 "," 1,781 "
종로구,334. 종로3가역 2번출구 뒤,202211," 1,714 "," 1,644 "
종로구,335. 종로3가역 15번출구 앞,202211," 1,347 "," 1,360 "
종로구,337. 창경궁 입구,202211, 994 ," 1,003 "
종로구,338. 세운스퀘어 앞,202211," 1,200 "," 1,194 "
종로구,339. 종로4가 사거리,202211," 1,546 "," 1,533 "
종로구,340. 혜화동 로터리,202211," 1,672 "," 1,657 "
종로구,3401.창신두산아파트,202211, 241 , 237 
종로구,3402.이화공영주차장,202211, 527 , 525 
종로구,3403.서울특별시 교육청,202211, 228 , 134 
종로구,3404.서울특별시 중부교육지원청,202211, 149 , 153 
종로구,3405.파크팰리스,202211," 1,365 "," 1,226 "
종로구,3406.세종로공원,202211, 112 , 127 
종로구,3407.안국동사거리(신),202211," 1,914 "," 1,834 "
종로구,3408.종로타워빌딩,202211," 1,756 "," 1,749 "
종로구,341. 혜화역 3번출구 뒤,202211," 1,563 "," 1,546 "
종로구,3410.종로3가역 8번출구,202211," 3,243 "," 3,225 "
종로구,3411.종묘,202211," 1,082 "," 1,074 "
종로구,3412.세운상가,202211, 882 , 897 
종로구,3413.종로플레이스,202211," 2,711 "," 2,898 "
종로구,3414.종로5가역 4번출구,202211," 1,530 "," 1,555 "
종로구,3415.동대문역6번출구,202211," 1,894 "," 2,087 "
종로구,3416.동묘앞역 6번출구,202211," 2,366 "," 2,449 "
종로구,3417.창신3동주민센터,202211," 1,415 "," 1,390 "
종로구,3418.창신역2번 출구,202211, 166 , 145 
종로구,3419.국립어린이과학관,202211, 683 , 677 
종로구,342. 대학로 마로니에공원,202211," 2,997 "," 2,971 "
종로구,3420. 성균관대입구사거리,202211," 1,491 "," 1,478 "
종로구,3421.혜화역 1번출구,202211," 2,849 "," 2,866 "
종로구,3422.성균관대 정문,202211," 2,749 "," 2,515 "
종로구,3423.현대그룹(본사),202211," 1,064 "," 1,012 "
종로구,3425.광화문 풍림스페이스본 1단지앞,202211, 802 , 618 
종로구,3426.독립문역 2번출구 뒤,202211, 316 , 275 
종로구,3427.인왕산 아이파크 정문,202211, 253 , 233 
종로구,3428.서울미술관,202211, 209 , 147 
종로구,3429.HW컨벤션센터 앞,202211, 217 , 96 
종로구,343. 예일빌딩(율곡로) 앞,202211, 922 , 925 
종로구,3430.구기치안센터 앞,202211, 206 , 55 
종로구,3431.로제우스 레포츠센터,202211, 167 , 94 
종로구,3432.종로2가 사거리,202211," 1,382 "," 1,243 "
종로구,344. 성균관대 E하우스 앞,202211," 1,682 "," 1,720 "
종로구,345. 서울보증보험본사 앞,202211," 1,641 "," 1,622 "
종로구,348. 독립문역 사거리,202211," 1,442 "," 1,014 "
종로구,349. 사직동주민센터,202211, 885 , 872 
종로구,351. 청운초교 앞 삼거리,202211, 879 , 826 
종로구,352. 중앙고입구 삼거리,202211, 371 , 197 
종로구,353. 재동초교 앞 삼거리,202211," 1,215 "," 1,268 "
종로구,354. 포르투갈 대사관 앞,202211," 1,289 ", 930 
종로구,355. 서울사대부속초교 앞,202211," 1,529 "," 1,512 "
종로구,356. KT혜화지사 앞,202211," 1,400 "," 1,430 "
종로구,358. 성대입구 사거리,202211," 1,301 "," 1,277 "
종로구,359. 원남동사거리,202211," 1,692 "," 1,757 "
종로구,361. 동묘앞역 1번출구 뒤,202211," 3,794 "," 3,831 "
종로구,362. 청계8가 사거리,202211," 2,471 "," 2,478 "
종로구,363. 신설동역 11번출구 뒤,202211," 2,194 "," 2,224 "
종로구,364. 창신역 1번출구 앞,202211, 511 , 485 
종로구,367. 독립문역 3-1번출구 ,202211," 1,793 "," 1,160 "
종로구,368. SK 서린빌딩 앞,202211," 2,312 "," 2,426 "
종로구,369. 광화문 시민열린마당,202211," 1,460 "," 1,286 "
종로구,385. 종각역 5번출구,202211," 1,857 "," 1,855 "
종로구,388. 동성중학교 앞,202211, 533 , 517 
종로구,393. 동대문역 8번 출구,202211," 3,001 "," 3,016 "
종로구,394. 경희궁 자이 3단지,202211," 1,311 "," 1,552 "
종로구,395. 경희궁 자이 2단지,202211," 1,391 "," 1,381 "
종로구,397. 종묘공영주차장 건너편,202211, 483 , 496 
종로구,446. 상명대입구,202211, 801 , 659 
종로구,447. 신영동삼거리,202211, 99 , 75 
종로구,449. 일성아파트,202211, 400 , 122 
종로구,450. 효자동 삼거리,202211," 1,188 ", 792 
종로구,451. 청와대앞길,202211, 410 , 245 
종로구,452. 동대문 종합시장 버스정류장,202211, 821 , 809 
종로구,453. 종로오가 지하쇼핑센터 14번출구,202211," 1,550 "," 1,539 "
종로구,454. 종로2가 버스정류장 (종각방향),202211," 1,458 "," 1,472 "
종로구,455. 종로6가역 버스정류장(동대문 방향),202211," 1,355 "," 1,351 "
종로구,456. 숭인2동 주민센터 입구,202211," 1,748 "," 1,764 "
종로구,457. 종로꽃시장 입구 옆,202211," 1,133 "," 1,130 "
종로구,458. 광화문역 5번출구,202211," 3,245 "," 3,058 "
종로구,461. 서울지방경찰청,202211," 1,359 "," 1,291 "
종로구,462. 신영동삼거리(북악터널방향),202211, 97 , 72 
종로구,464. 삼청동 골목,202211," 1,035 "," 1,026 "
종로구,465. 삼청공원 앞,202211, 283 , 160 
종로구,4703. 쌍용아파트2단지 정문,202211, 418 , 47 
종로구,4705. 웰니스센터(민방위교육장 앞),202211," 1,810 "," 1,863 "
종로구,4707. 청계3가 사거리,202211," 1,056 "," 1,037 "
종로구,4708. 조계사앞사거리,202211," 1,704 "," 1,711 "
종로구,4709. 천지인 오피스텔 앞,202211, 119 , 75 
종로구,4710. 자교교회 앞,202211," 1,579 "," 1,654 "
종로구,4711. 올림픽기념 국민생활관 로터리,202211," 1,656 "," 1,646 "
종로구,4713. 현대 뜨레비앙 아파트 앞,202211," 1,346 "," 1,364 "
종로구,4715. 돈의문 박물관 마을,202211, 818 , 539 
종로구,4718. 광화문역 6번출구 옆 A,202211," 1,110 "," 1,051 "
종로구,4719. 종로문화원 건너편,202211, 952 , 956 
종로구,486. 평창동주민센터 앞,202211, 245 , 185 
중구,300. 정동사거리,202211," 1,242 "," 1,222 "
중구,3013.서울지방고용노동청 앞,202211," 1,592 "," 1,589 "
중구,310. 청계광장 옆,202211," 1,837 "," 1,661 "
중구,318. 광교사거리 남측,202211," 1,160 "," 1,185 "
중구,320. 을지로입구역 4번출구 앞,202211," 1,736 "," 1,746 "
중구,321. KEB 하나금융그룹 명동사옥 옆,202211," 1,200 "," 1,167 "
중구,322. 명동성당 앞,202211, 645 , 621 
중구,324. 신세계백화점 본점 앞,202211," 1,332 "," 1,438 "
중구,331. 을지로2가 사거리 북측,202211, 928 , 918 
중구,332. 을지로2가 사거리 남측,202211, 925 , 931 
중구,336. 충무로역 6번출구 앞,202211," 1,029 "," 1,000 "
중구,346. 맥스타일 앞,202211," 1,297 "," 1,308 "
중구,347. 동대문역사문화공원역 9번출구 앞,202211, 711 , 590 
중구,370. 시청역(2호선) 9번출구 뒤,202211," 3,181 "," 3,107 "
중구,371. 동대입구역 6번출구 뒤,202211, 859 , 852 
중구,372. 약수역 3번출구 뒤,202211, 761 , 766 
중구,374. 청구역 2번출구 앞,202211," 1,948 "," 2,061 "
중구,379. 서울역9번출구,202211," 1,281 "," 1,279 "
중구,380. CJ제일제당 앞,202211," 1,690 "," 1,755 "
중구,381. 장충체육관,202211, 230 , 153 
중구,382. 약수역 10번출구 앞,202211, 619 , 614 
중구,383. 신당역 12번 출구 뒤,202211," 3,968 "," 4,080 "
중구,384. 종로학원본원 ,202211, 260 , 242 
중구,387. 훈련원공원주차장 앞,202211," 1,472 "," 1,388 "
중구,389. 을지로4가역 1번출구,202211," 1,242 "," 1,255 "
중구,390. 충무로역 1번출구,202211," 1,164 "," 1,167 "
중구,391. 시립미술관,202211," 1,105 "," 1,067 "
중구,398. 을지로3가역 3번출구,202211," 1,750 "," 1,762 "
중구,399. 서울역 센트럴 자이아파트,202211," 1,166 ", 760 
중구,428. 명보사거리,202211, 544 , 520 
중구,429. 송도병원,202211, 197 , 119 
중구,430. 장충동먹자골목 앞,202211, 961 ," 1,055 "
중구,431. 청계천 영도교,202211," 3,716 "," 3,758 "
중구,433. 을지로입구역 2번출구,202211," 1,793 "," 1,773 "
중구,434. 신당 래미안 버스정류장,202211, 593 , 61 
중구,435. SK 남산빌딩,202211, 513 , 402 
중구,441.염천교사거리,202211, 916 , 907 
중구,442.서울역 서부,202211, 474 , 483 
중구,443.호암아트홀,202211, 237 , 222 
중구,445.대한상공회의소,202211," 1,854 "," 1,856 "
중구,466.롯데호텔,202211, 595 , 477 
중구,467.한국은행,202211, - , 1 
중구,468.웨스틴 조선호텔,202211, 793 , 799 
중구,469.회현역 1번출구,202211, 557 , 459 
중구,470.회현역 7번출구,202211, 533 , 458 
중구,471.회현사거리 남측,202211, 882 , 888 
중구,472.삼일교(시그니쳐 타워),202211," 1,273 "," 1,270 "
중구,473.을지로4가역 9번출구,202211," 2,324 "," 2,306 "
중구,474.동대문역사문화공원역 1번출구 뒤편,202211," 2,182 "," 1,819 "
중구,475.DDP 패션몰,202211," 1,449 "," 1,300 "
중구,4752. 삼성사이버빌리지아파트,202211, 435 , 261 
중구,4753. 시청역 10번출구,202211, 602 , 567 
중구,476.광희문,202211," 1,109 "," 1,073 "
중구,4760. 서울역 7번출구,202211, 205 , 201 
중구,4761. 중부경찰서앞사거리 건너편,202211, 450 , 418 
중구,4762. 국제빌딩,202211, 520 , 464 
중구,4765. 동대문디자인플라자,202211," 2,034 "," 2,052 "
중구,4766. 서소문성지역사박물관,202211, 368 , 277 
중구,4768. 서울도시건축전시관,202211," 3,340 "," 3,139 "
중구,477.앰배서더 호텔 주변,202211, 729 , 191 
중구,4772. 중앙일보,202211, 245 , 227 
중구,4774. 을지로입구역 8번출구,202211, 800 , 807 
중구,4775. 을지로지하쇼핑센터,202211, 739 , 751 
중구,4776. 신세계면세점,202211, 471 , 451 
중구,4777. 약수동 주민센터,202211, 178 , 175 
중구,4778. 대신파이낸스센터,202211," 1,190 "," 1,173 "
중구,4781. 브라운스위트레지던스,202211, 565 , 553 
중구,4782. 서소문역사공원,202211, 263 , 252 
중구,4784. 중부경찰서앞 사거리,202211, 507 , 514 
중구,4785. 롯데시티호텔,202211, 592 , 581 
중구,479.동대입구역 3번 출구,202211, 369 , 376 
중구,4791. 명동역9번 출구,202211," 1,253 "," 1,185 "
중구,4792. 퇴계로4가 교차로(중구청),202211," 1,882 "," 1,885 "
중구,4793. 동대문역사문화공원역 5번출구,202211," 1,126 "," 1,081 "
중구,4794. 서울역 서부교차로(3),202211," 1,486 "," 1,613 "
중구,4796. 부산은행,202211," 2,162 "," 2,145 "
중구,4797. KG타워 앞,202211," 1,193 "," 1,201 "
중구,4798. 황학동롯데캐슬,202211," 2,542 "," 2,626 "
중구,480.약수역 6번 출구,202211, 514 , 517 
중구,4800. 필동 삼거리,202211, 921 , 942 
중구,4801. 충정로역 2호선(엘리베이터 앞),202211, 352 , 185 
중구,481.신당역 10번 출구,202211," 2,061 "," 2,135 "
중구,483.남산타운아파트 버스정류장,202211, 308 , 144 
중구,484.도동삼거리,202211, 143 , 110 
중구,485.서울역5번출구,202211," 1,311 "," 1,345 "
중구,6053. 중부세무서 앞,202211, 218 , 219 
중구,826. 서울역 서부교차로2,202211," 1,350 "," 1,471 "
중랑구,1401. 극동늘푸른아파트,202211," 1,614 "," 1,855 "
중랑구,1402. 금란주차장 앞,202211," 1,331 "," 1,291 "
중랑구,1403. 중화빌딩 앞 (동부시장),202211," 1,150 "," 1,234 "
중랑구,1404. 동일로 지하차도,202211," 1,837 "," 1,869 "
중랑구,1405. 망우역 1번출구,202211," 1,080 "," 1,140 "
중랑구,1406. 망우청소년수련관,202211, 193 , 163 
중랑구,1407. 먹골역 1번출구 뒤,202211," 1,342 "," 1,521 "
중랑구,1408. 먹골역 6번출구 앞,202211," 1,156 "," 1,364 "
중랑구,1410. 면목 대원칸타빌아파트,202211, 290 , 101 
중랑구,1411. 상봉시장앞 교차로 한성빌딩 앞,202211," 1,624 "," 1,557 "
중랑구,1413. 봉화산역 5번출구 뒤,202211," 1,464 "," 1,545 "
중랑구,1414. 사가정역 2번출구,202211," 3,183 "," 3,305 "
중랑구,1416. 상봉역 3번출구,202211," 1,808 "," 2,044 "
중랑구,1418. 새솔초등학교,202211, 616 , 83 
중랑구,1420. 신내어울공원 앞,202211, 909 , 908 
중랑구,1421. 신내역 4번출구,202211, 511 , 407 
중랑구,1422. 신내우디안아파트 1단지,202211, 274 , 97 
중랑구,1424. 양원역 2번출구,202211, 131 , 124 
중랑구,1425. 용마문화복지센터,202211," 1,085 ", 745 
중랑구,1426. 면목도시개발아파트 1동 앞,202211, 444 , 177 
중랑구,1427. 용마산역 1번출구,202211, 176 , 158 
중랑구,1428. 원묵고등학교,202211," 1,354 ", 836 
중랑구,1429. 장안중학교,202211," 1,197 "," 1,269 "
중랑구,1430. 중랑구청,202211," 1,208 ", 618 
중랑구,1431. 중랑구청 사거리,202211," 1,555 "," 1,337 "
중랑구,1433. 중화역 2번출구,202211," 1,779 "," 1,989 "
중랑구,1435. 능산삼거리,202211, 349 , 339 
중랑구,1436. 동원베네스트 건물 앞,202211, 556 , 395 
중랑구,1437. 늘푸른공원 앞,202211," 1,253 "," 1,504 "
중랑구,1438. 홈플러스 신내점 앞,202211," 2,530 "," 2,778 "
중랑구,1440. 면목2동 사거리,202211," 1,762 "," 2,013 "
중랑구,1441. 신내능말공원,202211, 464 , 308 
중랑구,1442. 중랑구 중소기업 창업센터,202211," 2,288 "," 2,480 "
중랑구,1444. 면목4치안센터,202211," 1,283 "," 1,485 "
중랑구,1445. 용마지구대,202211, 251 , 302 
중랑구,1446. 중랑전화국 교차로,202211," 2,267 "," 2,561 "
중랑구,1447. 면목역 3번출구,202211," 2,836 "," 2,978 "
중랑구,1448. 코스트코 상봉점,202211," 2,264 "," 2,232 "
중랑구,1449. 상봉역 1번출구,202211," 2,881 "," 2,984 "
중랑구,1450. 화랑대역 7번출구,202211," 1,654 "," 1,942 "
중랑구,1451. 중랑세무서,202211," 2,736 "," 2,838 "
중랑구,1452. 겸재교 진입부,202211," 2,145 "," 2,484 "
중랑구,1453. 중랑캠핑숲,202211, 213 , 179 
중랑구,1454. 한국전력공사(동대문 중랑지사),202211, 917 , 926 
중랑구,1455. 상봉역 2번 출구,202211," 2,280 "," 2,456 "
중랑구,1456. 상아빌딩(우림시장 교차로),202211," 1,633 "," 1,795 "
중랑구,1457. 동원사거리,202211, 746 , 711 
중랑구,1458. 상봉터미널2,202211," 2,615 "," 2,692 "
중랑구,1459. 용마한신아파트사거리,202211, 328 , 291 
중랑구,1461.동양엔파트 앞,202211," 1,356 "," 1,371 "
중랑구,1462.동부시장 북문 앞,202211," 2,102 "," 2,290 "
중랑구,1463.중랑구민회관,202211, 267 , 260 
중랑구,1464.중화역 4번출구,202211," 1,086 "," 1,228 "
중랑구,1465.중랑공영차고지 옆,202211," 1,168 "," 1,502 "
중랑구,1466.두산대림아파트 삼거리,202211, 475 , 502 
중랑구,1467.sk신내 주유소앞(용마산로),202211, 249 , 246 
중랑구,1468.먹골역 7번 출구,202211, 911 , 973 
중랑구,1469.먹골역 4번출구,202211, 988 ," 1,097 "
중랑구,1470.중화동 우리은행 앞,202211," 1,249 "," 1,312 "
중랑구,1471.동양쇼핑 정류소 앞,202211," 1,722 "," 1,926 "
중랑구,1472.영성빌딩(PAT),202211," 1,063 "," 1,255 "
중랑구,1473.중랑역 1번 출구(중화문화복지센터),202211," 1,225 "," 1,366 "
중랑구,1474.서울중랑우체국,202211, 981 , 936 
중랑구,1477.면목삼익아파트 앞,202211, 380 , 369 
중랑구,1478.홈플러스 상봉점 앞,202211," 1,616 "," 1,628 "
중랑구,1479.면목 홈플러스 2 ,202211, 415 , 414 
중랑구,1480. 용마지구대 옆,202211, 714 , 732 
중랑구,4802. 새우개마을,202211, 245 , 231 
중랑구,4804. 동서울농협 앞,202211," 1,769 "," 1,772 "
중랑구,4807. 라코지스테이 앞,202211, 646 , 652 
중랑구,4808. 신내2동 주민센터 앞,202211, 773 , 775 
중랑구,"4809. 동성1,2차 아파트 앞",202211," 1,270 "," 1,020 "
중랑구,4811. 한양수자인아파트 앞,202211, 525 , 279 
중랑구,4812. 묵동 이마트 앞,202211," 1,578 "," 1,655 "
중랑구,4813. 망우지구대,202211," 2,107 "," 2,145 "
중랑구,4815. 중랑데시앙플렉스 앞,202211, 422 , 414 
중랑구,4819. 면목동 새싹어린이공원 앞,202211," 1,533 "," 1,587 "
중랑구,4820. 망우역 2번 출구,202211," 1,700 "," 1,729 "
중랑구,4821. 동원초등학교 정문 앞,202211, 695 , 796 
중랑구,4823. 방정환교육지원센터 옆,202211," 1,027 "," 1,034 "
중랑구,4824. 상봉신협 앞,202211," 1,362 "," 1,315 "
중랑구,4825. 신내동 벽산아파트 후문 앞,202211," 1,089 "," 1,029 "
중랑구,4826. 홈플러스 면목점,202211, 925 , 930 
중랑구,4827. 신내SK V1센터 앞,202211, 581 , 339 
중랑구,4828. 신내동 한살림 중랑지구 앞,202211," 1,103 "," 1,178 "
중랑구,4829. 신내동 한살림 중랑지구 북축,202211, 546 , 543 
중랑구,4830. 신내 우디안 111동 앞,202211, 118 , 57 
중랑구,4834. 용마복지센터 앞,202211, 192 , 173 
중랑구,4835. 망우동 본죽 앞,202211, 967 , 961 
중랑구,4836. 양원역 1번 출구,202211, 683 , 632 
중랑구,4837. 양원지구 힐데스하임 앞,202211, 886 , 862 
중랑구,4838.동원사거리 행복오피스텔 앞,202211, 737 , 531 
중랑구,4840. 서울시 북부병원 앞,202211, 396 , 422 
중랑구,4841. 중화수경공원,202211, 588 , 611 
강남구,2301. 현대고등학교 건너편,202212, 429 , 482 
강남구,2302. 교보타워 버스정류장(신논현역 3번출구 후면),202212, 493 , 470 
강남구,2303. 논현역 10번출구,202212, 626 , 529 
강남구,2304. 대현그린타워,202212, 44 , 43 
강남구,2305. MCM 본사 직영점 앞,202212, 180 , 174 
강남구,2306. 압구정역 2번 출구 옆,202212, 920 , 923 
강남구,2307. 압구정 한양 3차 아파트,202212, 188 , 190 
강남구,2308. 압구정파출소 앞,202212, 631 , 614 
강남구,2309. 청담역(우리들병원 앞),202212, 148 , 72 
강남구,2310. 청담동 맥도날드 옆(위치),202212, 211 , 209 
강남구,2311. 학동로 래미안 아파트 앞,202212, 57 , 57 
강남구,2312. 청담역 13번 출구 앞,202212, 250 , 192 
강남구,2313. 금원빌딩 앞,202212, 390 , 394 
강남구,2314. 청담나들목입구,202212, 126 , 124 
강남구,2315. 봉은사역 5번출구 옆,202212, 309 , 272 
강남구,2317. 삼성도로공원,202212, 251 , 236 
강남구,2318. 삼성중앙역4번출구(문화센터더 리빌),202212, 136 , 69 
강남구,2319. 포스코사거리 서측(수협 삼성동 지점),202212, 308 , 318 
강남구,2320. 도곡역 대치지구대 방향,202212, 292 , 384 
강남구,2321. 학여울역 사거리,202212, 228 , 206 
강남구,2323. 주식회사 오뚜기 정문 앞,202212, 247 , 291 
강남구,2324. 천주교 대치 2동 교회 옆,202212, 579 , 623 
강남구,2325. 대치삼성아파트 앞 교차로,202212, 396 , 382 
강남구,2326. 대치동 삼성로,202212, 317 , 204 
강남구,2327. 뱅뱅사거리 랜드마크타워 앞,202212, 602 , 633 
강남구,2328. 르네상스 호텔 사거리 역삼지하보도 7번출구 앞,202212, 274 , 272 
강남구,2329. 르네상스호텔사거리 역삼지하보도 2번출구,202212, 201 , 199 
강남구,2330. 역삼월드메르디앙아파트 앞,202212, 400 , 390 
강남구,2331. 동영문화센터앞,202212, 286 , 285 
강남구,2332. 선릉역3번출구,202212, 760 , 763 
강남구,2333. 양재역 3번출구 주변,202212, 557 , 329 
강남구,2334. 삼호아파트 2동 ( 간선도로),202212, 135 , 134 
강남구,2335. 3호선 매봉역 3번출구앞,202212, 974 ," 1,114 "
강남구,2336. 강남세브란스교차로  래미안그레이튼 104동 앞,202212, 230 , 232 
강남구,2337. 대모산입구역 2번출구 앞,202212, 224 , 155 
강남구,2339. 현대아파트 정문 앞,202212, 293 , 268 
강남구,2340. 삼호물산버스정류장(23370) 옆,202212, 922 ," 1,099 "
강남구,2341. 일원역 4~5번 출구 사이,202212, 291 , 191 
강남구,2342. 대청역 1번출구  뒤,202212, 741 , 769 
강남구,2343. 세곡사거리 대왕파출소 앞,202212, 41 , 51 
강남구,2344. 리엔파크 2단지 앞,202212, 144 , 146 
강남구,2347. 두산건설 본사,202212, 67 , 37 
강남구,2348. 포스코사거리(기업은행),202212, 748 , 808 
강남구,2349. 역삼빌딩 앞(하나은행 옆),202212, 202 , 124 
강남구,2350. 래미안그레이튼102동앞,202212, 124 , 122 
강남구,2351. 청소년수련관(수영장)앞,202212, 186 , 146 
강남구,2352. 서울본부세관(건설회관 앞),202212, 45 , 45 
강남구,2353. 강남구청역 2번출구 뒤,202212, 160 , 143 
강남구,2354. 청담역 2번출구,202212, 63 , 58 
강남구,2356. 강남구청,202212, 162 , 117 
강남구,2357. 르네상스호텔사거리 역삼지하보도 3번출구 앞 (더 오번 빌딩 명동칼국수 앞),202212, 173 , 172 
강남구,2358. 구룡초사거리 (현대아파트10동 앞 ),202212, 253 , 249 
강남구,"2359. 국립국악중,고교 정문 맞은편",202212, 452 , 465 
강남구,2360. 도곡1동 주민센터 교차로,202212, 272 , 275 
강남구,2362. 신사동 가로수길 입구,202212, 427 , 407 
강남구,2363. 강남 을지병원 교차로,202212, 121 , 123 
강남구,2364. 도산공원교차로,202212, 322 , 318 
강남구,2365. K+ 타워 앞,202212, 328 , 323 
강남구,2368. 도곡동 경남아파트 건너편,202212, 189 , 125 
강남구,2369. KT선릉타워,202212, 562 , 535 
강남구,2370. 한티역 3번출구,202212, 189 , 172 
강남구,2371. 한국우편사업진흥원,202212, 48 , 49 
강남구,2372. 대치역 사거리,202212, 313 , 392 
강남구,2373. 개포동역 사거리,202212, 285 , 229 
강남구,2375. 수서역 1번출구 앞,202212, 547 , 690 
강남구,2377. 수서역 5번출구,202212," 1,487 "," 1,526 "
강남구,2380. 삼성동베이직하우스앞,202212, 197 , 179 
강남구,2381. 언주역 6번출구앞,202212, 155 , 155 
강남구,2382. 역삼동 sk뷰 501동앞,202212, 200 , 209 
강남구,2383. 보금자리정원,202212, 123 , 150 
강남구,2384. 자곡사거리,202212, 636 , 647 
강남구,2385. 학동역,202212, 294 , 294 
강남구,2386. 크린랩 본사,202212, 37 , 37 
강남구,2387. 래미안강남힐즈 사거리,202212, 334 , 381 
강남구,2388. 강남구 도시관리공단,202212, 208 , 88 
강남구,2389. 경기여자고등학교 후문 (삼성로3길 입구),202212, 273 , 242 
강남구,2390. 구룡마을 입구 (래미안블레스티지 아파트),202212, 161 , 128 
강남구,2391. 구룡터널 입구(개포1단지아파트),202212, - , 1 
강남구,2392. 구룡산 입구 (구룡산 서울둘레길 입구),202212, 126 , 54 
강남구,2393. 구룡사 앞 교차로 (보도육교),202212, 37 , 30 
강남구,2394. 개포래미안포레스트아파트 107동 앞,202212, 329 , 245 
강남구,2395. 개포1단지아파트 입구 (보도육교),202212, 130 , 115 
강남구,2396. 영동3교 북단(우성캐릭터 앞 보도),202212, 187 , 173 
강남구,2398. 더라움,202212, 78 , 79 
강남구,2401. 밀알학교 입구 (삼성서울병원 입구),202212, 121 , 79 
강남구,2403. 공무원연금매점 교차로 (개포주공9단지 입구),202212, 211 , 192 
강남구,2404. 대모산입구역 4번 출구 앞,202212, 540 , 553 
강남구,2405. 청담공원앞 교차로,202212, 360 , 185 
강남구,2406. 논현동 광명빌딩 앞,202212, 197 , 166 
강남구,2408. 강남한양수자인아파트,202212, 492 , 461 
강남구,2409. 역삼동 디오슈페리움 (우성아파트 사거리),202212, 417 , 414 
강남구,2410. 포스코피앤에스타워 (역삼역 3번출구 부근),202212, 514 , 428 
강남구,2411. 세곡동 성당,202212, 506 , 490 
강남구,2412. 일원1동 주민센터,202212, 553 , 572 
강남구,2413.도곡역 1번 출구,202212, 405 , 482 
강남구,2414. 도곡역 아카데미스위트 앞,202212, 812 , 815 
강남구,2415.한티역 롯데백화점 앞,202212, 511 , 505 
강남구,2416.한티역 6번 출구,202212, 321 , 248 
강남구,2417.선정릉 디캠프(D.CAMP)앞,202212, 85 , 85 
강남구,2418.봉은사역 7번 출구 ,202212, 333 , 331 
강남구,"2419.봉은사역 1,2번 출구 ",202212, 254 , 245 
강남구,2420.학여울역 사거리(LG베스트샵 앞),202212, 391 , 363 
강남구,2421. 신논현역 4번출구,202212, 336 , 270 
강남구,2422.수서동 성당 맞은편,202212, 214 , 230 
강남구,2423.영희초교 사거리(래미안개포루체하임),202212, 490 , 491 
강남구,2425.세곡동 사거리(대왕초등학교 정류장),202212, 81 , 86 
강남구,2426.강남한신휴플러스 6단지,202212, 287 , 284 
강남구,2427.개포고등학교 정문앞,202212, 211 , 227 
강남구,2428.롯데리아 개포점앞,202212, 235 , 225 
강남구,2429.압구정로데오역 6번출구,202212, 338 , 335 
강남구,2430.강남파이낸스센터앞(역삼역2번출구),202212, 245 , 247 
강남구,2431.대치역 7번출구,202212, 638 , 693 
강남구,3602. 한국지역난방공사강남지사,202212, 260 , 302 
강남구,3604. 삼성중앙역 5번출구,202212, 338 , 267 
강남구,3606. 신사동주민센터 옆,202212, 334 , 369 
강남구,3609. 언주초등학교 입구,202212, 306 , 302 
강남구,3610. 윗반마을 입구,202212, 49 , 49 
강남구,3611. 방죽마을 입구,202212, 126 , 150 
강남구,3612. 은곡마을,202212, 210 , 219 
강남구,3614. 은마아파트 입구 사거리,202212, 613 , 633 
강남구,3615. 서울 논현동우체국 앞,202212, 94 , 93 
강남구,3616. 역삼중학교 앞(체육관 방향),202212, 114 , 110 
강남구,3618. 서울율현초교 삼거리,202212, 393 , 435 
강남구,3620. 청담역 11번 출구,202212, 45 , 28 
강남구,3621. 휘문고교 사거리,202212, 178 , 145 
강남구,3622. 은마아파트입구 사거리(1),202212, 96 , 91 
강남구,3623. 일원에코파크 앞(개포로 방면),202212, 221 , 247 
강남구,3624. 대모산입구역 7번 출구 앞,202212, 84 , 71 
강남구,3627. 압구정나들목,202212, 375 , 375 
강남구,3628. 역삼1동 주민센터,202212, 674 , 691 
강남구,3629. 청담사거리(신한오피스텔빌딩 앞),202212, 176 , 227 
강남구,3630. 개포우성6차아파트 정문 앞,202212, 153 , 137 
강남구,3634. 국악고교 앞 교차로,202212, 205 , 205 
강남구,3636. 삼성중앙역·플래티넘아파트 정류소,202212, 291 , 277 
강남구,3637. 세곡데이케어센터,202212, 91 , 75 
강남구,3638. 신청담나들목,202212, 126 , 131 
강남구,3640. 일원1동주민센터앞 사거리,202212, 301 , 297 
강남구,3641. 대청역,202212, 361 , 391 
강남구,3642. LH강남힐스테이트아파트,202212, 269 , 107 
강남구,3643. 더시그넘하우스 앞,202212, 266 , 270 
강남구,3644. 상록수아파트,202212, 315 , 136 
강남구,3646. 선정릉역 4번 출구,202212, 108 , 107 
강남구,3647. 구룡역 1번 출구,202212, 219 , 145 
강남구,3648. 구룡역 4번 출구,202212, 65 , 56 
강남구,3649. 구룡역 5번 출구,202212, 156 , 161 
강남구,3651. 개포동역 4번출구,202212, 359 , 351 
강남구,4901.KT&G타워 옆(상상마당 대치아트홀),202212, 279 , 170 
강남구,4902. 구역삼세무서 교차로,202212, 484 , 483 
강남구,4903. 신사스퀘어,202212, 158 , 153 
강남구,4905. 강남경찰서,202212, 595 , 576 
강남구,4906. 섬유센터 앞,202212, 717 , 758 
강남구,4907. 극동스포츠 앞,202212, 220 , 195 
강남구,4908. SB타워 앞,202212, 134 , 147 
강남구,4909. 노보텔 앰배서더 앞,202212, 109 , 57 
강남구,4911. 도곡동 골프 로데오거리,202212, 208 , 223 
강남구,4913. 레베쌍트 빌딩 앞,202212, 160 , 194 
강남구,4914. 도심공항타워 앞,202212, 295 , 345 
강남구,4915. 영동중앙교회 버스정류장,202212, 100 , 104 
강남구,4916. 청담역 1번출구,202212, 122 , 98 
강남구,4917. 일원에코파크 주차장,202212, 99 , 96 
강남구,4918. 매봉역 1번출구,202212, 85 , 86 
강남구,4919. 학여울역사거리(은마아파트),202212, 117 , 117 
강동구,1001. 광진교 남단 사거리(천호공원 방면),202212, 796 , 804 
강동구,1002. 해공공원(천호동),202212," 1,133 "," 1,140 "
강동구,1003. 해공도서관앞,202212, 541 , 531 
강동구,1004. 삼성광나루아파트 버스정류장,202212, 710 , 894 
강동구,1006. 롯데캐슬 115동앞,202212, 107 , 103 
강동구,1007.암사동 선사유적지,202212, 57 , 63 
강동구,1008. 암사역 3번출구(국민은행앞),202212," 1,747 "," 2,052 "
강동구,1009. 천호역4번출구(현대백화점),202212," 2,585 "," 2,601 "
강동구,1010. 강동세무서,202212," 1,513 "," 1,501 "
강동구,1011. LIGA 아파트 앞,202212," 1,759 "," 1,760 "
강동구,1012. 서울 상운차량,202212, 687 , 656 
강동구,1013. 강동구청역 1번 출입구,202212," 1,364 "," 1,356 "
강동구,1015. 샛마을 근린공원,202212, 372 , 379 
강동구,1016. 해뜨는 주유소옆 리엔파크 109동앞,202212, 365 , 371 
강동구,1017. 둔촌고교입구 교차로(길동주민센터 방면),202212," 1,034 "," 1,014 "
강동구,1018. 둔촌 주공 GS 맞은편,202212, 444 , 440 
강동구,1019. 다성이즈빌아파트(호원대 대각선 맞은편),202212," 2,489 "," 2,582 "
강동구,1020. 강동경찰서,202212," 2,599 "," 2,757 "
강동구,1021. 강일동 리슈빌 빌딩앞,202212, 741 , 904 
강동구,1022. 길동 사거리(초소앞),202212, 977 , 970 
강동구,1023. 한국종합기술사옥 앞,202212," 1,108 "," 1,114 "
강동구,1024.  강동구청 앞,202212," 1,829 "," 1,912 "
강동구,1025. 상일초등학교,202212, 408 , 415 
강동구,1026. 대명초교 입구 교차로,202212, 320 , 298 
강동구,1027. 프라자 아파트 앞,202212, 651 , 660 
강동구,1028. 포레스 주상복합 빌딩,202212, 869 , 869 
강동구,1029. 성내어울터,202212," 1,294 "," 1,293 "
강동구,1030. 미호 플랜트 앞,202212, 733 , 735 
강동구,1031. 올림픽로 836(아리수로),202212, 302 , 310 
강동구,1032. 선사고등학교,202212, 313 , 308 
강동구,1033. 고덕동 아남아파트,202212, 509 , 432 
강동구,1034. 고덕동 래미안 힐스테이트,202212, 105 , 99 
강동구,1035. 고덕역 4번출구,202212, 818 , 565 
강동구,1036. 고덕동 주양쇼핑,202212, 495 , 494 
강동구,1037. 강일리버파크 6단지,202212, 133 , 128 
강동구,1038. 강일 다솜 어린이 공원,202212, 137 , 125 
강동구,1039. 고덕초등학교,202212, 138 , 126 
강동구,1041. 묘곡초등학교,202212, 300 , 289 
강동구,1042. 강일리버파크 2~5단지,202212, 356 , 348 
강동구,1044. 굽은다리역,202212," 2,021 "," 2,052 "
강동구,1047. 강동 한신휴플러스,202212," 1,351 "," 1,394 "
강동구,1048. 둔촌어린이공원,202212," 1,330 "," 1,330 "
강동구,1049. 강일리버파크 10단지,202212, 367 , 365 
강동구,1050.  둔촌역 3번 출입구,202212," 2,522 "," 2,560 "
강동구,"1051. 강일중,선사고 버스정류장(신암중학교 방면)",202212, 712 , 692 
강동구,1052. 리싸이클시티,202212, 33 , 31 
강동구,1053. 동명근린공원 진입로 (아리수로),202212, 175 , 181 
강동구,1054. 말우물 어린이 공원,202212, 138 , 161 
강동구,1056. 강일리버파크 7~11단지,202212, 222 , 301 
강동구,1057. 능골근린공원,202212, 353 , 334 
강동구,1058. 고덕숲 아이파크 1,202212, 122 , 98 
강동구,1059. 래미안 강동팰리스(102동),202212, 752 , 515 
강동구,1060. 천일초교 사거리,202212, 245 , 244 
강동구,1061. 천호초교 입구 사거리(일주빌딩),202212, 358 , 330 
강동구,1062. 고덕숲 아이파크 2,202212, 82 , 85 
강동구,1063.강동롯데캐슬퍼스트 아파트(관리동),202212, 321 , 321 
강동구,1064.중앙보훈병원역 1번출구,202212, 190 , 117 
강동구,1065.보훈병원 후문옆(더 원커피),202212, 232 , 171 
강동구,1066.생태공원앞 교차로(조명탑),202212, 47 , 33 
강동구,1067.한영중고앞사거리,202212, 197 , 178 
강동구,1068.명일파출소,202212, 430 , 328 
강동구,1069.강동경희대학교병원 입구,202212, 239 , 173 
강동구,1070.(시립)고덕평생학습관,202212, 260 , 260 
강동구,1071.명일근린공원공동체텃밭,202212, 109 , 108 
강동구,1072.고덕역 5번출구,202212, 518 , 516 
강동구,1073. SSTS 몰 앞,202212, 485 , 478 
강동구,1074.대명초교입구 사거리,202212, 651 , 638 
강동구,1075.천동초교 삼거리,202212, 803 , 797 
강동구,1076. 천동초교입구사거리 버스정류장(십자성마을 방면),202212, 985 , 984 
강동구,1077.강동역 1번출구 앞,202212, 987 , 962 
강동구,1078.둔촌사거리,202212," 1,511 "," 1,515 "
강동구,1079.강일동입구교차로,202212, 146 , 133 
강동구,1080.엘웨딩,202212, 601 , 572 
강동구,1081.트레빌빌딩,202212, 714 , 592 
강동구,1082.중앙보훈병원역3번출구,202212, 115 , 67 
강동구,1083.광문고교사거리(아이파크),202212, 318 , 309 
강동구,1084. 윤선생빌딩(JYP사옥),202212," 1,828 "," 2,142 "
강동구,1085.래미안 솔베뉴(고덕로),202212, 470 , 355 
강동구,1086.래미안 솔베뉴(구천면로),202212, 369 , 374 
강동구,1088.풍납사거리(강동),202212, 865 , 851 
강동구,1089.고덕 래미안힐스테이트(201동),202212, 74 , 74 
강동구,1090.상일동역 2번출구 앞,202212," 1,078 "," 1,041 "
강동구,3539. 서원마을,202212, 112 , 106 
강동구,3652. 한영외국어고등학교,202212, 122 , 82 
강동구,3653. 강동리버스트4단지아파트 404동 앞,202212, 226 , 226 
강동구,3654. 강동리버스트4단지아파트 405동 앞,202212, 181 , 191 
강동구,3655. 둔촌신성미소지움아파트,202212, 343 , 245 
강동구,3656. 둔촌푸르지오아파트,202212, 808 , 806 
강동구,3657. 서울천호동우체국,202212, 978 , 970 
강동구,3658. 프라이어팰리스아파트,202212, 328 , 321 
강동구,3659. 명일초등학교 옆,202212, 109 , 95 
강동구,3661. 명일동신동아아파트 앞,202212, 204 , 204 
강동구,3663. 암사정수센터교차로(강동롯데캐슬퍼스트아파트),202212, 163 , 121 
강동구,3664. 맥도날드 서울둔촌DT점 앞,202212," 1,277 "," 1,261 "
강동구,3665. 고덕센트럴 아이파크상가 앞,202212, 267 , 266 
강동구,3668. 성내삼성아파트,202212," 2,003 "," 2,045 "
강동구,3671. 둔촌동역교차로,202212," 1,269 "," 1,283 "
강동구,3672. 고덕중학교 후문,202212, 142 , 139 
강동구,3673. 강동리버스트6단지,202212, 267 , 272 
강동구,3674. 강동리버스트7단지,202212, 221 , 269 
강동구,3675. 강동리버스트8단지,202212, 304 , 347 
강동구,3676. 강동리엔파크9단지,202212, 272 , 262 
강동구,3677. 강동구음식물재활용센터,202212, 16 , 12 
강동구,3680. 강동역3번출구,202212," 2,004 "," 2,001 "
강동구,3681. 길동 마루빌딩,202212," 2,005 "," 2,045 "
강동구,3682. 길동 동호빌딩,202212, 264 , 274 
강동구,3683. KT&G강동지사,202212, 646 , 705 
강동구,3684. 고덕자이(105동 앞),202212, 556 , 566 
강동구,3685. 강동리엔파크14단지(1401동 앞),202212, 515 , 587 
강동구,3686. 고덕 래미안 힐스테이트(101동),202212, 268 , 262 
강동구,3688. 상일동산(동아아파트앞 교차로),202212, 164 , 157 
강동구,3689. 강일역 3번출구,202212, 470 , 469 
강동구,3690. 강일역 4번출구,202212, 191 , 131 
강동구,3691. 둔촌역 2번출구,202212, 450 , 436 
강동구,3692. 둔촌오륜역 1번 출구,202212, 388 , 319 
강동구,3694. 강동리엔파크 13단지(1303동 앞),202212, 430 , 462 
강동구,3698. 명일역 3번출구 옆,202212, 734 , 736 
강동구,3699. 상일파출소 옆,202212, 607 , 574 
강동구,3700. 강변그대가리버뷰 입구 맞은편,202212, 415 , 440 
강동구,3701. 방아삼거리,202212, 98 , 102 
강동구,4951. 강동농협 버스정류소 앞(광채빌라),202212, 498 , 490 
강북구,"1501. 미아역 3번,4번 출구 사이",202212, 685 , 730 
강북구,1503. 강북구청사거리(수유역 8번출구),202212," 1,220 "," 1,318 "
강북구,1504. 삼양시장오거리,202212, 141 , 143 
강북구,1506. 강북문화예술회관,202212, 469 , 434 
강북구,1509. 서울북부수도사업소,202212, 355 , 368 
강북구,1510. 번동주공5단지 관리사무소 앞,202212, 183 , 179 
강북구,1511. 번동 금호어울림아파트102동앞,202212, 205 , 203 
강북구,1512. 강북중학교 앞,202212, 767 , 814 
강북구,1513. 강북구청 뒷편,202212, 160 , 158 
강북구,1514. 강북구청 사거리 버스정류소 앞,202212, 488 , 494 
강북구,1515. 송천동 주민센터,202212, 277 , 263 
강북구,1516. 우이초등학교 후문 옆,202212, 288 , 282 
강북구,1518. 수유2동은행빌딩 앞,202212, 378 , 373 
강북구,1519. 장미원시장 건너편,202212, 370 , 350 
강북구,1520. 수유중앙시장,202212, 550 , 627 
강북구,1525. 미아동 복합청사,202212, 190 , 172 
강북구,1526. 강북종합시장 앞,202212, 381 , 388 
강북구,1527. 미아역 1번 출구 뒤,202212, 392 , 422 
강북구,1528. 삼각산동 주민센터,202212, 351 , 97 
강북구,1529. 미아동 한국전력공사,202212, 683 , 738 
강북구,1530. 광산사거리,202212, 817 , 852 
강북구,1531. 미아사거리 1번 출구,202212," 1,266 "," 1,352 "
강북구,1532. 번3동 주민센터 교차로,202212, 419 , 450 
강북구,"1533. 번동 주공3, 4단지 교차로",202212, 474 , 497 
강북구,1535. 효성인텔리안 앞,202212, 719 , 791 
강북구,1536. 번동 두산위브 101동 옆,202212, 404 , 379 
강북구,1537. 북한산 우이역,202212, 178 , 190 
강북구,1538. 솔밭공원역,202212, 178 , 170 
강북구,1539. 4.19민주묘지역,202212, 294 , 305 
강북구,1540. 가오리역,202212, 500 , 468 
강북구,1541. 삼양역,202212, 115 , 80 
강북구,1542. 삼양사거리역,202212, 211 , 203 
강북구,1543. 수유1동 주민센터,202212, 226 , 221 
강북구,1546. 송천동우체국,202212, 196 , 243 
강북구,1547. 꿈의숲 롯데캐슬,202212, 181 , 80 
강북구,1548. 북서울 꿈의숲 서문,202212, 165 , 40 
강북구,1550.삼각산아이원아파트(105동 옆),202212, 25 , 11 
강북구,1551.4.19탑 앞,202212, 198 , 176 
강북구,1552. 강북구청사거리,202212, 769 , 770 
강북구,1553.서울북부고용노동지청,202212, 308 , 303 
강북구,1554.번동사거리,202212, 348 , 344 
강북구,1557.신창교,202212, 393 , 409 
강북구,1558.강북문화정보도서관,202212, 171 , 159 
강북구,1560. 도봉세무서 앞,202212, 433 , 457 
강북구,1564.4.19민주묘지역 1번출구,202212, 341 , 333 
강북구,1565.수유사거리,202212, 586 , 579 
강북구,1568.4.19민주묘지 입구사거리,202212, 396 , 407 
강북구,1569.수유역2번출구,202212," 1,621 "," 1,644 "
강북구,1571.북서울 꿈의 숲 입구,202212, 160 , 148 
강북구,1572. 우이동 먹거리마을,202212, 66 , 47 
강북구,1573.현대성우아파트 옆,202212, 234 , 195 
강북구,1574.송중초등학교 옆,202212, 281 , 326 
강북구,3703. 삼양입구사거리,202212, 130 , 126 
강북구,3707. 드래곤타워 앞,202212, 506 , 498 
강북구,3711. 월계2교 교차로,202212, 225 , 266 
강북구,3714. 송천센트레빌,202212, 123 , 82 
강북구,3718. 번동3단지 버스정류장,202212, 485 , 576 
강북구,3720. 우이천 창번교,202212, 256 , 271 
강북구,3724. 삼양동주민센터 앞,202212, 54 , 35 
강북구,3725. 강북 청소년 문화정보도서관 앞,202212, 9 , 7 
강서구,1101. 개화동상사마을종점 버스정류장,202212, 200 , 198 
강서구,1102. 방화사거리 마을버스 버스정류장,202212," 1,301 "," 1,312 "
강서구,1103. 방화역 4번출구앞,202212," 1,340 "," 1,329 "
강서구,1105. 방화근린공원,202212, 137 , 123 
강서구,1106. 신방화사거리,202212," 2,021 "," 2,049 "
강서구,1108. 공항시장역 2번출구 뒤,202212, 757 , 762 
강서구,1109. 공항시장역 4번출구,202212, 550 , 540 
강서구,1110. 공항중학교앞,202212, 790 , 789 
강서구,1111. 마곡엠밸리6_7단지 마곡중학교,202212," 1,192 "," 1,187 "
강서구,1112. 마곡엠밸리4단지 정문,202212," 2,505 "," 2,514 "
강서구,1113. 서남환경공원 버스정류장,202212," 1,389 "," 1,332 "
강서구,1117. 등촌5단지아파트 버스정류장,202212," 2,349 "," 2,384 "
강서구,1118. 증미역 3번출구뒤(등촌두산위브센티움오피스텔),202212," 1,407 "," 1,456 "
강서구,1119. 염창동 한마음아파트 앞,202212, 827 , 769 
강서구,1120. 대림경동아파트앞,202212," 1,089 "," 1,083 "
강서구,1121. 가양레포츠센터 앞,202212, 675 , 692 
강서구,1122. 황금내근린공원,202212, 583 , 617 
강서구,1124. 발산역 6번 출구 뒤,202212," 3,622 "," 3,662 "
강서구,1125. 명덕고교입구(영종빌딩),202212," 2,512 "," 2,712 "
강서구,1126. 우장산역 1번출구옆(우장산아이파크105동앞),202212," 1,227 ", 704 
강서구,1127. 화곡역 버스정류장,202212," 1,093 "," 1,106 "
강서구,1128. 화곡역 6번출구,202212," 1,022 "," 1,023 "
강서구,1129. 화곡역 1번 출구 앞,202212," 1,256 "," 1,260 "
강서구,1130. 화곡본동시장 버스정류장,202212, 351 , 288 
강서구,1132. 등촌역 7번출구,202212," 1,109 "," 1,121 "
강서구,1135. 강서구의회,202212," 1,156 ", 982 
강서구,1136. 등촌2파출소,202212, 583 , 306 
강서구,1137. 등촌2동주민센터,202212, 239 , 132 
강서구,1139. 용문사 버스정류장,202212, 562 , 580 
강서구,1140. 목동사거리 버스정류장,202212," 1,229 "," 1,241 "
강서구,1141. 곰달래 문화복지센터 1-1,202212, 832 , 993 
강서구,1145. 곰달래 문화복지센터 1-2,202212, 414 , 503 
강서구,1148. 볏골공원,202212, 687 , 637 
강서구,1149. 신방화역환승주차장,202212," 2,312 "," 2,301 "
강서구,1150. 송정역 1번출구,202212," 1,456 "," 1,484 "
강서구,1151. 마곡역1번출구,202212," 1,982 "," 1,991 "
강서구,1152. 마곡역교차로,202212," 2,974 "," 2,990 "
강서구,"1153. 발산역 1번, 9번 인근 대여소",202212," 4,870 "," 4,921 "
강서구,1155. 기쁜우리복지관,202212," 1,106 "," 1,110 "
강서구,1157. 강서구청,202212," 1,879 "," 1,951 "
강서구,1158. 가양역 8번출구,202212," 2,652 "," 2,722 "
강서구,1159. 서서울모터리움 앞,202212, 413 , 403 
강서구,1160. 양천향교역 7번출구앞,202212," 2,853 "," 2,823 "
강서구,1161. 강서면허시험장 앞,202212, 317 , 256 
강서구,1162. 공항초등학교건너편,202212," 1,760 "," 1,763 "
강서구,1163. 방화동강서기동대앞,202212," 1,920 "," 1,956 "
강서구,1165. 마곡중학교 후문,202212, 752 , 591 
강서구,1166. 강서구립등빛도서관,202212," 2,679 "," 2,660 "
강서구,1167. 마곡수명산파크3단지 교차로,202212," 2,499 "," 2,429 "
강서구,1168. 마곡엠밸리10단지 앞,202212," 1,863 "," 1,713 "
강서구,1169. 염창역 1번 출구,202212," 1,358 "," 1,377 "
강서구,1170. 강서구보건소,202212, 585 , 327 
강서구,1171. 염창동 새마을금고 건너편,202212, 591 , 632 
강서구,1172. 가양3동 주민센터,202212," 1,038 "," 1,171 "
강서구,1173. 강서구청사거리(SH타워),202212," 1,750 "," 1,615 "
강서구,1174. 강서구청사거리(부민병원),202212, 771 , 768 
강서구,1175. 대한항공 인력개발센터,202212, 951 , 652 
강서구,1177. 수명중․고교,202212," 1,214 "," 1,211 "
강서구,1178. 개화산역 2번 출구,202212, 478 , 472 
강서구,1180. 마곡엠밸리 15단지(1502동) 건너편,202212," 1,728 "," 1,804 "
강서구,1181. 농수산식품공사 (강서지사),202212, 212 , 247 
강서구,1182. KBS 스포츠월드,202212," 1,803 "," 1,823 "
강서구,1183. KC 대학교,202212, 276 , 228 
강서구,1184. 마곡13단지,202212," 2,286 "," 2,273 "
강서구,1185. 등촌9단지,202212, 812 , 827 
강서구,1186. 송정중학교,202212, 831 , 873 
강서구,1187. 강서수산물도매시장,202212, 744 , 829 
강서구,1188. 롯데중앙연구소,202212, 209 , 233 
강서구,1190. 마곡역 교차로(2번출구),202212," 1,126 "," 1,098 "
강서구,"1191. 마곡역 버스정류장(마곡나루역1번출구, 웰튼병원 방면)",202212," 1,936 "," 1,850 "
강서구,1192. 마곡수명산파크 209동 건너편,202212," 1,565 "," 1,380 "
강서구,1193. 마곡센트럴타워 1차,202212," 2,086 "," 2,340 "
강서구,1194. 센서텍㈜,202212," 1,327 "," 1,439 "
강서구,1195. 코오롱One&Only타워,202212," 1,729 "," 1,877 "
강서구,1196. 서울식물원(문화센터) 건너편,202212, 161 , 104 
강서구,1197. 엠펠리체 호텔 건너편,202212," 1,502 "," 1,518 "
강서구,1198. LG 사이언스파크,202212, 693 , 517 
강서구,1199. 우장산역 3번출구,202212," 1,013 ", 714 
강서구,1200. 개화광역환승센터,202212, 91 , 116 
강서구,2701. 마곡나루역 5번출구 뒤편,202212," 6,543 "," 6,569 "
강서구,2702. 마곡 엠밸리2단지,202212, 986 , 969 
강서구,2703.서울도시가스 앞 ,202212, 565 , 449 
강서구,2704.홈플러스(강서점),202212," 1,706 "," 1,718 "
강서구,2706.강서공업고등학교 앞,202212, 524 , 519 
강서구,2707.한강아파트,202212, 794 , 761 
강서구,2708.강서한강자이타워 앞,202212," 1,965 "," 2,061 "
강서구,2709.강변아파트 310동 앞,202212, 395 , 390 
강서구,2710.라이품 공영주차장 앞,202212, 645 , 493 
강서구,2711.가로공원공영주차장 1번 출구,202212, 838 , 898 
강서구,2712.화곡터널입구교차로,202212, 328 , 157 
강서구,2713.우장초등학교 앞,202212," 1,128 "," 1,084 "
강서구,2715.마곡나루역 2번 출구 ,202212," 8,320 "," 8,345 "
강서구,2716.롯데 R&D 센터,202212, 349 , 410 
강서구,2717.LG유플러스 마곡사옥,202212," 2,267 "," 2,639 "
강서구,2718.마곡수명산파크1단지,202212," 1,321 "," 1,270 "
강서구,2719.마곡문화공원,202212," 2,212 "," 3,028 "
강서구,2720.힐스테이트에코,202212," 2,132 "," 2,193 "
강서구,2721.등촌1-10단지 교차로,202212," 2,918 "," 2,900 "
강서구,2723.마곡 필네이처,202212," 1,847 "," 1,955 "
강서구,2724.(재)FITI시험연구원,202212, 963 , 826 
강서구,2725.서울식물원 식물문화센터,202212, 476 , 398 
강서구,2727.서울식물원 잔디마당 앞,202212," 1,714 "," 1,868 "
강서구,2728.마곡나루역 3번 출구,202212," 4,847 "," 4,770 "
강서구,2729.넥센 유니버시티 앞,202212," 1,058 "," 1,056 "
강서구,2730.마곡메가박스 앞,202212," 1,473 "," 1,577 "
강서구,2731.명덕고교,202212, 772 , 864 
강서구,2732.마곡수명산 1-2단지 ,202212," 1,223 "," 1,088 "
강서구,2735.마곡 공공청사,202212," 1,164 "," 1,109 "
강서구,2737.까치산역 3번 출구,202212, 969 ," 1,003 "
강서구,2739.수명산파크1단지교차로,202212," 2,275 "," 2,266 "
강서구,2740.마곡레포츠센터,202212," 1,150 "," 1,096 "
강서구,2741.마곡수명산파크5-6단지,202212," 1,162 ", 972 
강서구,2742.강서구민올림픽체육센터,202212," 1,352 "," 1,380 "
강서구,2743.동신아파트 104동 앞,202212, 452 , 452 
강서구,2744.강서세무서 앞,202212," 1,921 "," 1,868 "
강서구,2745.수명초등학교,202212, 934 , 877 
강서구,2746.수명산파크 4단지 411동 앞,202212," 1,066 ", 996 
강서구,3753. 공항중학교 버스정류장,202212, 392 , 318 
강서구,3754. 신방화역 8번출구,202212, 825 , 821 
강서구,3756. 마곡힐스테이트 정문,202212," 1,044 ", 987 
강서구,3757. 신방화역 6번출구,202212," 1,078 "," 1,053 "
강서구,3758. 서울남부출입국관리소,202212," 1,433 "," 1,180 "
강서구,3759. 이대서울병원,202212," 1,019 "," 1,016 "
강서구,3760. 발산역 8번 출구,202212," 1,320 "," 1,262 "
강서구,3761. 나이아가라관광호텔,202212, 252 , 256 
강서구,3762. 마곡9단지 907동앞,202212," 1,162 "," 1,092 "
강서구,3763. 등촌태영아파트,202212, 648 , 782 
강서구,3764. 관문주유소(GS칼택스) 앞,202212, 971 , 972 
강서구,3765. 문소빌딩,202212, 412 , 399 
강서구,3766. 강서문화센터,202212, 201 , 152 
강서구,3767. 대원빌딩,202212," 1,060 ", 990 
강서구,3769. 증미역 2번출구,202212," 1,116 "," 1,381 "
강서구,3770. 남부순환로 205,202212, 442 , 372 
강서구,3772. 길성그랑프리텔아파트,202212," 1,454 "," 1,447 "
강서구,3774. 마곡9단지 910동 상가앞,202212, 919 , 905 
강서구,3775. 가양오토갤러리,202212, 644 , 639 
강서구,3776. 김포공항교차로,202212, 236 , 265 
강서구,3778. 김포공항입구 교차로,202212, 718 , 696 
강서구,3780. 등촌서광아파트,202212," 1,812 "," 1,794 "
강서구,3781. 강서아동복지센터,202212, 52 , 74 
강서구,3782. 겸재정선미술관,202212, 688 , 654 
강서구,3783. 마곡금호어울림아파트,202212, 639 , 605 
강서구,3784. 벽산아파트,202212," 1,092 "," 1,025 "
강서구,3785. 마곡14단지 1408동앞,202212," 1,237 "," 1,167 "
강서구,3786. 강서힐스테이트 상가 앞,202212, 504 , 389 
강서구,3787. 가양나들목,202212, 120 , 115 
강서구,3792. 화곡본동시장 입구,202212, 410 , 382 
강서구,3793. 더리브골드타워,202212, 621 , 645 
강서구,3794. 안양천합수부(현대3차아파트),202212, 611 , 606 
강서구,3796. 송정역 3번출구 앞,202212, 816 , 759 
강서구,3797. 마곡수명산파크7단지 710동 앞,202212, 341 , 362 
강서구,3798. 그랜드아이파크아파트 앞,202212," 2,964 "," 2,932 "
강서구,3799. 국립항공박물관,202212, 343 , 409 
강서구,3801. 이랜드글로벌R&D센터,202212, 727 , 823 
강서구,5052. 마곡역 7번출구,202212," 3,468 "," 3,468 "
강서구,5053. 신마곡벽산블루밍메트로오피스텔앞,202212, 916 , 931 
강서구,5055. 마곡역5번출구앞,202212," 1,127 "," 1,115 "
강서구,"5056. 마곡역4,5번출구",202212, 688 , 732 
강서구,5057. 마곡역4번출구,202212, 984 , 935 
강서구,5059. 화곡2동주민센터,202212, 653 , 782 
강서구,5061. 우장산동 가곡어린이공원앞,202212," 1,467 "," 1,453 "
강서구,5062. 마곡동 767-6,202212," 1,414 "," 1,395 "
강서구,5063. 서남환경공원(방화동도시개발2단지방향),202212, 820 , 783 
강서구,5064. 양천향교역8번출구,202212," 1,163 "," 1,209 "
강서구,5065. 허준박물관삼거리,202212, 717 , 677 
강서구,5066. 아망떼마곡전시장,202212," 1,016 "," 1,229 "
강서구,5067. 주원 리젠트 앞,202212, 480 , 477 
강서구,5070. 마곡13단지힐스테이트마스터 후문(1320동 앞),202212," 2,868 "," 2,896 "
강서구,5072. 김포공항입구 교통섬,202212, 298 , 252 
강서구,5073. 우장산역 헤링턴타워 앞,202212, 744 , 650 
강서구,"5074. 마곡엠밸리14단지 버스정류장(마곡엠밸리11,12단지상가방면)",202212," 1,944 "," 1,934 "
강서구,5075. 등촌역 1번출구,202212, 675 , 659 
강서구,5076. 메이필드호텔앞,202212, 619 , 609 
강서구,5078. 왈도강서캠퍼스 앞,202212, 962 ," 1,023 "
강서구,5080. 가양역 1번출구,202212," 1,504 "," 1,615 "
강서구,5082. 가양역 7번출구,202212," 2,239 "," 2,443 "
강서구,5084. 강서우체국,202212, 684 , 612 
강서구,5086. 가양테크노타운,202212, 452 , 502 
강서구,5087. 연세강서빌딩,202212, 836 , 811 
강서구,5088. 등촌역 센터스퀘어,202212, 529 , 530 
강서구,5089. LG사이언스파크 E10동,202212, 987 ," 1,085 "
강서구,5090. 대상연구소,202212, 285 , 291 
강서구,5091. 보타닉파크타워2,202212, 985 ," 1,028 "
강서구,5094. 호돌이공원,202212, 92 , 111 
관악구,2102. 봉림교 교통섬,202212," 3,923 "," 4,003 "
관악구,2103. 신림동 우방아파트,202212, 888 , 867 
관악구,2104. 사당역 5번출구,202212, 725 , 732 
관악구,2105. 미성동 신림체육센터,202212, 882 , 886 
관악구,2106. 세이브마트,202212, 959 ," 1,151 "
관악구,2107. 도림천 신화교,202212, 976 , 989 
관악구,2108. 은천치안센터,202212, 847 , 896 
관악구,2109. 은천로입구 가로공원,202212," 1,627 "," 1,612 "
관악구,2110. 조원동 미성아파트,202212, 109 , 110 
관악구,2111. 서울대입구역 1번출구,202212, 594 , 590 
관악구,2112. 서울대입구역 마에스트로,202212, 537 , 541 
관악구,2115. 관악구시설관리공단,202212, 714 , 666 
관악구,2116. 에이스에이존빌딩,202212, 383 , 383 
관악구,2119. 중앙동 동진빌딩,202212, 506 , 497 
관악구,2122. 낙성대로 입구,202212, 255 , 254 
관악구,2127. 난곡종점,202212, 230 , 169 
관악구,2128. 관악구청교차로,202212, 333 , 326 
관악구,2129. 낙성대 과학전시관,202212, 161 , 127 
관악구,2130. 영어마을 관악캠프,202212, 88 , 48 
관악구,2137. KT&G 관악지점,202212, 283 , 284 
관악구,2139. 서울신성초등학교,202212, 325 , 294 
관악구,2140. 신림1교 교차로,202212, 829 , 836 
관악구,2141. 미림여고입구 교차로,202212, 69 , 62 
관악구,2143. 서울산업정보학교,202212, 124 , 126 
관악구,2144. 난우길입구,202212, 454 , 453 
관악구,2145. 은천초등학교 육교,202212, 341 , 342 
관악구,2148. 낙성대역 3번출구 뒤,202212, 404 , 402 
관악구,2156. 신림푸르지오아파트,202212, 529 , 530 
관악구,2159. 인헌초교,202212, 129 , 119 
관악구,2164. 관악우체국,202212," 1,302 "," 1,295 "
관악구,2165. JK장평타워,202212, 78 , 73 
관악구,2167. 낙성대역 1번출구,202212, 258 , 249 
관악구,2169. 봉천역 2번출구,202212, 644 , 653 
관악구,2170. 조원동 강남힐병원,202212, 686 , 679 
관악구,2171. 서울대입구역 5번출구,202212, 759 , 752 
관악구,2172. 나들목공원,202212, 195 , 193 
관악구,2173. 당곡사거리,202212," 1,651 "," 1,656 "
관악구,2174. 삼성디지털프라자관악점,202212, 412 , 413 
관악구,2175. 신림동걷고싶은문화의거리입구,202212, 848 , 855 
관악구,2176. 보라매공원 보도육교,202212, 828 , 819 
관악구,2177. 신대방역 2번 출구,202212," 3,719 "," 3,716 "
관악구,2178. 서울대학교 정문,202212, 169 , 148 
관악구,2179. 양녕로 입구,202212, 686 , 682 
관악구,2183. 동방1교,202212," 1,274 "," 1,213 "
관악구,2184. 구암초등학교 버스정류장,202212, 108 , 42 
관악구,2185. 대학동 고시촌,202212, 257 , 259 
관악구,2186. 낙성대입구삼거리,202212, 327 , 321 
관악구,2187. 현대시장사거리,202212, 605 , 499 
관악구,2189. 봉천역 4번출구,202212, 899 , 903 
관악구,2190.도원맨션,202212, 373 , 392 
관악구,2191.대학동주민센터 ,202212, 377 , 357 
관악구,2195.은천교회,202212, 605 , 614 
관악구,2196. 봉천역 3번출구,202212, 338 , 364 
관악구,2198.사랑의병원,202212, 453 , 459 
관악구,2199.신봉천주유소 A,202212, 79 , 64 
관악구,3306.서울신우초등학교,202212, 19 , 12 
관악구,3307.봉천고개 육교,202212, 261 , 10 
관악구,3310.영락고등학교,202212, 114 , 28 
관악구,3311.서울대입구역 4번 출구,202212, 531 , 537 
관악구,3802. 관악구민체육센터,202212, 358 , 354 
관악구,3803. 남서울중학교,202212, 484 , 482 
관악구,3804. 낙성대공원,202212, 49 , 25 
관악구,3806. 낙성대 교수아파트,202212, 128 , 55 
관악구,3807. 관악우체국 교차로,202212, 241 , 241 
관악구,3810. 신봉천주유소 B,202212, 112 , 102 
관악구,3811.신사로입구,202212," 1,061 "," 1,041 "
관악구,3812. KT관악지점,202212, 489 , 492 
관악구,3813. 낙성대역 5번출구,202212, 223 , 224 
관악구,3814. 난곡사거리 ,202212, 688 , 682 
관악구,3815. 광일빌딩,202212, 554 , 555 
관악구,3816. 관악 GSfresh,202212, 503 , 496 
관악구,3818. 은천교회 앞,202212, 826 , 808 
관악구,3819. 서울대벤처타운역,202212, 223 , 168 
관악구,3820. 은천삼거리,202212, 200 , 200 
광진구,3500. 군자역2번출구,202212," 1,259 "," 1,261 "
광진구,3501. 광진구청 앞,202212," 1,702 "," 1,684 "
광진구,3502. 중곡역 1번출구,202212, 703 , 585 
광진구,3503. 광진유진스웰,202212, 84 , 39 
광진구,3504. 원일교회,202212," 1,362 "," 1,349 "
광진구,3505. 신양초교앞 교차로,202212, 370 , 378 
광진구,3506. 영동대교 북단,202212," 1,182 "," 1,175 "
광진구,3507. 어린이회관,202212, 454 , 344 
광진구,3508. 화양사거리,202212, 358 , 357 
광진구,3509. 세종사이버대학교,202212," 1,757 "," 1,792 "
광진구,3510. 중곡SK아파트앞,202212, 312 , 298 
광진구,3516. 구의아리수정수센터앞,202212, 462 , 430 
광진구,3517. 용마사거리,202212," 1,018 "," 1,123 "
광진구,3518. 군자역 7번출구뒤,202212," 2,274 "," 2,261 "
광진구,3520. 광진경찰서,202212," 1,457 "," 1,453 "
광진구,3521. 현대홈타운 뒷길,202212, 176 , 177 
광진구,3523. 건국대학교 과학관(이과대) 앞,202212, 768 , 781 
광진구,3524. 세종대학교,202212, 142 , 143 
광진구,3528. 광진정보도서관,202212, 523 , 647 
광진구,3529. 어린이대공원정문,202212, 281 , 241 
광진구,3533. 건대입구역 사거리(롯데백화점),202212," 2,807 "," 3,052 "
광진구,3534. 건대입구역 5번출구 뒤,202212," 1,845 "," 1,872 "
광진구,3536. 중앙농협(자양동),202212," 1,353 "," 1,339 "
광진구,3537. 아차산 휴먼시아 아파트 옆,202212, 264 , 94 
광진구,3541. 커먼그라운드,202212," 2,005 "," 2,014 "
광진구,3542. 래미안 구의파크 스위트,202212," 1,462 "," 1,457 "
광진구,3543. 세종대학교(학술정보원),202212, 209 , 219 
광진구,3563.구의7단지현대아파트,202212, 80 , 81 
광진구,3564.나루마당,202212, 36 , 12 
광진구,3566.우성4차아파트,202212, 802 , 794 
광진구,3569.건대병원후문,202212," 2,310 "," 2,388 "
광진구,3570.구의역 리버비스타 오피스텔,202212," 1,690 "," 1,702 "
광진구,3571.화양 APT(횡단보도 옆),202212," 2,491 "," 2,483 "
광진구,3573.광나루안전체험관,202212, 705 , 704 
광진구,3575. 자양사거리(서원빌딩),202212," 2,044 "," 2,034 "
광진구,3578.중곡동 파크웨이빌딩,202212, 669 , 663 
광진구,3579.광진 캠퍼스시티,202212," 1,418 "," 1,420 "
광진구,3581.광진광장,202212," 1,016 ", 980 
광진구,3582.화양동 우체국,202212," 1,168 "," 1,086 "
광진구,3586.군자역 비채온 오피스텔,202212, 913 , 885 
광진구,3587.우성식품 앞,202212, 802 , 796 
광진구,3588.세종대학교(영실관),202212, 261 , 264 
광진구,3853. 어린이대공원역 2번출구,202212, 440 , 362 
광진구,3860. 건국대학교 정문 앞,202212, 734 , 722 
광진구,3863. 동일로58길 입구,202212, 329 , 302 
광진구,3864. 광진소방서 앞,202212, 669 , 632 
광진구,3865. 이튼타워리버 2차,202212, 969 , 968 
광진구,3868. 자양한강도서관,202212," 1,249 "," 1,211 "
광진구,3873. 동서울우편집중국 앞,202212, 574 , 574 
광진구,3878. 장로회신학대학교 주기철 기념관,202212, 8 , 7 
광진구,3879. 중랑천 뚝방길 산책로 입구,202212, 576 , 589 
광진구,3880. 홍련봉 공원,202212, 287 , 180 
광진구,3881. 신자초교입구 교차로,202212," 1,654 "," 1,691 "
광진구,3882. 자양2동 주민센터,202212, 912 , 905 
광진구,3886.광진구 민방위교육센터,202212, 826 , 822 
광진구,3891. 군자역4번출구,202212, 168 , 163 
광진구,500. 어린이대공원역 3번출구 앞,202212," 1,309 "," 1,255 "
광진구,501. 광진구의회 앞,202212," 1,041 ", 947 
광진구,502. 뚝섬유원지역 1번출구 앞,202212," 2,975 "," 3,062 "
광진구,505. 자양사거리 광진아크로텔 앞,202212," 1,267 "," 1,249 "
광진구,515. 광양중학교 앞,202212, 310 , 285 
광진구,516. 광진메디칼 앞,202212, 900 , 898 
광진구,539. 군자교교차로,202212, 690 , 697 
광진구,540. 군자역 7번출구 베스트샵 앞,202212, 966 , 972 
광진구,542. 강변역 4번출구 뒤,202212, 697 , 719 
광진구,543. 구의공원(테크노마트 앞),202212," 1,106 "," 1,104 "
광진구,544. 광남중학교,202212, 319 , 311 
광진구,546. 잠실대교북단 교차로,202212, 942 , 939 
광진구,548. 자양나들목,202212," 1,138 "," 1,105 "
광진구,549. 아차산역 3번출구,202212," 1,264 "," 1,272 "
광진구,551. 구의삼성쉐르빌 앞,202212," 1,512 "," 1,504 "
광진구,552. 대림아크로리버 앞,202212, 469 , 493 
광진구,553. 중곡 성원아파트 앞,202212, 452 , 438 
광진구,555. 구의3동주민센터,202212, 290 , 284 
광진구,571. 세종대학교 대양AI센터,202212, 656 , 669 
광진구,573. 구의문주차장 앞,202212, 996 ," 1,002 "
광진구,574. 아차산역4번출구,202212," 1,361 ", 604 
광진구,575. 대원중고교 입구(대하빌딩),202212, 165 , 166 
광진구,576. 광나루역 3번 출구,202212, 993 ," 1,032 "
광진구,577. 광진청소년수련관,202212, 770 , 776 
광진구,584. 광진광장 교통섬,202212," 1,561 "," 1,102 "
광진구,588. 뚝섬 유원지역,202212, 972 , 986 
광진구,590. 건국대학교 (입학정보관),202212," 1,057 "," 1,055 "
광진구,591. 건국대학교 (행정관),202212, 471 , 501 
광진구,592. 건국대학교 학생회관,202212," 1,748 "," 1,962 "
광진구,593.자양중앙나들목,202212, 802 , 793 
구로구,1901. 신도림동주민센터 앞,202212, 956 , 960 
구로구,1904. 도림천역 1번 출구 앞,202212," 1,390 "," 1,389 "
구로구,1906. 신도림역 1번 출구 앞,202212," 2,825 "," 2,831 "
구로구,1907. 구일우성(아) 육교 밑,202212, 826 , 825 
구로구,1908. 해원리바파크 육교 밑,202212, 976 ," 1,010 "
구로구,1910. 낙원교회 맞은편,202212, 222 , 207 
구로구,1911. 구로디지털단지역 앞,202212," 3,952 "," 3,979 "
구로구,1912. 한신휴아파트 앞,202212, 949 , 888 
구로구,1913. 구로리공원,202212, 647 , 632 
구로구,1914. 대림역4번출구,202212," 1,481 "," 1,451 "
구로구,1916. 구로중학교앞,202212, 387 , 379 
구로구,1920. 서울미래초등학교 사거리,202212, 876 , 735 
구로구,1924. 삼부르네상스파크빌,202212, 713 , 272 
구로구,1925. 동양미래대학교 정문 옆,202212," 1,694 "," 1,668 "
구로구,1928. 고척스카이돔구장 광장,202212, 397 , 354 
구로구,1929. 고척근린공원 고척도서관 앞,202212, 513 , 366 
구로구,1930. 개봉지구대 개봉치안센터,202212, 543 , 521 
구로구,1931. 개봉역2번출구 A,202212, 671 , 990 
구로구,1933. 개봉푸르지오아파트 상가,202212, 782 , 866 
구로구,1936. 개봉역 1번 출구 자전거보관서쪽,202212, 450 , 530 
구로구,1937. 한진아파트 입구,202212, 566 , 519 
구로구,1941. 오류동역 2번출구,202212, 516 , 716 
구로구,1943. 온수역 북측,202212, 162 , 149 
구로구,1946. 구로역 광장,202212," 1,588 "," 1,589 "
구로구,1951. 천왕이펜하우스 4단지 후문,202212, 131 , 82 
구로구,1952. 천왕연지타운2단지 앞,202212, 564 , 845 
구로구,1953. 천왕역 4번출구 뒤,202212, 752 , 487 
구로구,1955. 디지털입구 교차로,202212," 1,652 "," 1,613 "
구로구,1956. 동아1차APT105동 버스정류장(신도림중학교 방면),202212, 798 , 774 
구로구,1957. 구일고등학교 정문 ,202212, 939 , 984 
구로구,1958. 강서수도사업소민원센터,202212, 780 , 793 
구로구,1959. 구로구의회 앞,202212, 715 , 779 
구로구,1960. 구로거리공원 동측(신도림역 방면),202212, 674 , 628 
구로구,1961. 신도림테크노근린공원,202212," 2,658 "," 2,708 "
구로구,1962. 가리봉동주민센터,202212, 983 , 913 
구로구,1964. 원메디타운 앞,202212, 848 , 825 
구로구,1965. 삼환로즈빌아파트 105동 옆,202212, 668 , 644 
구로구,1966. 한마을아파트 정문상가,202212, 675 , 672 
구로구,1967. 참새공원(백곡경노당),202212, 170 , 138 
구로구,1968. 동인오피스텔 건너편 소공원,202212, 222 , 196 
구로구,1969. 궁동생태공원,202212, 89 , 82 
구로구,1971. 오정초교 앞 보도육교,202212, 150 , 90 
구로구,1973. 오리로와 서해안도로 교차로 앞,202212, 278 , 151 
구로구,1974. 신도림2차e편한세상아파트 203동 앞,202212, 772 , 673 
구로구,1975. 대림역 1번 출입구 밑,202212, 925 , 882 
구로구,1976. 남구로역 5번 출입구 앞,202212, 294 , 204 
구로구,1977. 천왕역 1번 출입구 앞,202212," 1,398 "," 1,109 "
구로구,1979. 구로1동우체국 앞,202212, 195 , 159 
구로구,1981. 천왕이펜하우스5단지 앞,202212, 458 , 539 
구로구,1983. 구로동롯데아파트,202212, 625 , 551 
구로구,1984. 구로구청,202212, 904 ," 1,045 "
구로구,1985. 구로도서관,202212," 1,917 "," 1,742 "
구로구,1986. 태평양물산빌딩,202212," 1,786 "," 2,053 "
구로구,1987. 개봉아이파크아파트 앞,202212, 500 , 515 
구로구,1988. 고척LIGA아파트 앞,202212," 1,041 "," 1,041 "
구로구,1991. 오류동역 맞은편,202212, 638 , 689 
구로구,1992. 구로구배드민턴실내체육관 앞,202212, 240 , 249 
구로구,1993. 금강수목원아파트 앞,202212, 290 , 290 
구로구,1994. 삼성전자 물류센터 앞,202212, 691 , 666 
구로구,1996. 구일역 1번 출입구 앞,202212, 870 , 828 
구로구,1998. 고척교 교차로,202212, 304 , 198 
구로구,1999. 수궁동 성당 주변,202212, 304 , 264 
구로구,2000. 신도림4차 e편한세상 아파트 1109동 앞,202212, 788 , 682 
구로구,2801. 대륭포스트타워1차,202212," 1,154 "," 1,244 "
구로구,2804.항동지구 6단지 602동 앞,202212, 69 , 64 
구로구,2805.구로자원순환센터 ,202212, 55 , 44 
구로구,2806.항동지구 4단지 입구,202212, 59 , 40 
구로구,2807.항동지구 1단지 105동 앞,202212, 80 , 90 
구로구,2808.항동지구 2단지 202동 앞,202212, 87 , 101 
구로구,2809.항동지구 11단지 1103동 앞,202212, 41 , 63 
구로구,2810.항동지구 3단지 311동 앞,202212, 28 , 42 
구로구,2812.항동프라자,202212, 231 , 217 
구로구,2813.항동지구 3단지 302동 앞,202212, 15 , 18 
구로구,2814.항동지구 10단지 1001동 앞,202212, 145 , 131 
구로구,2815.항동지구 7단지 정문,202212, 182 , 168 
구로구,2816.항동지구 8단지 803동옆(주차장입구),202212, 60 , 44 
구로구,2817.천왕이펜하우스5단지 앞,202212, 95 , 72 
구로구,2818.천왕이펜하우스3단지 앞,202212, 195 , 53 
구로구,2819.하늘숲초등학교 앞,202212, 449 , 694 
구로구,2820.신세기아파트 앞,202212, 509 , 508 
구로구,2821.청구아파트 앞,202212, 810 , 796 
구로구,2822.제니스스포츠 앞,202212, 322 , 339 
구로구,2823.중앙유통단지 앞,202212, 549 , 550 
구로구,2824.미래사랑어린이공원 앞,202212," 1,747 "," 1,764 "
구로구,2825.초롱타운 앞,202212, 199 , 182 
구로구,2826.가마산지하보도 옆,202212, 322 , 336 
구로구,3902. 항동지구5단지 501동 앞,202212, 69 , 97 
구로구,3903. 현대아파트 앞,202212, 264 , 280 
구로구,3904. 테크노마트 앞,202212," 1,311 "," 1,318 "
구로구,3905. 희훈타워빌 앞,202212," 1,072 "," 1,045 "
구로구,3906. 천왕차량사업소 입구,202212, 450 , 615 
구로구,3907. 신도림7차e편한세상아파트 806동 앞,202212, 712 , 708 
구로구,3908. 오류동 다숲오피스텔 앞,202212, 283 , 351 
구로구,3910. 목양전원교회 앞 로터리,202212, 122 , 143 
구로구,3911. 항동하버리안2단지아파트 후문,202212, 55 , 90 
구로구,3912. 삼호아파트 앞,202212, 257 , 255 
구로구,3914. 신도림쌍용플래티넘노블아파트 앞,202212," 1,142 "," 1,149 "
구로구,3915. 동선아파트 앞,202212, 124 , 106 
구로구,3917. 성공회대학교,202212, 241 , 146 
구로구,3918. 이좋은집오피스텔 앞,202212, 321 , 365 
구로구,3919. 구로역·NC신구로점 버스정류장(구로역 방면),202212, 782 , 731 
구로구,3920. 개봉역2번출구 B,202212, 150 , 167 
구로구,3922. 서울남부교정시설 앞,202212, 156 , 167 
구로구,3923. 구로공구상가 앞,202212, 161 , 167 
구로구,3924. 오류동 계림웨스트밸리 앞,202212, 84 , 58 
구로구,3925. 중앙유통단지 앞 B,202212, 397 , 406 
구로구,3927. 구로월드아파트 앞,202212, 244 , 250 
구로구,3928.고척아이파크아파트 106동 앞,202212, 33 , 24 
구로구,3929. 고척아이파크아파트 205동 앞,202212, 47 , 41 
구로구,3930. 온수역 2번 출구 앞,202212, 25 , 15 
금천구,1804. 독산역 2번출구 자전거주차장,202212, 935 , 897 
금천구,1805. 서울디지털운동장 앞,202212, 506 , 505 
금천구,1806. 에이스하이엔드타워9차 앞,202212, 423 , 558 
금천구,1808. 에이스하이엔드타워8차 앞,202212, 791 , 819 
금천구,1809. LG전자 별관동(호서대 벤처타워 맞은편),202212, 528 , 501 
금천구,1812. 갑을그레이트밸리 앞,202212, 349 , 398 
금천구,1814. 두산위브아파트 옆 상가건물 앞,202212, 706 , 634 
금천구,1816. 금천폭포공원 앞,202212, 142 , 81 
금천구,1819. 금천구청 앞 자전거거치대,202212, 205 , 198 
금천구,1820. 신한은행 시흥대로금융센터지점,202212, 146 , 145 
금천구,1821. 홈플러스 시흥점 맞은편 다비치안경 앞,202212, 477 , 589 
금천구,1822. 서울 시흥동우체국 앞,202212, 342 , 401 
금천구,1823. 상신정비공업 앞,202212, 222 , 88 
금천구,1824. 독산근린공원 입구,202212, 554 , 636 
금천구,1825. 한신아파트 앞 육교 아래,202212, 323 , 355 
금천구,1826. 한신코아 앞,202212, 213 , 247 
금천구,1827. 독산보도육교 앞 자전거 보관소,202212, 504 , 568 
금천구,1828. 한양수자인아파트 앞,202212, 424 , 197 
금천구,1829. 홈플러스 금천점 앞,202212, 561 , 566 
금천구,1830. 빅마켓 금천점 앞,202212, 977 ," 1,004 "
금천구,1831. 메이퀸웨딩컨벤션 앞,202212, 375 , 358 
금천구,1833. 독산역 1번출구 앞 자전거보관소,202212, 524 , 551 
금천구,1834. 월드메르디앙 벤처센터 2차,202212, 579 , 684 
금천구,1835. STX V타워,202212, 428 , 423 
금천구,1836. 금천구립 독산도서관,202212, 141 , 44 
금천구,1839. 수출의 다리 아래,202212, 441 , 437 
금천구,1840. 솔브레인이엔지 뒤편,202212, 587 , 685 
금천구,1841. 가산동 주민센터,202212, 980 , 897 
금천구,1842. 한울중학교,202212, 146 , 56 
금천구,1843. 독산고등학교,202212, 214 , 183 
금천구,1845. 롯데캐슬골드파크1차 서문,202212, 355 , 341 
금천구,1846. 롯데캐슬골드파크1차 동문,202212, 633 , 558 
금천구,1847. 독산주공 14단지 버스정류소,202212, 101 , 80 
금천구,1848. 벽산 디지털밸리 5차,202212," 1,016 "," 1,262 "
금천구,1849. 대륭포스트타워5차,202212, 293 , 287 
금천구,1850. 코오롱테크노밸리,202212, 184 , 203 
금천구,1851. 가산디지털단지 7번출구,202212," 1,756 "," 1,771 "
금천구,1853. 서울디자인직업전문학교 앞,202212, 322 , 312 
금천구,1854. 가산아네스트 오피스텔 앞,202212, 468 , 174 
금천구,1855. 성지아파트 옆 도로변,202212, 102 , 154 
금천구,1856. 모두의학교,202212, 421 , 352 
금천구,1857. 주공14단지,202212, 171 , 199 
금천구,1858. 500번·507번 버스 종점 앞,202212, 80 , 94 
금천구,1859. 대륭테크노타운 18차,202212, 416 , 498 
금천구,1861.IBK기업은행 석수역 지점 앞,202212, 77 , 90 
금천구,1862.스타즈호텔독산 빌딩 앞,202212, 528 , 464 
금천구,1863.위너스 스포츠클럽 골프연습장옆,202212, 268 , 227 
금천구,1864.산호시티빌 옆,202212, 167 , 122 
금천구,1865.금천구청앞(M빌딩),202212, 198 , 209 
금천구,1866.서울안천초등학교 옆,202212, 91 , 88 
금천구,1867.대륭포스트타워6차 앞,202212," 2,509 "," 2,932 "
금천구,1868.우리은행 시흥남자동화점 앞,202212, 203 , 148 
금천구,1869.롯데캐슬골드파크3차 301동 앞,202212, 552 , 533 
금천구,1870.독산3동주민센터 앞,202212, 490 , 240 
금천구,3956. 대륭테크노타운21차 앞,202212, 436 , 437 
금천구,3958. 롯데캐슬2차 마을버스 정류장(18804) 뒤편,202212, 208 , 220 
금천구,3959. 시흥사거리(시흥동 994-3 앞),202212, 451 , 534 
금천구,3963. 에이스 하드웨어(시흥대로 396) 앞,202212, 409 , 475 
금천구,3966. 독산역1번출구 옆,202212," 1,510 "," 1,683 "
금천구,3967. 혜명양로원 담장 옆(2),202212, 210 , 140 
금천구,3969. 독산역 롯데캐슬 104동 앞,202212, 513 , 456 
금천구,3970. 시흥4동주민센터 앞,202212, 77 , 81 
금천구,3971. 순흥안씨묘 건너편,202212, 32 , 24 
금천구,3972. 산기슭공원 앞,202212, 131 , 89 
금천구,3973. 독산2동주민센터 앞,202212, 203 , 162 
금천구,3974.  안천중학교,202212, 147 , 132 
금천구,3975.현대시티아울렛 가산,202212, 760 , 732 
금천구,3977. 말미사거리,202212, 370 , 384 
금천구,3980. 금천현대홈타운 후문 서부샛길,202212, 448 , 433 
금천구,3983. 금천구청역 1번 출구,202212, 424 , 725 
금천구,3984. 가산롯데아이티캐슬,202212, 456 , 516 
금천구,3985. 디폴리스 지식산업센터,202212, 353 , 413 
노원구,1601. 석계역 문화광장 내 자전거 보관소,202212," 2,283 "," 2,339 "
노원구,1602. 광운대역 앞,202212, 908 , 972 
노원구,1605. 헬스케어,202212, 740 , 763 
노원구,1606. 태릉입구역 3번출구 ,202212, 705 , 719 
노원구,1608. 공릉역 1번 출구 앞,202212," 1,755 "," 1,859 "
노원구,1610. 화랑대역 2번출구 앞,202212," 1,309 "," 1,391 "
노원구,1611. 과기대 입구(우),202212," 1,283 "," 1,299 "
노원구,1616. 하계2동 공항버스정류장 옆,202212," 1,173 "," 1,168 "
노원구,1617. 하계동 중평어린이공원 앞,202212," 1,090 "," 1,070 "
노원구,1619. 중계동 하나프라자빌딩 앞(중1-1),202212, 822 , 816 
노원구,1620. 중계동 노원구민체육센터 옆(중1-2),202212, 490 , 479 
노원구,1625. 상계역(4번출구),202212," 2,179 "," 2,153 "
노원구,1627. 수락산역 4번출구,202212, 502 , 491 
노원구,1628. 노일초등학교 앞,202212, 373 , 385 
노원구,1630. 수연빌딩 앞,202212, 467 , 471 
노원구,1634. 당고개공원 대여소,202212, 98 , 101 
노원구,1635. 상계3.4동 주민센터 대여소,202212, 184 , 137 
노원구,1636. 상계주공2단지 버스정류장 옆,202212," 1,123 "," 1,143 "
노원구,1637. KT 전화국 버스정류장 옆,202212," 2,202 "," 2,306 "
노원구,1639. 희성오피앙,202212, 442 , 439 
노원구,1640. 한내근린공원 북측,202212, 524 , 541 
노원구,1641. 한내근린공원 남측,202212, 397 , 457 
노원구,1642. 서울여대 남문,202212, 379 , 283 
노원구,1643. 태릉입구역 8번출구,202212, 918 , 933 
노원구,1646. 삼육대 입구,202212, 172 , 162 
노원구,1650. 중계근린공원내,202212," 1,629 "," 1,667 "
노원구,1651. 상계동 우방유쉘아파트 앞,202212, 480 , 471 
노원구,1652. 파르코 앞,202212, 224 , 225 
노원구,1653. 노원역1번출구,202212," 2,352 "," 2,467 "
노원구,1654. 당고개입구 오거리,202212, 448 , 402 
노원구,1655. 공릉1단지아파트,202212," 1,308 "," 1,250 "
노원구,1656. 중앙하이츠 아파트 입구,202212," 1,099 "," 1,041 "
노원구,1657. 노원구청 ,202212," 1,012 "," 1,041 "
노원구,1659. 중계동 을지중학교,202212, 420 , 373 
노원구,1660. 서울시립과학관,202212, 246 , 186 
노원구,1661. 당현천근린공원,202212, 908 , 871 
노원구,1662. 노원역7번출구,202212," 1,391 "," 1,427 "
노원구,1663. 동해문화예술관앞,202212," 1,317 "," 1,333 "
노원구,1664. 노해근린공원내,202212, 215 , 216 
노원구,1665. 양지근린공원앞,202212, 642 , 549 
노원구,1666. 노원소방서인근,202212, 503 , 451 
노원구,1667. 중계중학교,202212, 924 , 880 
노원구,1668. 중계역 6번출구,202212," 1,008 "," 1,024 "
노원구,1669. 중계역 3번출구,202212, 991 , 998 
노원구,1670. 노원경찰서교차로,202212, 761 , 735 
노원구,1671. 인덕대학교,202212, 478 , 499 
노원구,1672. 상계동수락리버시티,202212, 329 , 300 
노원구,1674. 서울북부고용센터앞,202212," 1,553 "," 1,554 "
노원구,1675. 월계문화체육센터,202212, 96 , 92 
노원구,1677. 육군사관학교  앞,202212, 661 , 711 
노원구,1678. 성서대학교 밀알관,202212, 282 , 285 
노원구,1679. 삼육대 도서관,202212, 129 , 84 
노원구,1680. 삼육대 제3과학관,202212, 45 , 9 
노원구,1681. 현대6차 아파트,202212, 611 , 467 
노원구,1682. 중계종합사회복지관 교차로,202212, 351 , 351 
노원구,1683. 노원문화예술회관,202212, 862 , 860 
노원구,1684. 태릉입구역 5번출구,202212," 1,846 "," 1,793 "
노원구,1685. 불암고등학교 앞 횡단보도,202212, 589 , 569 
노원구,1686. 상계주공10단지 종합상가 앞,202212, 985 , 983 
노원구,1688. 마들역 7번출구,202212," 1,037 "," 1,038 "
노원구,1689. 마들역 3번출구,202212, 839 , 842 
노원구,1690. 도봉운전면허시험장 버스정류장 옆,202212, 836 , 839 
노원구,1691. 노원정보도서관,202212, 944 , 944 
노원구,1692. 온곡초교 교차로,202212," 1,044 ", 731 
노원구,1693. 원자력 병원,202212, 180 , 111 
노원구,1696.수락리버시티4단지,202212, 283 , 262 
노원구,1697.상계주공2단지 219동,202212, 726 , 710 
노원구,2901.공릉동풍림아파트 101동,202212, 758 , 746 
노원구,2902.공릉풍림아파트 108동,202212, 509 , 492 
노원구,2903.월계초안아파트 1단지,202212, 250 , 257 
노원구,2904.중계3차청구아파트,202212, 615 , 614 
노원구,2907. 월계중학교,202212, 163 , 52 
노원구,2908. 광운대학교 중앙도서관,202212, 814 , 817 
노원구,2909. 석계역 3번 출구,202212, 790 , 792 
노원구,2910.도깨비시장,202212," 1,317 "," 1,377 "
노원구,2911.상계역중앙시장,202212, 521 , 513 
노원구,2912.대진고등학교,202212, 754 , 706 
노원구,2913.상계8동 주민센터,202212, 756 , 768 
노원구,2914.서울과학기술대학교(미래관),202212, 434 , 510 
노원구,2915.서울과학기술대학교(어학교육원),202212," 1,543 "," 1,339 "
노원구,2917.신창중학교 후문 맞은편 버스정류장,202212, 420 , 468 
노원구,2919.등나무 근린공원(시립북서울미술관 앞) ,202212," 1,623 "," 1,617 "
노원구,2920.상계중학교(당현2교사거리),202212, 462 , 446 
노원구,2921.중계역 2번출구,202212," 1,747 "," 1,954 "
노원구,4002. 상계주공 14단지 상가 앞,202212, 390 , 427 
노원구,4003. 상계초교 입구 교차로 명주빌딩 앞,202212, 964 , 964 
노원구,4004. 당고개입구오거리 당현천변,202212, 624 , 600 
노원구,4005. 중계2차 한화꿈에그린 101동 인근,202212, 501 , 480 
노원구,4007. 노원 을지대학교 병원,202212," 1,077 "," 1,148 "
노원구,4008. 하계 어린이 공원,202212, 939 , 927 
노원구,4009. 월계프라자,202212, 380 , 167 
노원구,4011. 월계 센트럴 아이파크,202212, 585 , 778 
노원구,4013. 중계 롯데마트,202212, 972 , 960 
노원구,4014. 당고개역 3번 출구,202212, 533 , 548 
노원구,4016. 노원 마들스타디움,202212, 596 , 586 
노원구,4017. 월계 청백1단지 아파트 정류장,202212, 269 , 140 
노원구,4018. 상계주공15단지 버스정류소,202212, 609 , 594 
노원구,4019. 상계주공10단지 버스정류소,202212, 498 , 498 
노원구,4020. 중계동 성모빌딩 앞 ,202212, 768 , 766 
노원구,4021. 중계본동 입구,202212, 114 , 50 
노원구,4023. 월계역 1번 출구,202212, 564 , 637 
노원구,4024. 꿈의숲 SK뷰 아파트,202212, 618 , 618 
노원구,4025. 한천교 동편,202212, 330 , 344 
노원구,4026. 상계주공1단지아파트,202212," 1,031 "," 1,036 "
노원구,4027. 한내 행복발전소 옆,202212," 1,388 "," 1,517 "
노원구,4028. 한일유앤아이아파트 105동 인근,202212, 564 , 510 
노원구,4029. 청소년수련관 후문,202212," 1,792 "," 1,813 "
노원구,4031. 청암예술학교 앞,202212, 761 , 688 
노원구,4032. 은행사거리 성모빌딩 앞,202212, 662 , 650 
노원구,4033. 녹천역 4번 출구 옆,202212, 246 , 276 
노원구,4034. 상계근린공원 운동장 앞,202212, 529 , 596 
노원구,4035. 휴플러스 수락한신아파트 101동 앞,202212, 204 , 191 
노원구,4036. 하계역 6번출구,202212," 1,047 "," 1,139 "
노원구,4037. 물넘이교,202212," 1,174 "," 1,085 "
노원구,4039. 서울시 북부여성발전센터,202212, 431 , 435 
노원구,4040. 공릉로 26길,202212, 439 , 507 
노원구,4041. 공릉역3번출구,202212," 1,081 "," 1,151 "
노원구,4042. 상계문화정보도서관,202212, 350 , 350 
노원구,4043. 상계주공13단지 1301동,202212, 125 , 105 
노원구,4044. 공릉산 백세문 입구,202212, 49 , 49 
노원구,4045. 은하수 공원,202212, 200 , 248 
노원구,5301. 상계주공1단지 버스정류장 옆(대원빌딩 앞),202212," 1,297 "," 1,329 "
노원구,5305. 대륜E&S 서울지사 앞,202212, 307 , 372 
노원구,5306. 동신아파트 후문 옆,202212," 1,619 "," 1,693 "
노원구,5308. 상계신동아아파트,202212, 48 , 42 
노원구,5309. 월계 롯데캐슬아파트 뒤,202212, 177 , 204 
노원구,5310. 목련아파트,202212, 403 , 384 
노원구,5311. 주공601동 상가 노원지하보도 앞,202212, 998 , 998 
노원구,5313. 중계주공2단지 앞,202212, 228 , 229 
노원구,5314. 월계1동주민센터 앞,202212, 407 , 443 
노원구,5315. 당고개역 앞,202212, 192 , 178 
노원구,5317. 공릉동 신도1차 아파트 뒤,202212, 430 , 460 
노원구,5318. 극동의 푸른별 아파트 뒤(중계4동주민센터 앞),202212, 331 , 309 
노원구,5319. 연해피빌 앞,202212, 271 , 264 
노원구,5320. 한국스포츠정책과학원 앞,202212, 22 , 8 
도봉구,1702. 녹천역 1번출구 앞,202212, 367 , 376 
도봉구,1703. 도봉산광역환승센터앞 ,202212, 118 , 92 
도봉구,1705. 도봉구청 정문앞,202212, 736 , 813 
도봉구,1706. 방학동우체국 건너편,202212, 386 , 381 
도봉구,1707. 도봉구민회관,202212, 649 , 654 
도봉구,1708. 도봉보건소사거리,202212, 876 , 877 
도봉구,1709. 쌍문역4번출구 주변,202212, 571 , 454 
도봉구,1713. 쌍문동 이안아파트 앞,202212, 232 , 63 
도봉구,1714. 도봉문화정보도서관 삼거리,202212, 187 , 36 
도봉구,1715. 서울특별시교육청도봉도서관,202212, 454 , 394 
도봉구,1716. 창동역 1번출구 건너편,202212, 420 , 426 
도봉구,1717. 시립창동운동장 입구,202212, 126 , 96 
도봉구,1719. 신도봉사거리 버스정류장,202212, 385 , 393 
도봉구,1720. 도봉구청 옆(중랑천변),202212, 492 , 531 
도봉구,1721. 창동역 2번출구 ,202212," 2,188 "," 2,560 "
도봉구,1722. 창동청소년수련관,202212, 420 , 372 
도봉구,1723. 방학동학마을도서관,202212, 262 , 261 
도봉구,1725. 창1동주민센터,202212, 377 , 430 
도봉구,1726. 삼익세라믹아파트교차로,202212, 415 , 400 
도봉구,1727. 서울도봉초등학교인근,202212, 194 , 192 
도봉구,1728. 서울북부지방법원,202212, 146 , 142 
도봉구,1729. 도봉한신아파트 버스정류장,202212, 632 , 661 
도봉구,1730. 도봉산역 교차로 앞,202212, 94 , 105 
도봉구,1731. 도봉고등학교 맞은편,202212, 66 , 52 
도봉구,1732. 방학역사거리,202212, 268 , 278 
도봉구,1733. 방학사거리 (봄마당 앞),202212, 351 , 355 
도봉구,1734. 쌍문현대1차아파트 108동 앞,202212, 418 , 306 
도봉구,"1735. 도봉역 1,2번 출구사이 건너편",202212, 450 , 449 
도봉구,1736. 버스정류장 앞,202212, 216 , 135 
도봉구,1737. 신창시장,202212, 833 , 927 
도봉구,1738. 창동주공17단지 상가앞,202212, 894 , 939 
도봉구,1741. 제일강산수산입구,202212, 474 , 408 
도봉구,1742. 북한산 코오롱 하늘채,202212, 878 , 891 
도봉구,1743.창동19단지아파트 관리사무소앞,202212, 690 , 698 
도봉구,1744.도봉소방서 옆,202212, 816 , 807 
도봉구,1746. 방학남부역 버스정류장,202212, 400 , 419 
도봉구,1748. 방학역 1번출구,202212, 387 , 420 
도봉구,1749. ESA아파트 상가 앞,202212, 532 , 594 
도봉구,1750. 창포원 남쪽 입구,202212, 195 , 213 
도봉구,1751. 창원초등학교 교차로,202212, 319 , 309 
도봉구,1752. 창동 주공 4단지 입구 옆,202212, 548 , 571 
도봉구,1754. 창동시장입구 사거리,202212, 430 , 410 
도봉구,1756.서울북부광역등기국,202212, 181 , 180 
도봉구,1757.솔밭공원역 1번출구 앞,202212, 238 , 189 
도봉구,1758.솔밭공원역 1번출구 주변,202212, 282 , 225 
도봉구,1759.서울북부지방법원 앞,202212, 232 , 243 
도봉구,1761.방학중학교 앞,202212, 174 , 144 
도봉구,1762.북한산 한신휴플러스APT앞,202212, 992 , 905 
도봉구,1765.쌍문역 1번출구 주변,202212, 454 , 452 
도봉구,1767.방학초등학교 앞,202212, 680 , 747 
도봉구,1768.신동아타워 버스정류소,202212, 285 , 287 
도봉구,1770.도봉한신아파트 주변,202212, 389 , 396 
도봉구,1771.성원APT버스정류소,202212, 361 , 261 
도봉구,1772.시립도봉노인복지관 버스정류소,202212, 305 , 279 
도봉구,1774.정의여중고 버스정류소,202212, 247 , 248 
도봉구,1775.신원리베르텔 앞,202212, 468 , 479 
도봉구,4054. 창동한신아파트 버스정류소,202212, 303 , 253 
도봉구,4058. 다락원체육공원 전망대 입구,202212, 130 , 137 
도봉구,4062. 평화도봉공원 주변,202212, 444 , 445 
도봉구,4064. 신창아파트 입구 앞,202212, 153 , 149 
도봉구,4065. 창동역 1번출구 앞,202212," 1,473 "," 1,646 "
도봉구,4073.방아골종합사회복지관,202212, 333 , 296 
도봉구,4074. 도봉구육아종합지원센터(창동),202212, 371 , 466 
도봉구,4076. 도봉통합복지센터 뒤 중랑천 변,202212, 450 , 467 
도봉구,4077. 도봉제1교,202212, 355 , 368 
도봉구,4078. 원당공원 앞,202212, 395 , 384 
도봉구,4080. 창동주공19단지앞 ,202212, 660 , 657 
도봉구,4083.도봉아이나라도서관 앞,202212, 403 , 415 
도봉구,4084. 도봉동실내스포츠센터,202212, 242 , 229 
도봉구,4086. 도봉로 534,202212, 98 , 90 
도봉구,4087. 우이교 교차로,202212, 583 , 588 
도봉구,4088. 김근태도서관,202212, 111 , 77 
도봉구,4089. 동부센트레빌 앞,202212, 422 , 419 
도봉구,4090. 녹천교 앞 사거리,202212, 236 , 231 
도봉구,4091. 방학역2번출구,202212, 119 , 128 
도봉구,4092. 도봉경찰서 교차로,202212, 364 , 373 
도봉구,4093. 창동동아청솔정문 건너편,202212, 146 , 138 
동대문구,4102. 휘경1동주민센터 앞,202212, 400 , 392 
동대문구,4103. 휘경sk뷰아파트 앞,202212, 287 , 266 
동대문구,4104. 외대앞역 교차로,202212, 562 , 585 
동대문구,4105. 서울교통공사사거리 교통섬,202212, 624 , 683 
동대문구,4107. 장안동근린공원 입구,202212, 481 , 519 
동대문구,4108. 답십리파크자이아파트 앞,202212," 1,407 "," 1,453 "
동대문구,4110. 용두롯데캐슬리치아파트 앞,202212, 802 , 763 
동대문구,4113. 한국국방연구원 앞,202212, 534 , 554 
동대문구,4114. 휘경여중고삼거리,202212, 700 , 761 
동대문구,4116. 이문e편한세상아파트 앞,202212, 228 , 315 
동대문구,4117. 휘경119안전센터 앞,202212, 419 , 419 
동대문구,4121. 서울문화재단 앞,202212, 883 , 911 
동대문구,4122. 청계9가교차로 앞,202212," 1,330 "," 1,402 "
동대문구,4123. 배봉초교 교차로,202212, 480 , 481 
동대문구,4125. 회기역 2-①번출구,202212, 974 , 977 
동대문구,4128.  종암초등학교 뒤(새울센스빌),202212, 236 , 219 
동대문구,4131. 베네스트 오피스텔 앞,202212, 282 , 281 
동대문구,4132. 이문삼익아파트 앞,202212, 68 , 68 
동대문구,600. 휘경2동 주민센터,202212, 177 , 174 
동대문구,601. 용신동주민센터,202212, 517 , 565 
동대문구,602. 장안동 사거리,202212," 2,222 "," 2,431 "
동대문구,605. 신설동역8번출구,202212, 957 , 982 
동대문구,606. 휘경공고앞,202212, 198 , 246 
동대문구,607. 신이문역 2번출구,202212, 425 , 462 
동대문구,608. 전농삼성아파트,202212, 185 , 120 
동대문구,609. 제기2교,202212, 817 , 757 
동대문구,610. 동대문중 교차로,202212, 601 , 580 
동대문구,612. 시립동부병원 앞 사거리,202212," 1,417 "," 1,451 "
동대문구,613. 신설동역 10번출구 앞,202212," 1,404 "," 1,560 "
동대문구,614. 용두동 사거리,202212," 1,385 "," 1,349 "
동대문구,615. 용두동 래미안허브리츠아파트 앞,202212, 780 , 751 
동대문구,616. 서울시립대 앞,202212, 99 , 47 
동대문구,617. 청솔우성아파트 앞,202212, 845 , 915 
동대문구,621. 동대문중학교 옆,202212, 271 , 168 
동대문구,622. 전농사거리 교통섬,202212, 593 , 682 
동대문구,623. 서울시립대 정문 앞,202212," 1,099 ", 712 
동대문구,624. 전농동 동아아파트 앞,202212, 939 , 977 
동대문구,626. 군자교 서측 녹지대,202212, 797 , 845 
동대문구,627. 장안동삼거리 교통섬,202212, 652 , 653 
동대문구,628. 휘봉고등학교 앞,202212, 457 , 472 
동대문구,630. 동대문구 보건소,202212," 1,498 "," 1,523 "
동대문구,631. 답십리역 1번출구,202212," 2,262 "," 2,335 "
동대문구,633. 청량리 기업은행 앞,202212," 1,568 "," 1,686 "
동대문구,634. 외국어대 정문 앞,202212," 1,515 "," 1,511 "
동대문구,635. 시조사 앞,202212, 613 , 594 
동대문구,636. 세종대왕기념관 교차로,202212, 296 , 299 
동대문구,637. KAIST 경영대학 앞,202212, 524 , 446 
동대문구,638. 서울시립대 정보기술관,202212, 272 , 321 
동대문구,639. 서울시립대 후문,202212, 524 , 273 
동대문구,640. 동대문경찰서 교차로,202212, 587 , 683 
동대문구,641. 용두역 4번출구,202212," 1,259 "," 1,394 "
동대문구,642. 신답역 사거리,202212," 1,037 "," 1,042 "
동대문구,643. 동대문구민체육센터 (육교아래),202212," 1,150 "," 1,184 "
동대문구,646. 장한평역 1번출구,202212," 3,103 "," 3,445 "
동대문구,647. 신이문역 1번출구,202212, 591 , 642 
동대문구,648. 장안동위더스빌옆,202212," 1,662 "," 1,659 "
동대문구,650. 중랑교사거리,202212, 487 , 467 
동대문구,652. 답십리 래미안엘파인아파트 입구,202212, 412 , 433 
동대문구,654. 전농동 텃골공원,202212, 530 , 362 
동대문구,656. 영휘원 교차로,202212, 446 , 462 
동대문구,657. 동대문롯데캐슬아파트 앞,202212," 1,042 "," 1,068 "
동대문구,659. 제기역1번출구,202212," 1,561 "," 1,508 "
동대문구,660. 동의보감타워,202212," 1,082 "," 1,179 "
동대문구,661. 경희대학교 청운관,202212, 475 , 466 
동대문구,663. 외대앞역 4번출구,202212, 715 , 701 
동대문구,664. 서울시립대 건설공학관,202212, 399 , 317 
동대문구,665.이문동 쌍용아파트 정문,202212, 512 , 506 
동대문구,666.이문대성유니드아파트 앞,202212, 235 , 246 
동대문구,667.청량차도 육교 밑,202212, 293 , 229 
동대문구,668.서울축산농협(장안지점),202212," 2,129 "," 2,304 "
동대문구,669.청계한신휴플러스앞 삼거리,202212, 759 , 781 
동대문구,670.삼육서울병원 버스정류장,202212," 1,190 "," 1,286 "
동대문구,671.대광빌딩,202212, 313 , 299 
동대문구,672.대광고등학교,202212, 519 , 530 
동대문구,673.안암골벽산아파트(후문),202212, 485 , 471 
동대문구,674.고대앞사거리 교통섬,202212, 659 , 660 
동대문구,676.FITI시험연구원 앞,202212, 402 , 403 
동대문구,678.장안힐스테이트(아) 앞,202212," 1,030 "," 1,134 "
동대문구,679.전농SK아파트 앞,202212, 184 , 179 
동대문구,680.꿈마루어린이도서관 앞,202212, 977 , 975 
동대문구,681.서울특별시 동부교육지원청(육교),202212, 136 , 152 
동작구,2002. 노들역 1번출구,202212," 1,014 "," 1,073 "
동작구,2003. 사육신공원앞,202212, 371 , 365 
동작구,2007. 유한양행앞,202212, 833 , 916 
동작구,2008. 노량진근린공원 대방공원,202212, 330 , 195 
동작구,2009. 보라매역 8번출구,202212, 581 , 609 
동작구,2012. 대림사거리(동작상떼빌아파트),202212, 489 , 553 
동작구,2013. 장승배기역 5번출구,202212, 718 , 701 
동작구,2015. 신대방삼거리역 6번출구쪽,202212," 1,397 "," 1,476 "
동작구,2020. 장승배기역2번출구뒷편쪽,202212, 274 , 264 
동작구,2024. 상도역 1번출구,202212, 196 , 204 
동작구,2025. 흑석역 1번출구,202212, 546 , 633 
동작구,2026. 흑석역 4번출구,202212, 219 , 289 
동작구,2027. 중앙대학교 정문 1,202212, 204 , 279 
동작구,2032. 이수역 11번출구쪽,202212," 1,058 "," 1,301 "
동작구,2033. 사당동 아르테스 웨딩앞,202212, 579 , 575 
동작구,2034. 사당역 7번출구쪽,202212, 394 , 413 
동작구,2036. 정금마을 마을버스정류장,202212, 403 , 412 
동작구,2037. 동작역 5번출구 동작주차공원,202212, 151 , 113 
동작구,2038. 동작역 7번출구,202212, 81 , 89 
동작구,2040. 비계 버스정류소,202212, 53 , 38 
동작구,2041. 사당중학교 버스정류소,202212, 109 , 105 
동작구,2048. 삼일초등학교 인근,202212, 269 , 258 
동작구,2050. 노량진역 5번출구,202212," 1,629 "," 1,979 "
동작구,2054. 삼익아파트,202212, 697 , 696 
동작구,2056. 동작구민 체육센터,202212, 743 , 711 
동작구,2057. 상도 아이파크 아파트,202212, 187 , 118 
동작구,2058. 동작경찰서,202212," 1,094 "," 1,251 "
동작구,2059. 보라매공원 정문,202212, 735 , 736 
동작구,2060. 남성역3번출구 뒤,202212, 744 , 759 
동작구,2061. 한강 현대아파트 건너편,202212, 43 , 22 
동작구,2062. 사당새마을금고,202212, 177 , 174 
동작구,2064. 흑석한강푸르지오 106동앞,202212, 28 , 22 
동작구,2065. 서울시여성가족재단,202212, 371 , 366 
동작구,2066. 양문교회 앞,202212, 592 , 640 
동작구,2067. 보라매역․동작세무서 버스정류장(강남중학교방면),202212, 791 , 814 
동작구,2068. 총신대 앞(육교),202212, 70 , 32 
동작구,2069. 숭실대 입구역3번 출구 앞,202212, 236 , 167 
동작구,2070. 노량진역 2번 출구 앞,202212, 542 , 623 
동작구,2071. 대림아파트 후문 상가 옆,202212, 388 , 92 
동작구,2077.노들역 3번출구,202212, 422 , 480 
동작구,2078.흑석 아크로리버하임(103동),202212, 96 , 17 
동작구,2079.중앙대학교 중앙광장,202212, 85 , 80 
동작구,2080. 대방지하보도(대방동경남아너스빌아파트),202212, 838 , 839 
동작구,2082.7호선 이수역7번출구,202212, 482 , 485 
동작구,2083.흑석롯데캐슬에듀포레(107동),202212, 190 , 148 
동작구,2084.e편한세상 상도노빌리티 앞,202212, 288 , 245 
동작구,2085.강남중학교 앞,202212, 626 , 623 
동작구,2086.삼일수영장 앞,202212, 589 , 420 
동작구,2088.상도중앙하이츠빌 입구,202212, 171 , 164 
동작구,2089.사당역10번출구(금강빌딩),202212, 595 , 665 
동작구,2090.기아자동차 사당점 앞,202212, 714 , 710 
동작구,2091. 이수역9번출구,202212, 744 , 749 
동작구,2092.흑석한강푸르지오(110동),202212, 102 , 10 
동작구,2093.상도SH빌아파트 입구,202212, 77 , 11 
동작구,2094.숭실대학교(중문) ,202212, 162 , 20 
동작구,2095.경문고등학교 앞,202212, 301 , 429 
동작구,2096.서울특별시 동작관악교육지원청,202212, 23 , 12 
동작구,237. 보라매 두산위브 건너편,202212, 967 , 956 
동작구,4152. 상도효성해링턴플레이스,202212, 312 , 255 
동작구,4153. 흑석동효사정앞,202212, 116 , 90 
동작구,4158. 노량진근린공원,202212, 159 , 84 
동작구,4162. 노량진1동 청소년독서실,202212, 147 , 28 
동작구,4167. 구로교 아래,202212, 700 , 621 
동작구,4169. 신대방삼거리,202212, 971 ," 1,011 "
동작구,4171. 우성아파트 앞,202212," 1,515 "," 1,852 "
동작구,4173. 중대후문 마을버스정류장,202212, 248 , 250 
동작구,4175. 대방역2번출구,202212, 573 , 743 
동작구,4177. 롯데캐슬 101동 앞,202212, 120 , 115 
동작구,4178. 이수성결교회 옆,202212, 55 , 65 
동작구,4179. 보라매병원역 1번출구,202212," 1,601 "," 1,682 "
동작구,4180. 흑석동주민센터 입구,202212, 108 , 108 
동작구,4181. 보라매공원역 2번출구,202212, 316 , 315 
마포구,102. 망원역 1번출구 앞,202212," 1,540 "," 1,704 "
마포구,103. 망원역 2번출구 앞,202212," 1,017 "," 1,177 "
마포구,104. 합정역 1번출구 앞,202212, 887 , 691 
마포구,105. 합정역 5번출구 앞,202212, 549 , 459 
마포구,106. 합정역 7번출구 앞,202212, 864 , 843 
마포구,107. 신한은행 서교동지점,202212, 953 ," 1,304 "
마포구,108. 서교동 사거리,202212, 981 ," 1,069 "
마포구,109. 제일빌딩 앞,202212, 541 , 610 
마포구,111. 상수역 2번출구 앞,202212, 353 , 356 
마포구,112. 극동방송국 앞,202212, 652 , 670 
마포구,113. 홍대입구역 2번출구 앞,202212," 3,122 "," 4,014 "
마포구,114. 홍대입구역 8번출구 앞,202212," 1,142 "," 1,235 "
마포구,118. 광흥창역 2번출구 앞,202212, 447 , 423 
마포구,119. 서강나루 공원,202212, 515 , 532 
마포구,120. 신수동 사거리,202212, 259 , 260 
마포구,121. 마포소방서 앞,202212, 342 , 424 
마포구,122. 신성기사식당 앞,202212, 452 , 432 
마포구,124. 서강대 정문 건너편,202212, 517 , 394 
마포구,125. 서강대 남문 옆,202212, 563 , 609 
마포구,126. 서강대 후문 옆,202212, 615 , 616 
마포구,127. 현대벤처빌 앞,202212, 210 , 140 
마포구,129. 신촌역(2호선) 6번출구 옆,202212, 398 , 428 
마포구,130. 신촌역(2호선) 7번출구 앞,202212, 986 , 998 
마포구,142. 아현역 4번출구 앞,202212, 314 , 309 
마포구,143. 공덕역 2번출구,202212, 556 , 620 
마포구,144. 공덕역 8번출구,202212," 1,070 "," 1,308 "
마포구,145. 공덕역 5번출구,202212, 565 , 728 
마포구,146. 마포역 2번출구 뒤,202212," 1,069 "," 1,276 "
마포구,147. 마포역 4번출구 뒤,202212," 1,162 "," 1,499 "
마포구,148. 용강동 주민센터 앞,202212, 725 , 736 
마포구,150. 서강대역 2번출구 앞,202212, 481 , 470 
마포구,153. 성산2교 사거리,202212," 1,124 "," 1,087 "
마포구,154. 마포구청역 ,202212," 1,280 "," 1,430 "
마포구,155. 가좌역1 번출구 앞,202212, 822 , 720 
마포구,156. 서울서부지방법원 앞,202212, 454 , 546 
마포구,157. 애오개역 4번출구 앞,202212, 815 , 830 
마포구,181. 망원초록길 입구,202212, 255 , 245 
마포구,182. 망원2빗물펌프장 앞,202212, 359 , 353 
마포구,183. 하늘채코오롱아파트 건너편,202212," 1,339 "," 1,223 "
마포구,184. 7번가피자 서교망원점,202212," 1,298 "," 1,473 "
마포구,185. 마포 신수공원 앞,202212, 420 , 258 
마포구,186. 월드컵공원,202212, 524 , 578 
마포구,199. 서울 월드컵 경기장,202212, 310 , 208 
마포구,3002.벽산상암스마트큐브 ,202212," 1,264 "," 1,260 "
마포구,3003.래미안신공덕3차아파트,202212, 34 , 21 
마포구,3005.마포구청 청사내,202212, 187 , 185 
마포구,3006. 상암월드컵파크5단지(상암중학교),202212, 231 , 244 
마포구,3007.MBC 앞,202212, 469 , 467 
마포구,3008.DMC역7번출구,202212, 518 , 397 
마포구,3009.서교동사거리(신),202212, 817 ," 1,033 "
마포구,3010.홍대입구역 3번출구,202212," 2,226 "," 2,300 "
마포구,3011.경의선(노고산동),202212, 680 , 683 
마포구,400. 상암한화오벨리스크 1차 앞,202212, 720 , 644 
마포구,401. 상암월드컵파크 10단지 앞,202212, 682 , 643 
마포구,402. 상암월드컵파크 9단지 앞,202212, 426 , 418 
마포구,403. 부엉이공원 앞,202212, 571 , 335 
마포구,405. DMC빌 앞,202212, 435 , 453 
마포구,406. 상암월드컵파크 7단지 앞,202212, 349 , 365 
마포구,407. 마포구 육아종합지원센터,202212, 376 , 380 
마포구,408. LG CNS앞,202212, 556 , 544 
마포구,409. 누리꿈스퀘어 옆,202212," 1,173 "," 1,226 "
마포구,410. 상암중학교 옆,202212, 147 , 116 
마포구,411. DMC홍보관,202212, 779 , 900 
마포구,412. DMC산학협력연구센터 앞,202212, 873 , 901 
마포구,413. 상암월드컵파크 3단지 후문,202212, 271 , 243 
마포구,414. 상암동주민센터 옆,202212," 1,070 "," 1,201 "
마포구,415. DMC역 9번출구 앞,202212," 1,747 "," 1,671 "
마포구,416. 상암월드컵파크 1단지 교차로,202212, 535 , 296 
마포구,417. DMC역 2번출구 옆,202212, 968 , 919 
마포구,418. 월드컵경기장역 3번출구 옆,202212, 749 , 725 
마포구,419. 홈플러스 앞,202212," 1,429 "," 1,278 "
마포구,420. 서울시 공공자전거 상암센터,202212, 323 , 287 
마포구,4202. 프런트원(공덕역4번출구 앞),202212, 435 , 518 
마포구,4206. 광흥창역5번출구,202212, 214 , 249 
마포구,4207. 아만티호텔 앞,202212, 302 , 326 
마포구,4208. 스타벅스(동교동) 앞,202212, 441 , 593 
마포구,421. 마포구청 앞,202212," 1,032 "," 1,027 "
마포구,4210. 가좌행복주택 앞,202212, 665 , 648 
마포구,4211. 시석빌딩 앞,202212, 385 , 401 
마포구,4212. 한화오벨리스크 앞,202212, 393 , 386 
마포구,4213. 마포구중앙도서관 정문 앞,202212," 1,152 "," 1,083 "
마포구,4214. JTBC 앞,202212, 588 , 627 
마포구,4216. 망원정 앞,202212, 341 , 396 
마포구,4217. 한강공원 망원나들목,202212," 1,952 "," 2,224 "
마포구,4218. 디지털매직스페이스,202212," 1,246 "," 1,332 "
마포구,422. 문화비축기지,202212, 50 , 56 
마포구,4220. 신촌 청년주택,202212, 897 , 916 
마포구,4221. 솔리스타오피스텔(공덕동주민센터),202212, 394 , 55 
마포구,4222. 서울디자인고등학교 앞,202212, 703 , 872 
마포구,4224. 서부운전면허시험장,202212, 479 , 519 
마포구,4226. 마포프레스티지자이 1,202212, 445 , 429 
마포구,4233. 코오롱아파트사거리,202212," 1,915 "," 2,009 "
마포구,4234. 에스테반,202212, 202 , 113 
마포구,4238. 상암한샘빌딩앞,202212, 531 , 546 
마포구,4239. 성산2동 주민센터 ,202212, 130 , 96 
마포구,424. 롯데하이마트 (상암월드컵점) ,202212, 214 , 240 
마포구,4240. 아현문화건강센터,202212, 60 , 10 
마포구,4244. 당인리발전소 공원 앞,202212, 277 , 295 
마포구,4246. 상수역새마을금고,202212, 263 , 245 
마포구,4247. 서울서부지방법원등기국앞,202212, 170 , 172 
마포구,4248. 신촌 교보빌딩,202212, 223 , 203 
마포구,425. DMC첨단산업센터,202212, 333 , 314 
마포구,4251. 공덕역 경의선숲길 커뮤니티센터,202212, 301 , 281 
마포구,426. 서울신용보증재단,202212, 665 , 769 
마포구,427. 성산시영아파트,202212, 547 , 591 
마포구,432. 마포중앙도서관,202212, 177 , 32 
마포구,436. 이대역 5번출구,202212, 521 , 175 
마포구,437. 대흥역 1번출구,202212, 523 , 554 
마포구,438. 성산2-1 공영주차장,202212, 799 , 746 
마포구,440. 하늘공원 입구,202212, 199 , 112 
마포구,487.신석초교앞 교차로 교통섬,202212," 1,064 "," 1,225 "
마포구,488.푸르메병원,202212, 789 , 858 
마포구,489.구룡근린공원,202212, 148 , 114 
마포구,490.가온문화공원,202212, 910 ," 1,003 "
마포구,491.월드컵파크 4단지,202212, 109 , 135 
마포구,492.성산시영아파트 후문,202212, 936 ," 1,001 "
마포구,493.홍대입구역 6번출구,202212, 909 , 899 
마포구,494.신수동주민센터,202212, 232 , 236 
마포구,495.염리초등학교 앞,202212, 487 , 622 
마포구,497.합정동주민센터 앞,202212," 1,161 ", 829 
마포구,498.연남동주민센터 앞,202212," 1,612 "," 1,711 "
마포구,5503. 마포아트센터 앞,202212, 682 , 689 
서대문구,115. 마스타 빌딩 앞,202212, 510 , 360 
서대문구,117. 홍은사거리,202212," 1,139 "," 1,145 "
서대문구,123. 문화촌 공원,202212, 823 , 821 
서대문구,128. 신촌역(2호선) 1번출구 옆,202212, 772 , 739 
서대문구,131. 증산2교,202212," 1,055 "," 1,145 "
서대문구,133. 해담는다리,202212," 1,082 "," 1,193 "
서대문구,134. 연세로 명물길,202212, 444 , 522 
서대문구,135. 명물길 원형무대 앞,202212, 372 , 455 
서대문구,137. 신촌기차역입구 교차로,202212, 247 , 137 
서대문구,138. 신촌동 제1공영주차장 앞,202212, 496 , 469 
서대문구,139. 연세대 정문 건너편,202212, 197 , 136 
서대문구,140. 이화여대 후문,202212, 417 , 483 
서대문구,141. 연대 대운동장 옆,202212, 334 , 250 
서대문구,159. 이대역 4번 출구,202212, 134 , 109 
서대문구,160. 북아현동 가구거리,202212, 292 , 196 
서대문구,161. 무악재역1번 출구,202212, 163 , 153 
서대문구,162. 봉원고가차도 밑,202212, 632 , 154 
서대문구,163. 명지전문대학교 정문 앞,202212, 258 , 243 
서대문구,164. 북가좌1동 주민센터 ,202212, 219 , 159 
서대문구,165. 중앙근린공원,202212, 730 , 484 
서대문구,166. 가재울 초등학교,202212, 763 , 715 
서대문구,167. 연가초등학교 옆,202212, 271 , 102 
서대문구,169. 북가좌 삼거리,202212, 267 , 233 
서대문구,170. DMC파크뷰자이아파트 302동 앞,202212, 482 , 489 
서대문구,171. 임광빌딩 앞,202212, 274 , 264 
서대문구,173. 서대문역 8번출구 앞,202212, 223 , 225 
서대문구,175. 홍연2교옆,202212, 564 , 569 
서대문구,176. 명지대학교 도서관,202212, 989 ," 1,004 "
서대문구,177. 북가좌 초등학교,202212, 470 , 466 
서대문구,178. 증산3교 앞,202212, 727 , 726 
서대문구,179. 가좌역 4번출구 앞,202212, 937 , 961 
서대문구,180. 충정로역 7번출구 아래,202212, 443 , 253 
서대문구,188. 홍은동 정원여중 입구,202212, 354 , 350 
서대문구,191. 서우빌딩,202212, 633 , 691 
서대문구,192. 연서어린이공원,202212, 440 , 447 
서대문구,194. 증산교 앞,202212, 875 , 867 
서대문구,195. 모래내고가차도 ,202212, 404 , 408 
서대문구,196. 연희교차로 인근,202212, 377 , 261 
서대문구,198. 충정2교,202212, 339 , 246 
서대문구,3100. 북성초교,202212, 130 , 121 
서대문구,3101. 서대문구청,202212, 259 , 241 
서대문구,3102. 연희삼거리,202212, 540 , 526 
서대문구,3103. 홍제삼거리 북측,202212, 569 , 570 
서대문구,3104. e편한세상 신촌4단지 앞,202212, 408 , 411 
서대문구,3105. 홍은센트레빌 아파트 앞,202212, 173 , 49 
서대문구,3107. 연희초등학교 앞,202212, 310 , 331 
서대문구,3109.북한산더샾 106동 앞,202212, 132 , 123 
서대문구,3110.홍은 현대아이파크 아파트 202동 앞,202212, 262 , 261 
서대문구,3111.무악재역 4번 출구,202212, 113 , 96 
서대문구,3113.독립문역사거리,202212, 274 , 205 
서대문구,3114.충정로역 3번 출구,202212, 187 , 112 
서대문구,3115.북아현 치안센터 인근,202212, 435 , 388 
서대문구,3116.신촌역 4번출구,202212, 378 , 372 
서대문구,3117.이화여대 인문관 인근,202212, 140 , 172 
서대문구,3119.연희 브라운스톤 아파트 앞,202212, 920 , 946 
서대문구,3120.DMC엘가아파트 앞,202212, 676 , 628 
서대문구,3121.가좌삼거리,202212, 631 , 641 
서대문구,3122.북가좌삼거리2,202212, 432 , 403 
서대문구,3123.DMC파크뷰자이1단지 110동 앞,202212, 412 , 372 
서대문구,3125.연희파크푸르지오아파트 앞,202212, 498 , 503 
서대문구,3126.남가좌동 제2공영주차장,202212, 152 , 136 
서대문구,3127.홍은2파출소 옆,202212, 195 , 194 
서대문구,3128.동신병원 맞은편,202212, 510 , 512 
서대문구,3129.DMC래미안e편한세상203동옆,202212, 340 , 314 
서대문구,3130.가재울사거리,202212, 338 , 158 
서대문구,3131.연가교 교차로,202212, 427 , 406 
서대문구,3132.홍제교,202212, 259 , 260 
서대문구,3134.SK리쳄블(상수도사업본부),202212, 286 , 257 
서대문구,4253. 홍은도담도서관,202212, 339 , 326 
서대문구,4255. 래미안 루센티아 아파트 108동 앞,202212, 672 , 426 
서대문구,4262. 서대문자연사박물관 입구,202212, 167 , 121 
서대문구,4264. 홍남교 버스정류장,202212, 260 , 253 
서대문구,4265. 안산초등학교 앞,202212, 47 , 30 
서대문구,4266.국민연금공단충정로사옥,202212, 147 , 109 
서대문구,4267. 서대문역 2번 출구,202212, 755 , 762 
서대문구,4269. 연희IC 남측,202212, 686 , 693 
서대문구,4270. 우국한마음 아파트 맞은편,202212, 398 , 395 
서대문구,4271. 충정로역 1번 출구,202212, 184 , 95 
서대문구,4272. 홍남교 사거리,202212, 423 , 428 
서대문구,4273. 홍연2교 사거리,202212, 152 , 151 
서대문구,4274. 신촌 파랑고래 입구,202212, 345 , 346 
서초구,2201. 본마을 정류소 앞,202212, 31 , 18 
서초구,2202.청계산입구역 1번출구,202212, 700 , 660 
서초구,2203. 청계산입구역 2번출구,202212, 95 , 44 
서초구,2205. 내곡3단지 어린이공원 앞,202212, 302 , 303 
서초구,2206. 언남초등학교 앞,202212, 398 , 392 
서초구,2207. 내곡파출소 뒤 정자,202212, 69 , 54 
서초구,2210. 반포1동 주민센터 앞,202212, 106 , 111 
서초구,2211. 서초구립반포도서관 앞,202212, 814 , 813 
서초구,2212.서초현대4차아파트 201동 맞은편,202212, 343 , 345 
서초구,2213. 고속터미널역 5번출구 앞,202212, 276 , 267 
서초구,2214. 신반포역 2번출구 앞,202212, 168 , 169 
서초구,2215. 반포종합운동장 입구,202212, 279 , 309 
서초구,2217.아크로리버뷰 부지 앞,202212, 516 , 512 
서초구,"2219. 고속터미널역 8-1번, 8-2번 출구 사이",202212," 1,328 "," 1,328 "
서초구,2220. 반포본동 주민센터 앞,202212, 320 , 316 
서초구,2221. 방일초교 마을버스 정류장,202212, 450 , 527 
서초구,2222.사당역 12번출구 뒤,202212, 976 ," 1,153 "
서초구,2223. 방배래미안 정문 앞,202212, 215 , 241 
서초구,2225.백석예술대학교 제3캠퍼스 앞,202212, 68 , 53 
서초구,2226. 신동아럭스빌아파트 앞,202212, 78 , 26 
서초구,2227.방배열린문화센터 앞,202212, 305 , 308 
서초구,2228.뒷벌공원 옆,202212, 495 , 619 
서초구,2229.로고스교회 맞은 편,202212, 338 , 336 
서초구,2230.이수역 4번 출구,202212, 716 , 710 
서초구,2231. 삼성타운(삼성생명) A동 맞은편,202212, 928 , 940 
서초구,2233. 서초신동아1차아파트 옆,202212, 479 , 430 
서초구,2235.KT 서초지사 앞,202212, 139 , 92 
서초구,2237.서울남부터미널 대합실 입구,202212, 423 , 326 
서초구,2239.교대역 6번출구,202212, 465 , 474 
서초구,2241.양재전화국 사거리,202212, 221 , 209 
서초구,2242.양재역 11번 출구 앞,202212, 339 , 339 
서초구,2243.서울가정법원,202212, 375 , 312 
서초구,2244.교육개발원입구 교차로,202212, 617 , 684 
서초구,2245.양재초등학교 맞은편,202212, 327 , 327 
서초구,2246. 서울시 품질시험소 앞,202212, 308 , 322 
서초구,2247.섬들근린공원,202212, 532 , 541 
서초구,2248. 서초리슈빌S 글로벌 앞,202212, 73 , 52 
서초구,2249. 우솔초등학교 맞은편,202212, 146 , 127 
서초구,2250. 서초유치원 맞은편,202212, 286 , 257 
서초구,2251. 더케이호텔 입구(양재2) ,202212, 605 , 614 
서초구,2252. 잔디마을 마을버스 정류장,202212," 1,032 ", 982 
서초구,2255.시민의숲역 1번출구 옆,202212," 1,150 "," 1,173 "
서초구,2256.양재동 꽃시장 입구,202212, 190 , 183 
서초구,2257. 청계산 입구 삼거리,202212, 53 , 61 
서초구,2258.구룡사 삼거리,202212, 237 , 129 
서초구,2259. 잠원역 3번-4번 출구사이 ,202212, 620 , 628 
서초구,2262. 한신16차아파트 119동 앞,202212, 802 , 892 
서초구,2263. 바우뫼문화복지회관,202212, 407 , 377 
서초구,2264. 이수역 1번출구,202212, 849 , 875 
서초구,2265. 이수고가차도 남단,202212, 624 , 716 
서초구,2266. 서초역 3번출구,202212, 398 , 384 
서초구,2268. 서초4동주민센터 ,202212, 406 , 414 
서초구,2269. 주홍교 하부,202212, 90 , 65 
서초구,2270. 서초포레스타 7단지,202212, 119 , 116 
서초구,2271. 내방역 8번출구 앞,202212, 352 , 346 
서초구,2272. 교대입구 교차로,202212, 246 , 246 
서초구,2273. 일동제약 사거리,202212, 366 , 438 
서초구,2274. 양재시민의숲역 3번출구,202212, 735 , 745 
서초구,2275. 염곡치안센터 건너편,202212, 53 , 53 
서초구,2276. 영동1교 (양재천근린공원),202212, 375 , 358 
서초구,2277. 길마중4교 하부,202212, 508 , 534 
서초구,2279. 교대역 5번출구뒤,202212, 774 , 787 
서초구,2280. 서울서초고용센터앞,202212, 222 , 187 
서초구,2281. 연세사랑병원신관앞,202212, 156 , 157 
서초구,2283. 그룹한빌딩옆,202212, 95 , 54 
서초구,2284. CJ오쇼핑앞,202212, 117 , 78 
서초구,2285. LH서초3단지 301동 맞은편,202212, 169 , 141 
서초구,2286. 탑성마을입구,202212, 26 , 12 
서초구,2287. 능안마을입구,202212, 23 , 7 
서초구,2288. 안골마을입구,202212, 20 , 12 
서초구,2289. 남태령역 2번출구,202212, 59 , 15 
서초구,2293. SPC 앞,202212, 344 , 341 
서초구,2294. 두상빌딩 앞,202212, 803 , 941 
서초구,2297. 남부터미널역 1번출구,202212, 329 , 305 
서초구,2298. 래미안서초스위트앞,202212, 249 , 238 
서초구,2299. 한전아트센터 앞,202212, 418 , 453 
서초구,2501. 서초 포레스타5단지,202212, 220 , 215 
서초구,2502. 서초역1번출구 앞,202212, 275 , 261 
서초구,2503. 반포1동 서초빌딩 앞,202212, 481 , 475 
서초구,2504. 신사역 4번출구 뒤,202212, 367 , 349 
서초구,2505. 우성아파트사거리 (기업은행앞),202212, 870 , 915 
서초구,2506. LG유플러스 (방배사옥),202212, 58 , 24 
서초구,2508. 양재이스타빌 앞,202212, 594 , 644 
서초구,2509. 심산기념문화센터,202212, 436 , 427 
서초구,2510. JW타워,202212, 97 , 86 
서초구,2511. 이수역 6번출구 앞,202212, 585 , 607 
서초구,2514.사평역 2번출구,202212, 228 , 219 
서초구,2515.서초초등학교 후문,202212, 615 , 613 
서초구,2516.본마을 노인복지센터 앞,202212, 96 , 95 
서초구,2517.서초3교(효령로69길 방면),202212, 370 , 340 
서초구,2519.서초2교(사임당로 방면),202212, 134 , 149 
서초구,2520.서초1교 (진흥아파트 방면),202212, 339 , 334 
서초구,2521.서초 크로바타워 앞,202212, 278 , 273 
서초구,2523.뉴코아 킴스클럽 앞,202212, 542 , 539 
서초구,2524.반포쇼핑타운 8동 앞,202212, 400 , 391 
서초구,2525.반포쇼핑타운 2동 앞,202212, 732 , 733 
서초구,2526.반포경남쇼핑 앞,202212, 84 , 80 
서초구,2527.반포중학교 앞(세화여고 맞은편),202212, 49 , 57 
서초구,2528.함지박 사거리,202212, 445 , 493 
서초구,2529.우리은행 방배동지점 앞,202212, 463 , 451 
서초구,2530.삼호3차아파트 앞,202212, 554 , 618 
서초구,2531.멤피스아파트 앞,202212, 504 , 531 
서초구,2532.국립국악원 앞,202212, 115 , 28 
서초구,2533.한가람미술관 앞,202212, 96 , 106 
서초구,2535.신반포역 3번출구 뒤,202212, 162 , 157 
서초구,2536.서초종합체육관 입구,202212, 65 , 78 
서초구,2537.양재역 8번출구 앞,202212, 493 , 443 
서초구,2538.사평리 공원,202212, 398 , 440 
서초구,2539.대한무역투자진흥공사 KOTRA 앞,202212, 352 , 349 
서초구,2540.반포천 앞,202212, 635 , 629 
서초구,2541.옛골 입구,202212, 36 , 9 
서초구,2542.신논현타워 앞,202212, 320 , 302 
서초구,2545.국립중앙도서관(국제회의장옆),202212, 91 , 41 
서초구,2547. 반포래미안 리오센트,202212, 367 , 363 
서초구,2548.반포1동 자율방범초소 옆,202212, 206 , 155 
서초구,2549.LH 서초 4단지 403동,202212, 308 , 267 
서초구,2550.양재동 꽃시장 건너편,202212, 258 , 304 
서초구,4303. 매헌역 2번출구앞광역버스 정류장앞(22-297),202212, 402 , 416 
서초구,4304. 서울고앞,202212, 130 , 123 
서초구,4305. 서일스포츠센터,202212, 94 , 82 
서초구,4306. 서래공원 앞,202212, 262 , 254 
서초구,4307. 고투몰 gate 15옆,202212, 413 , 438 
서초구,4310. 염곡동(염통골) 입구,202212, 71 , 73 
서초구,4312. 반포미도2차아파트 옆,202212, 266 , 270 
서초구,4313. 반포종합운동장,202212, 180 , 177 
서초구,4314. 탑성마을 버스정거장 옆,202212, 14 , 2 
서초구,4315. 이투스교육 앞,202212, 176 , 172 
서초구,4316. 고속터미널역 3번출구,202212, 314 , 248 
서초구,4317. 양재근린공원,202212, 590 , 693 
서초구,4318. 방배역 2번 출구,202212, 323 , 353 
서초구,4319. 삼성전자R&D어린이집 뒤,202212, 109 , 67 
서초구,4320. 신영체르니 아파트,202212, 216 , 215 
서초구,4322.서울추모공원 입구,202212, 4 , 2 
서초구,4323. 내곡도서관,202212, 73 , 70 
서초구,4324. 세화고등학교,202212, 69 , 70 
서초구,4327. 몽마르뜨공원입구,202212, 105 , 49 
서초구,4329. SC제일은행 양재동지점 앞,202212, 260 , 201 
서초구,4332. 이수교차로,202212, 375 , 388 
서초구,4333. 서울고등학교 건너편,202212, 110 , 104 
서초구,4334. 인재개발원 데이터센터,202212, 11 , 9 
서초구,4335. 인재개발원 배움관,202212, 53 , 14 
서초구,4336. 서울교육청 교육연수원 앞,202212, 31 , 24 
서초구,4337. 우면산등산로 입구,202212, 52 , 13 
성동구,3511. 응봉역 1번출구,202212," 1,149 "," 1,302 "
성동구,3513. 상왕십리역 1번출구,202212," 1,170 ", 633 
성동구,3514. 왕십리교회옆,202212," 1,451 "," 1,486 "
성동구,3515. 서울숲 관리사무소,202212, 370 , 361 
성동구,3525. 금호스포츠센터앞,202212, 271 , 303 
성동구,3527. 왕십리 자이아파트,202212, 13 , 15 
성동구,3530. 왕십리자이아파트 후문(삼거리),202212, 110 , 99 
성동구,3531. 논골사거리(금호도서관 입구),202212, 122 , 20 
성동구,3532. 왕십리KCC스위첸아파트,202212, 137 , 79 
성동구,3538. 서울숲 IT캐슬,202212, 11 , 11 
성동구,3544.한양대역 3번 출구,202212, 763 , 805 
성동구,3545.한양대역 1번출구,202212, 347 , 347 
성동구,3547.상왕십리역 6번 출입구,202212, 273 , 246 
성동구,3548.뚝섬역 6번출구,202212," 1,193 "," 1,207 "
성동구,3549.건영아파트 앞,202212," 1,126 "," 1,123 "
성동구,3550.금호나들목,202212, 413 , 402 
성동구,3551.성동도로사업소,202212, 169 , 207 
성동구,3552.서울숲 공영주차장앞,202212, 124 , 156 
성동구,3553.마장역3번출구,202212, 335 , 365 
성동구,3555.양지사거리(센트라스APT 115동앞),202212, 85 , 83 
성동구,3556.신금호파크자이APT앞,202212, 191 , 24 
성동구,3557.서울숲리버뷰자이APT105동 앞,202212, 299 , 296 
성동구,3558.마장동 금호어울림APT앞,202212, 404 , 333 
성동구,3559.성동구민종합체육센터 앞,202212," 1,352 "," 1,505 "
성동구,3560.성동구 견인차량 보관소 앞,202212," 1,011 "," 1,024 "
성동구,3561.행당동 삼부APT후문,202212, 109 , 86 
성동구,3600.사근빗물펌프장 건너편,202212," 1,169 "," 1,260 "
성동구,4353. 코오롱디지털타워 3차앞,202212," 1,193 "," 1,294 "
성동구,4360. 르노삼성자동차 성수사업소 앞,202212, 467 , 509 
성동구,4362. 행당중학교 후문,202212, 144 , 136 
성동구,4363. 신금호역 2번출구 앞,202212, 34 , 30 
성동구,4367. kt 행당빌딩 앞,202212, 462 , 489 
성동구,4370. 서울숲IT캐슬 앞,202212, 422 , 407 
성동구,4373. 서울숲 지식산업센터,202212," 1,059 "," 1,061 "
성동구,4377. 우영테크노센터 앞,202212," 1,163 "," 1,364 "
성동구,4381. 더스페이스타워 앞,202212, 895 , 907 
성동구,4382. 페코텍글로벌허브빌딩 앞,202212," 1,772 "," 1,796 "
성동구,4383. 푸조비즈타워 앞,202212," 1,342 "," 1,573 "
성동구,4385. 용답동 우체국 주변,202212, 555 , 568 
성동구,4386. 현대자동차 동부서비스센터 주변,202212, 614 , 645 
성동구,4387. 성수역 1번출구 주변,202212, 476 , 469 
성동구,4388. 하우스디세종타워 앞,202212, 609 , 637 
성동구,506. 금호 어울림 아파트 앞,202212, 552 , 589 
성동구,508. 성수아카데미타워 앞,202212," 1,360 "," 1,124 "
성동구,509. 이마트 버스정류소 옆,202212," 2,776 "," 2,916 "
성동구,510. 서울숲 남문 버스정류소 옆,202212, 285 , 318 
성동구,511. 서울숲역 5번 출구 옆,202212, 726 , 720 
성동구,512. 뚝섬역 1번 출구 옆,202212," 1,263 "," 1,250 "
성동구,513. 뚝섬역 5번 출구 정류소 옆,202212, 755 , 780 
성동구,514. 성수사거리 버스정류장 앞,202212," 1,457 "," 1,534 "
성동구,518. 청계천 박물관 앞,202212, 347 , 368 
성동구,519. 양지사거리,202212, 633 , 598 
성동구,520. 상왕십리역 4번 출구 앞,202212, 404 , 411 
성동구,521. 왕십리역 11번 출구 앞,202212, 818 , 834 
성동구,522. 금호역 1번출구 앞,202212, 148 , 157 
성동구,523. 옥수동성당 옆,202212, 49 , 36 
성동구,524. 래미안금호하이리버 아파트 102동 옆,202212, 135 , 121 
성동구,525. 한양대병원사거리,202212, 728 , 541 
성동구,526. 용답토속공원 앞,202212, 336 , 352 
성동구,529. 장한평역 8번 출구 앞,202212," 1,187 "," 1,026 "
성동구,530. 청계벽산아파트 앞,202212, 828 , 867 
성동구,533. 금남시장 교차로,202212, 142 , 219 
성동구,534. 금호사거리,202212, 148 , 171 
성동구,535. 응봉삼거리,202212, 207 , 154 
성동구,536. 행당역 2번출구 앞,202212, 409 , 454 
성동구,537. 한양대후문역 부근,202212, 693 , 699 
성동구,538. 답십리역 8번출구 앞,202212, 423 , 543 
성동구,550. 서울시설공단 앞,202212, 845 , 876 
성동구,556. 달맞이공원,202212, 31 , 31 
성동구,557. 도선동 주민센터 앞,202212, 754 , 819 
성동구,558. 성동광진 교육지원청 앞,202212, 711 , 676 
성동구,559. 왕십리역 4번 출구 건너편,202212," 1,074 "," 1,087 "
성동구,560. 비전교회 앞,202212," 1,343 "," 1,330 "
성동구,561. 서울숲역 2번출구 앞,202212," 1,265 "," 1,262 "
성동구,562. 군자지하보도 앞,202212, 629 , 593 
성동구,563. 성동세무서 건너편,202212," 1,236 "," 1,437 "
성동구,564. 금호역 3번출구,202212, 114 , 74 
성동구,565. 옥수역 3번출구,202212," 1,353 "," 1,491 "
성동구,567. 성수역 2번출구 앞,202212," 3,053 "," 2,798 "
성동구,568. 청계8가사거리 부근,202212," 1,355 "," 1,372 "
성동구,569. 응봉현대아파트 정류소,202212, 101 , 107 
성동구,578. 성동세무서 부근,202212," 1,087 "," 1,114 "
성동구,579. 마장역 4번출구,202212, 520 , 546 
성동구,582. 경일중학교 앞,202212," 1,160 "," 1,280 "
성동구,583. 청계천 생태교실 앞,202212, 443 , 431 
성동구,585. 성수2가1동 공영주차장 인근,202212," 2,416 "," 2,434 "
성동구,586. 마장동 주민센터,202212, 438 , 446 
성동구,587. 유니베라 앞,202212," 1,114 "," 1,331 "
성동구,589. 성수역3번출구,202212," 3,088 "," 3,121 "
성동구,594. 중랑물재생센터(서울새활용플라자),202212, 381 , 442 
성동구,9980. 에이텍,202212, 16 , 10 
성북구,1302. 한성대입구역6번출구 뒤,202212, 357 , 357 
성북구,1303. 돈암초교 입구,202212, 399 , 330 
성북구,1304. 만해공원,202212, 187 , 31 
성북구,1305. 성북구청,202212, 476 , 504 
성북구,1306. 한성대입구역2번출구,202212, 813 , 825 
성북구,1308. 안암로터리 버스정류장 앞,202212," 2,489 "," 2,768 "
성북구,1314. 정릉꿈에그린1단지 201동 앞,202212, 165 , 179 
성북구,1315. 고려사대부속중고 정문,202212, 131 , 130 
성북구,1316. 고려사대부속중고 건너편 ,202212, 109 , 73 
성북구,1318. 길음역 3번출구 뒤,202212, 695 , 696 
성북구,1319. 종암사거리 분수대,202212, 575 , 551 
성북구,1321. 국민은행 종암동지점 앞,202212," 1,076 "," 1,116 "
성북구,1322. 래미안라센트아파트 103동 앞,202212, 670 , 682 
성북구,1323. 월곡역 입구 육교 밑,202212, 199 , 195 
성북구,1325. 상월곡역 4번출구,202212, 241 , 165 
성북구,1326. 상월곡역 1번출구,202212, 418 , 351 
성북구,1327. 상월곡역 3번출구,202212, 626 , 643 
성북구,1328. 월곡역 3번출구,202212," 1,284 "," 1,324 "
성북구,1332. 석계역 5번출구 건너편,202212, 953 , 990 
성북구,1333. 석관초등학교 앞,202212, 692 , 742 
성북구,1334. 석관동주민센터 앞,202212, 550 , 539 
성북구,1336. 성북3교 위,202212, 715 , 697 
성북구,1337. 돈암성당 옆,202212, 818 , 869 
성북구,1338. 용문2교 옆,202212, 749 , 778 
성북구,1339. 삼성전자서비스 성북센터,202212, 585 , 631 
성북구,1340. 광운초등학교 앞,202212, 373 , 370 
성북구,1342. 성북쉼터 앞,202212, 70 , 28 
성북구,1343. 한성대7번출구 앞,202212, 343 , 302 
성북구,1344. 아리랑시네센터 앞,202212, 376 , 118 
성북구,1346. 길음8골어린이공원 옆,202212, 307 , 296 
성북구,1347. 길음래미안아파트817동 상가 앞,202212, 164 , 160 
성북구,1348. 성북제일새마을금고 본점 앞,202212, 240 , 252 
성북구,1349. 월계2교 버스정류장 앞,202212, 283 , 304 
성북구,1351. 안암2교 옆,202212," 1,212 "," 1,257 "
성북구,1352. e 편한세상 보문아파트 내,202212, 84 , 54 
성북구,1353. 금호어울림센터힐 내,202212, 183 , 195 
성북구,1354. 고려대학교 2번출구,202212," 1,038 "," 1,085 "
성북구,1355. 보문2교,202212, 980 , 983 
성북구,1357. 북한산보국문역,202212, 173 , 129 
성북구,1358. 정릉도서관 앞,202212, 408 , 433 
성북구,1359. 장위뉴타운 꿈에 숲 코오롱 하늘채 앞,202212, 427 , 459 
성북구,1360. 정릉역,202212, 272 , 279 
성북구,1361. 홍익중고 입구,202212, 529 , 328 
성북구,1362. 보문역6번출구 앞,202212, 676 , 769 
성북구,1363. 보문4교 인근,202212," 1,342 "," 1,409 "
성북구,1364. 성북동 치안센터 앞,202212, 450 , 413 
성북구,1365. 선잠단지 앞,202212, 147 , 99 
성북구,1366. 일신초등학교 옆,202212, 116 , 116 
성북구,1367. 길음문화복합미디어센터,202212, 222 , 253 
성북구,1368. 성신여대입구 교차로,202212, 434 , 491 
성북구,1369. 미아사거리,202212, 167 , 170 
성북구,1370. 복자사랑 피정의 집,202212, 191 , 63 
성북구,1372. KEB은행 고대점,202212, 612 , 559 
성북구,1373. 성북구보건소 건너편,202212, 406 , 424 
성북구,1375. 생명의 전화 종합복지관 앞 교차로,202212, 634 , 637 
성북구,1376. 한국과학기술연구원 중문,202212, 76 , 72 
성북구,1377. 한국과학기술연구원 북문,202212, 81 , 79 
성북구,1379.길음뉴타운푸르지오아파트 3단지,202212, 62 , 5 
성북구,1380.월곡역 5번출구 앞,202212, 660 , 717 
성북구,1381.석계역 4번출구 뒤,202212, 755 , 745 
성북구,1382.래미안월곡아파트 입구,202212, 620 , 624 
성북구,1384.성신여대입구역 5번출구,202212, 745 , 874 
성북구,1385.성신여대입구역 3번출구 앞,202212, 612 , 637 
성북구,1386.동선고가차도 초입,202212, 253 , 250 
성북구,1388. 돈암초교입구 버스정류장(한성대입구역 방면),202212, 400 , 382 
성북구,1390.석관래미안아트리치,202212, 832 , 945 
성북구,1391.성북청소년센터,202212, 322 , 326 
성북구,1392.돈암삼성풍림아파트,202212, 126 , 23 
성북구,1393.돈암육교 하단,202212, 169 , 34 
성북구,1394.길음뉴타운 래미안9단지,202212, 437 , 442 
성북구,1395.래미안장위포레카운티(102동),202212, 310 , 327 
성북구,1396.래미안장위퍼스트하이(513동),202212, 642 , 669 
성북구,4406. 장곡초등학교 앞,202212, 320 , 290 
성북구,4408. 돌곶이역 앞,202212, 962 ," 1,073 "
성북구,4411. 동산어린이공원 앞,202212, 427 , 461 
성북구,4414. 안암역 3번 출구,202212, 419 , 406 
성북구,4415. 미아초교버스승강장,202212, 35 , 36 
성북구,4417. 성북청소년문화의집,202212, 53 , 25 
성북구,4418. 종암동 동덕여대 제2생활관 앞,202212, 926 , 988 
성북구,4419. 성북구 한예종 캠퍼스 본관,202212, 380 , 313 
성북구,4420. 성북구 한예종 캠퍼스 별관,202212, 403 , 502 
성북구,4421. 롯데캐슬클라시아 입구 앞,202212, 138 , 160 
송파구,1201. 가락시장역 3번 출구,202212," 1,247 "," 1,386 "
송파구,1203. 밀리아나2빌딩 앞,202212," 1,132 "," 1,227 "
송파구,1204. 거여역 3번출구,202212, 895 , 898 
송파구,1205. 종합운동장역 4번출구,202212, 599 , 448 
송파구,1206. 9호선종합운동장역 9번출구,202212, 743 , 792 
송파구,1207. 마천중앙시장,202212, 380 , 375 
송파구,1208. 풍납현대아파트쉼터,202212," 1,395 "," 1,433 "
송파구,1209. 잠실나루역 (2번 출구 쪽),202212," 1,769 "," 1,772 "
송파구,1210. 롯데월드타워(잠실역2번출구 쪽),202212," 4,918 "," 4,846 "
송파구,1211. 방이삼거리,202212," 1,876 "," 2,186 "
송파구,1212. 송파역 2번 출구앞,202212, 888 , 924 
송파구,1213. 백토공원 앞,202212, 192 , 198 
송파구,1214. 오금역 7번 출구 인근,202212, 542 , 525 
송파구,1215. 올림픽공원역 1번출구 앞,202212," 1,122 "," 1,127 "
송파구,1217. 송파파인타운 7단지,202212, 392 , 393 
송파구,1218. 방이역 4번출구,202212," 1,443 "," 1,437 "
송파구,1220. 잠실근린공원,202212," 1,232 "," 1,355 "
송파구,1221. 삼전역 4번출구,202212, 935 , 942 
송파구,1222. 잠실새내역 5번 출구 뒤,202212," 1,749 "," 1,833 "
송파구,1224. 아시아지하보도 2번 출구,202212, 653 , 657 
송파구,1226. 잠실4동 주민센터 옆,202212," 1,221 "," 1,213 "
송파구,1227. 거여역 8번출구 뒤,202212, 865 , 865 
송파구,1228. 마천사거리 ,202212, 591 , 609 
송파구,1229. 송파체육문화회관 앞,202212, 734 , 730 
송파구,1230. 송파중학교 정문,202212, 299 , 263 
송파구,1231. 잠실역 6번출구,202212," 1,186 "," 1,185 "
송파구,1232. 잠실주공 521동 건너편,202212," 1,628 "," 1,620 "
송파구,1233. 잠실3거리(갤러리아팰리스),202212, 710 , 648 
송파구,1235. 잠실트리지움310동 옆,202212," 1,109 "," 1,113 "
송파구,1239. 문정 법조단지3,202212, 337 , 346 
송파구,1240. 문정 법조단지4,202212, 383 , 340 
송파구,1241. 문정 법조단지5,202212, 177 , 145 
송파구,1242. 문정 법조단지6,202212, 45 , 39 
송파구,1243. 문정 법조단지7,202212," 1,304 "," 1,377 "
송파구,1244. 문정 법조단지8,202212," 1,227 "," 1,189 "
송파구,1245. 문정 법조단지9,202212, 917 , 899 
송파구,1246. 문정 법조단지10,202212, 979 , 978 
송파구,1247. 문정 법조단지11,202212, 571 , 509 
송파구,1248. 방이초등학교,202212," 1,423 "," 1,205 "
송파구,1249. 아주중학교건너편,202212, 870 , 928 
송파구,1250.문정2동 주민센터,202212, 89 , 96 
송파구,1251. 석촌역 2번출구,202212," 1,738 "," 1,757 "
송파구,1253. 오금역 3번 출구 뒤,202212, 408 , 414 
송파구,1256. 문정현대아파트 교차로,202212, 389 , 375 
송파구,1257. 가락시장역 사거리,202212, 903 , 887 
송파구,1258. 가락미륭아파트 앞,202212, 182 , 155 
송파구,1259. 방이역 1번출구,202212, 889 , 867 
송파구,1260. 방이동 한양3차아파트 옆,202212, 724 , 726 
송파구,1262. 송파여성문화회관 앞,202212," 1,446 "," 1,424 "
송파구,1263. 장지공영차고지,202212, 198 , 195 
송파구,1264. 천호역 10번 출구 앞,202212," 2,026 "," 2,037 "
송파구,1265. 문정동 근린공원,202212, 730 , 736 
송파구,1266. 문정동 글샘 공원,202212, 395 , 307 
송파구,1267. 올림픽공원 남2문 앞,202212, 595 , 602 
송파구,1268. 몽촌토성역 1번출구 옆,202212, 588 , 577 
송파구,1269. 리센츠아파트 ,202212, 816 , 718 
송파구,1271. 송파도서관,202212, 407 , 409 
송파구,1274. 영파여고 앞,202212, 998 , 996 
송파구,1275. 거여초등학교 옆,202212, 324 , 326 
송파구,1277. 성내6교,202212, 560 , 578 
송파구,1278. 송파구청 교차로,202212," 1,006 "," 1,009 "
송파구,1279. 마천금호어울림 1차아파트 건너편,202212, 152 , 152 
송파구,1280. 송파파크데일 2단지입구 앞 주차장,202212, 270 , 271 
송파구,1282. 송파소방서 맞은편(성내4교),202212, 923 , 925 
송파구,1283. 오금공원 사거리,202212, 63 , 65 
송파구,1285. 위례별 유치원 뒤,202212, 244 , 229 
송파구,1286. 위례중앙푸르지오 1단지 앞,202212, 529 , 540 
송파구,1287. 위례아이파크 101동 맞은편,202212, 271 , 269 
송파구,1288. 문정중교 사거리,202212, 497 , 454 
송파구,1289. 풍납토성 서성벽터B,202212, 327 , 332 
송파구,1290. 위례송파꿈에그린아파트24단지 앞 성벽 다리 밑,202212, 164 , 170 
송파구,1291. 서울체육고등학교 앞,202212, 670 , 683 
송파구,1293. 석촌호수 서호 사거리,202212," 1,825 "," 1,913 "
송파구,1295. 잠실역 8번출구,202212," 2,114 "," 2,071 "
송파구,1296. 석촌호수교차로 (송파나루근린공원 앞),202212, 419 , 434 
송파구,1297. 석촌호수교차로(동호 팔각정 앞),202212," 1,774 "," 1,858 "
송파구,1299. 송파소방서 (방이119안전센터),202212, 359 , 325 
송파구,1300. 오륜사거리,202212, 364 , 365 
송파구,2601. 석촌호수 아뜰리에,202212," 1,253 "," 1,342 "
송파구,2603. 송파 글마루 도서관,202212, 454 , 415 
송파구,2604. 풍납토성 서성벽터A,202212, 636 , 687 
송파구,2605. 복정역 1번 출구 앞,202212, 710 , 727 
송파구,2606. 위례동주민센터 맞은편 근린공원,202212," 1,127 "," 1,132 "
송파구,2608. 송파구청,202212," 3,613 "," 3,769 "
송파구,2609. 보성중고등학교 후문 앞,202212, 131 , 119 
송파구,2611. 송파지역자활센터 뒤,202212," 1,820 "," 1,816 "
송파구,2612. 문정·가락 대여소 앞,202212, 16 , 21 
송파구,2613. 잠실나들목,202212, 647 , 595 
송파구,2614. 가락고등학교 앞,202212, 231 , 200 
송파구,2615. 테라타워2,202212," 1,342 "," 1,376 "
송파구,2616. 거여동 사거리,202212, 244 , 246 
송파구,2617. 가락삼환아파트 앞,202212, 279 , 219 
송파구,2618. 삼전역 1번출구,202212, 892 , 893 
송파구,2619. 석촌고분역 4번출구,202212," 1,141 "," 1,146 "
송파구,2620. 송파나루역 4번 출구옆,202212," 2,498 "," 2,925 "
송파구,2621. 한성백제역 2번 출구,202212," 1,170 "," 1,165 "
송파구,2622. 올림픽공원역 3번출구,202212," 2,400 "," 2,399 "
송파구,2623.석촌동 주민센터,202212," 1,646 "," 1,634 "
송파구,2625.가락종합 사회복지관,202212, 297 , 222 
송파구,"2626.경찰병원역 1,2번 출구 사이",202212, 450 , 454 
송파구,2627.문정시영아파트 5동 앞 공원,202212, 378 , 232 
송파구,2628.문정역 1번출구,202212," 1,452 "," 1,462 "
송파구,2630.서울방이동 고분군,202212," 1,135 "," 1,084 "
송파구,2631.배명고등학교,202212, 401 , 432 
송파구,2632.석촌고분역 2번 출구,202212," 1,492 "," 1,509 "
송파구,2633.송파학사 옆,202212, 472 , 435 
송파구,2634.위례포레샤인아파트 2318동,202212, 345 , 344 
송파구,2635.잠실새내역 1번출구,202212," 1,471 "," 1,308 "
송파구,2637. 아시아지하보도 14번 출구,202212," 1,035 "," 1,103 "
송파구,2639.석촌역 8번출구,202212," 2,135 "," 2,062 "
송파구,2641.송파역 4번출구,202212," 1,574 "," 1,715 "
송파구,2642.마천동 성내천 쉼터,202212, 412 , 414 
송파구,2643.풍납중학교 측면,202212, 261 , 170 
송파구,2644. 성내5교,202212, 583 , 609 
송파구,2645.잠실나들목2(엘스아파트136동),202212, 281 , 268 
송파구,2646.레이크펠리스101동앞,202212," 1,735 "," 1,780 "
송파구,2647.잠실 자전거 수리센터 앞,202212," 2,040 "," 2,073 "
송파구,2648.헬리오시티 112동 앞,202212, 669 , 645 
송파구,2649.오금공원사거리2,202212, 127 , 125 
송파구,2650.위례22단지 2208동 다리앞,202212, 289 , 283 
송파구,2651.경찰병원역 3번출구 앞,202212, 659 , 648 
송파구,2652.송파 레미니스1단지 102동 앞,202212, 575 , 519 
송파구,2653.올림픽공원사거리(선수촌아파트),202212, 744 , 752 
송파구,2654.올림픽선수촌아파트 136동 앞,202212, 299 , 256 
송파구,2655.송이공원,202212, 371 , 284 
송파구,2656.풍납동 아이파크 107동 앞,202212, 690 , 684 
송파구,2657.송파 파인타운 11단지 ,202212, 416 , 416 
송파구,2658.가락몰 업무동,202212, 891 , 964 
송파구,2659.서울친환경유통센터,202212, 147 , 146 
송파구,4452. 삼성SDS,202212," 1,510 "," 1,505 "
송파구,4453. 위례중앙푸르지오 201동 앞,202212, 810 , 823 
송파구,4454. 위례 포레샤인 1809동 부근,202212, 190 , 79 
송파구,4456. 위례포레샤인 2310동 부근,202212, 400 , 376 
송파구,4457. 아산병원 기숙사 부근,202212," 2,073 "," 2,081 "
송파구,4458. 가락2동주민센터 인근,202212, 353 , 340 
송파구,4460. 올림픽훼미리아파트 112동 앞,202212, 637 , 645 
송파구,4461. 한양3차아파트 3동 앞,202212, 98 , 98 
송파구,4462. 가락중학교 앞,202212, 452 , 436 
송파구,4463. 방이역 2번 출구,202212, 338 , 331 
송파구,4464. 올림픽공원 북2문,202212, 745 , 815 
송파구,4465. 건영아파트앞 사거리,202212, 989 , 970 
송파구,4467. 한림연예예술고등학교,202212, 466 , 451 
송파구,4468. 가락1동주민센터 ,202212, 669 , 526 
송파구,4469. 거여동 어울림아파트  102동앞,202212, 364 , 361 
송파구,4472. 송파파크데일 1단지 115동 건너편,202212, 249 , 176 
송파구,4473. 마천금호어울림 1차 102동앞,202212, 115 , 111 
송파구,4474. 가락현대 1차 11동 앞,202212, 224 , 183 
송파구,4475. 송파파인타운 4단지 403동,202212, 320 , 309 
송파구,4478. 문정근린공원2,202212, 705 , 689 
송파구,4479. 문정중학교,202212, 126 , 110 
송파구,4480. 가락시장 남1문 사거리,202212, 381 , 381 
송파구,4481. 올림픽공원 북2문 2,202212," 1,458 "," 1,559 "
송파구,4483. 잠실나들목4,202212, 435 , 415 
송파구,4484. 잠실나루역4번출구뒤,202212, 876 , 875 
송파구,4485. 잠실나루역 고가하부,202212, 339 , 318 
송파구,4486. 홈플러스 잠실점,202212, 985 , 984 
송파구,4488. 문현중.고등학교 사이,202212, 147 , 127 
송파구,4490. 송파파인타운 10단지 1005동,202212, 202 , 187 
송파구,4491. 장지역 1번출구,202212, 826 , 818 
송파구,4493. 마천사거리 2,202212, 317 , 315 
송파구,4496. 잠실 파크리오 120동 앞,202212, 831 , 797 
송파구,4497. 아시아선수촌아파트 교차로,202212, 420 , 437 
송파구,4499. 세양청마루 101동 앞,202212, 238 , 190 
송파구,4852. 서울복합물류 게이트 1,202212," 1,110 "," 1,073 "
송파구,4853. 송파 안전체험교육관,202212, 25 , 25 
송파구,4854. 가락시장역 2번 출구,202212, 857 , 866 
송파구,4855. 거여5단지 503동 앞,202212, 401 , 400 
송파구,4856. 올림픽공원 서1문 앞,202212, 399 , 382 
송파구,4857. 올림픽공원 장미광장,202212, 296 , 245 
송파구,4859. 잠실나루 나들목,202212, 662 , 654 
송파구,4860. 가락쌍용2차아파트 103동,202212, 437 , 433 
송파구,4862. 성내교 남단,202212, 190 , 151 
송파구,4863. 잠실나들목5,202212, 169 , 190 
송파구,4864. 송파사거리,202212," 1,503 "," 1,499 "
송파구,4865. 한성백제역 1번출구 뒤,202212," 1,739 "," 1,711 "
송파구,4867. 가락대림아파트 앞,202212, 505 , 488 
송파구,4868. 석촌호수 서호 남단,202212," 1,986 "," 2,006 "
송파구,4869. 잠실나들목6,202212, 141 , 174 
송파구,4870. 몽촌토성역 3번 출구,202212," 2,391 "," 2,405 "
송파구,4871. 오금동 대림아파트 정문,202212, 368 , 360 
송파구,4872. 개롱역 3번 출구 뒤,202212, 545 , 547 
송파구,4873. 개롱역사거리 2번 출구,202212, 520 , 529 
송파구,4874. 탄천1교 하부보도,202212, 334 , 356 
송파구,4875. 위례포레샤인13단지,202212, 456 , 449 
송파구,4876. 삼전동주민센터 앞,202212, 741 , 772 
송파구,4879. 마천청소년센터,202212, 125 , 127 
송파구,4880. 송파청소년센터,202212, 390 , 371 
송파구,4881. 거여동사거리 송파둘레길 입구,202212, 171 , 171 
송파구,4882. 위례포레샤인18단지 1802동,202212, 132 , 102 
송파구,4883. 위례포레샤인18단지 1812동,202212, 150 , 76 
송파구,4884. H비즈니스파크,202212, 711 , 832 
송파구,4885. 가든파이브 리빙관,202212, 202 , 157 
송파구,4886. 배명고등학교 건너편,202212, 540 , 558 
송파구,4887. 호돌이상가,202212, 447 , 491 
송파구,4888. 둔촌오륜역 2번출구,202212, 151 , 159 
송파구,4889. 마천역 1번 출구 인근②,202212, 220 , 224 
송파구,4891. 위례포레샤인17단지 위례대로 방면,202212, 452 , 421 
송파구,4892. 성내유수지 체육공원,202212, 182 , 164 
송파구,4893. 문정법조단지12,202212," 1,455 "," 1,794 "
송파구,4895. 위례포레샤인15단지 상가,202212, 511 , 506 
송파구,4896. 위례포레샤인15단지,202212, 162 , 149 
송파구,4897. 잠실주공5단지1,202212," 1,451 "," 1,391 "
송파구,5751. 송파여성축구장,202212, 192 , 159 
송파구,5752. 풍납백제문화공원 옆 인근,202212," 1,446 "," 1,505 "
송파구,5753. 호반써밋,202212, 536 , 494 
송파구,5756. 극동아파트,202212, 449 , 451 
송파구,5758. 올림픽선수기자촌아파트 123동 근처,202212, 165 , 154 
송파구,5759. 풍납근린공원,202212, 506 , 502 
송파구,5760. 풍납사거리 성내유수지,202212, 553 , 525 
송파구,5761. 버섯분수대,202212, 398 , 394 
송파구,5763. 세륜초등학교 건너편,202212, 46 , 47 
송파구,5764. 한국체육대학교,202212, 272 , 274 
송파구,5765. 삼전동주민센터 건너편,202212, 618 , 602 
송파구,5766. 북위례1,202212, 34 , 20 
송파구,5767. 북위례2,202212, 3 , 3 
양천구,4507. 신정제일시장,202212, 573 , 559 
양천구,4508. 유원목동아파트 103동 앞,202212," 2,098 "," 2,185 "
양천구,4509. 서울영상고교 입구,202212," 1,976 "," 1,968 "
양천구,4510. 신정네거리역 교차로,202212, 700 , 703 
양천구,4512. 목동13_14단지 사거리,202212, 609 , 544 
양천구,4514. 목동성당 앞,202212," 1,510 "," 1,466 "
양천구,4515. 동문굿모닝탑,202212," 1,722 "," 1,816 "
양천구,4516. 신진빌라,202212, 381 , 385 
양천구,4517. 성보하이드로빌딩,202212, 538 , 565 
양천구,4518. 청기와빌딩,202212, 493 , 495 
양천구,4519. 양원보도육교,202212, 314 , 315 
양천구,4520. 대성유니드아파트,202212, 440 , 611 
양천구,4522. 신곡시장,202212, 722 ," 1,015 "
양천구,4523. 구립양천어르신요양센터,202212, 34 , 20 
양천구,4526. 목동아파트2단지 222동 앞,202212, 801 , 789 
양천구,4527. 목동신시가지아파트6단지,202212," 1,046 "," 1,079 "
양천구,4528. 양천구청역 1번출구,202212, 696 , 683 
양천구,4530. 방아다리어린이공원,202212, 369 , 323 
양천구,4531. 목동아파트 613동 앞,202212," 1,636 "," 1,671 "
양천구,4532. 목동현대아파트 후문 앞,202212," 1,025 ", 991 
양천구,4535. 목동12단지 아파트,202212," 1,295 "," 1,284 "
양천구,4536. 양천해누리체육공원,202212, 797 ," 1,129 "
양천구,4537. 서울남부지방검찰청 후문 ,202212, 877 , 865 
양천구,4538. 양천공영차고지,202212, 119 , 101 
양천구,4539. 목동7단지아파트 A상가,202212, 363 , 396 
양천구,4540. 목동역 3번 출구,202212," 2,406 "," 2,483 "
양천구,4541. 갈산문화예술센터,202212, 817 , 816 
양천구,4542. 월정초 사거리,202212, 308 , 337 
양천구,4543. 오목교역 6번 출구,202212, 999 ," 1,069 "
양천구,700. KB국민은행 염창역 지점 앞,202212, 788 , 777 
양천구,701. 목동사거리 부근,202212," 1,274 "," 1,309 "
양천구,702. 목4동주민센터 옆,202212," 1,299 "," 1,283 "
양천구,703. 오목교역 7번출구 앞,202212," 2,515 "," 2,583 "
양천구,704. 남부법원검찰청 교차로,202212," 1,469 "," 1,476 "
양천구,706. 신정네거리역,202212, 521 , 488 
양천구,708. 서울출입국관리사무소 앞,202212," 2,525 "," 2,537 "
양천구,709. 신정3동 현장민원실 앞,202212, 603 , 523 
양천구,710. 금옥여고보도육교,202212, 374 , 374 
양천구,711. 신일해피트리아파트 앞,202212, 878 , 107 
양천구,712. 강월초교입구 사거리,202212, 346 , 523 
양천구,713. 양서중학교 옆,202212, 391 , 324 
양천구,714. 한국SGI 양천문화회관 앞,202212, 366 , 324 
양천구,716.신정6동 주민센터 인근,202212," 1,136 "," 1,118 "
양천구,719. 홍익병원앞 교차로,202212," 1,349 "," 1,349 "
양천구,720. 서울강월초등학교 앞,202212, 477 , 250 
양천구,722. 경서농협 버스정류장(우리은행신정동지점방향),202212, 887 , 897 
양천구,723. SBS방송국,202212," 1,487 "," 1,568 "
양천구,724. 계남공원 입구 주출입구 좌측,202212, 183 , 125 
양천구,725. 양강중학교앞 교차로,202212, 348 , 166 
양천구,726. 목동3단지 시내버스정류장,202212," 1,913 "," 1,920 "
양천구,729. 서부식자재마트 건너편,202212," 1,137 "," 1,120 "
양천구,731. 서울시 도로환경관리센터,202212," 1,144 "," 1,208 "
양천구,732. 신월중학교,202212, 663 , 644 
양천구,733. 신정이펜하우스314동,202212, 410 , 177 
양천구,734. 신트리공원 입구,202212," 1,566 "," 1,576 "
양천구,735. 영도초등학교,202212," 1,530 "," 1,550 "
양천구,736. 오솔길공원,202212, 660 , 775 
양천구,737. 장수공원,202212, 483 , 480 
양천구,739. 신월사거리,202212, 827 , 870 
양천구,740. 으뜸공원,202212, 568 , 586 
양천구,741. 화곡로 입구 교차로,202212, 267 , 241 
양천구,742. 등촌역 5번 출구 뒤,202212, 531 , 532 
양천구,743. 현대6차아파트 101동 옆,202212, 503 , 568 
양천구,744. 신목동역 2번 출구,202212," 1,715 "," 1,912 "
양천구,745. 강서초등학교,202212, 399 , 466 
양천구,746. 목동2단지 상가,202212," 1,987 "," 2,064 "
양천구,747. 목동3단지 상가,202212," 1,275 "," 1,271 "
양천구,748. 목동운동장,202212, 445 , 506 
양천구,749. 이대목동병원보도육교,202212, 699 , 752 
양천구,750. 연의근린공원 건너편,202212, 439 , 585 
양천구,752. 성원2차 아파트,202212, 543 , 482 
양천구,754. 목동1단지아파트 118동 앞,202212," 1,294 "," 1,290 "
양천구,755. 목동1단지아파트 상가 앞,202212," 1,660 "," 1,669 "
양천구,756. 목동주차장,202212, 857 , 968 
양천구,757. 신정이펜하우스 1단지아파트 입구 사거리,202212, 373 , 254 
양천구,758. 한사랑교회 앞,202212, 643 , 633 
양천구,759. 보아스아파트 앞,202212, 485 , 576 
양천구,760. 잣절보도육교 아래,202212, 338 , 282 
양천구,762. 오목로 무중력지대 앞,202212, 244 , 240 
양천구,763. 목동11단지 아파트,202212, 786 , 733 
양천구,764. 목동청소년수련관,202212," 2,123 "," 2,004 "
양천구,765. 오목교역 3번출구,202212," 3,196 "," 3,254 "
양천구,766. 신목동역 3번출구,202212, 417 , 399 
양천구,767.신정숲속마을아파트,202212, 349 , 203 
양천구,768.목동5단지아파트 501동,202212," 1,109 "," 1,112 "
양천구,769.CBS방송국 앞,202212," 2,683 "," 3,065 "
양천구,770.목동역5번출구 교통정보센터 앞,202212," 3,450 "," 3,521 "
양천구,771.목동아파트 703동 앞,202212," 1,352 "," 1,355 "
양천구,"773.염창역 3, 4번 출구 사이",202212, 638 , 629 
양천구,774.등촌역 4번 출구 ,202212, 435 , 434 
양천구,775.세종그랑시아 앞(102동),202212, 684 , 446 
양천구,776.목마공원,202212, 323 , 262 
양천구,777.신월6차보람아파트 앞,202212, 862 , 940 
양천구,779. 신정1동 주민센터 앞,202212," 1,906 "," 1,995 "
양천구,780.신정교 하부,202212," 1,016 "," 1,118 "
양천구,781.신정보도육교 아래,202212," 2,279 "," 2,228 "
양천구,782.서남병원 후문,202212, 511 , 253 
양천구,"785.양천구청, 보건소 사잇길",202212," 3,282 "," 3,456 "
양천구,786.목동아파트 8단지 상가동 앞,202212," 1,496 "," 1,481 "
양천구,787.양천아파트 입구,202212," 2,044 "," 2,043 "
양천구,788.양천구청역 2번출구 옆,202212," 1,843 "," 1,853 "
양천구,791.현대하이페리온,202212," 1,483 "," 1,518 "
양천구,792.목동트라팰리스 웨스턴에비뉴,202212," 3,148 "," 3,094 "
양천구,793.목동5단지아파트 534동,202212," 1,256 "," 1,214 "
양천구,794.양천문화회관,202212," 1,268 "," 1,261 "
양천구,795.양천 해누리타운,202212," 1,736 "," 1,747 "
양천구,796.목동아파트 14단지 B상가 앞,202212," 1,105 "," 1,080 "
양천구,797.목동아파트 1422동 1434동 사잇길,202212," 2,089 "," 2,089 "
영등포구,200. 국회의원회관,202212, 73 , 64 
영등포구,201. 진미파라곤 앞,202212, 689 , 683 
영등포구,202. 국민일보 앞,202212," 2,005 "," 2,023 "
영등포구,203. 국회의사당역 3번출구 옆,202212," 1,225 "," 1,224 "
영등포구,204. 국회의사당역 5번출구 옆,202212, 658 , 638 
영등포구,205. 산업은행 앞,202212, 828 , 845 
영등포구,206. KBS 앞,202212," 1,048 "," 1,016 "
영등포구,207. 여의나루역 1번출구 앞,202212," 2,180 "," 1,852 "
영등포구,209. 유진투자증권빌딩 앞,202212," 1,152 "," 1,285 "
영등포구,213. KT앞,202212," 1,381 "," 1,050 "
영등포구,214. 금융감독원 앞,202212, 930 , 898 
영등포구,215. 여의도고교 앞,202212, 530 , 527 
영등포구,217. NH농협은행 앞,202212," 1,464 "," 1,658 "
영등포구,219. 롯데캐슬엠파이어 옆,202212," 1,360 "," 1,333 "
영등포구,220. 미성아파트 A동 앞,202212, 732 , 714 
영등포구,221. 여의도초교 앞,202212, 583 , 582 
영등포구,222. 시범아파트버스정류장 옆,202212," 1,520 "," 1,732 "
영등포구,223. 진주아파트상가 앞,202212, 596 , 572 
영등포구,224. 롯데캐슬 앞,202212," 1,181 "," 1,227 "
영등포구,225. 앙카라공원 앞,202212," 1,098 ", 905 
영등포구,226. 샛강역 1번출구 앞,202212," 1,186 ", 962 
영등포구,227. 양평2나들목 보행통로 입구,202212, 645 , 746 
영등포구,228. 선유도역 3번출구 앞,202212," 1,544 "," 1,539 "
영등포구,229. 양평1 보행육교 앞,202212," 1,202 "," 1,207 "
영등포구,230. 영등포구청역 1번출구,202212," 4,273 "," 4,250 "
영등포구,231. 남부고용노동지청 남측,202212," 1,233 "," 1,268 "
영등포구,232. 양평우림 이비즈센타 앞,202212," 1,426 "," 1,409 "
영등포구,233. 양평1동 YP센터 앞,202212, 389 , 449 
영등포구,234. 영등포구민체육센터 앞,202212," 1,161 "," 1,174 "
영등포구,235. 신길동 우리은행 옆,202212, 613 , 582 
영등포구,236. 문래동자이아파트 앞,202212," 1,568 "," 1,642 "
영등포구,238. 제2구민체육센타 앞,202212," 1,717 "," 1,696 "
영등포구,239. 유스호스텔 앞,202212, 785 , 809 
영등포구,240. 문래역 4번출구 앞,202212," 2,381 "," 2,334 "
영등포구,241. 신길우성1차아파트 앞 공원,202212, 550 , 526 
영등포구,242. 신길선원가와인아파트 앞,202212, 743 , 425 
영등포구,243. 이앤씨드림타워 앞,202212," 2,050 "," 2,107 "
영등포구,244. 영등포삼환아파트 앞,202212," 1,120 "," 1,004 "
영등포구,245. 삼성생명 당산사옥 앞,202212," 1,860 "," 1,846 "
영등포구,247. 당산역 10번출구 앞,202212," 3,621 "," 3,686 "
영등포구,248. 초원아파트 앞,202212, 400 , 391 
영등포구,249. 여의도중학교 옆,202212, 379 , 390 
영등포구,250. 대림아파트 사거리,202212, 374 , 347 
영등포구,251. 서울지방병무청 버스정류장,202212, 477 , 357 
영등포구,252. 보라매역4번출구,202212," 1,067 "," 1,173 "
영등포구,254. 도림신협 앞,202212, 961 , 958 
영등포구,255. 도림사거리,202212," 1,039 "," 1,047 "
영등포구,256. 동아에코빌입구,202212, 656 , 663 
영등포구,258. 신길역3번출구,202212," 1,128 "," 1,160 "
영등포구,259. 대방역6번출구,202212," 1,780 "," 1,753 "
영등포구,260. 여의도 마리나선착장 앞,202212, 176 , 191 
영등포구,262. 영문초등학교 사거리,202212," 2,611 "," 2,641 "
영등포구,263. 근로자회관 사거리,202212," 2,142 "," 2,204 "
영등포구,264. 교보생명보험 앞,202212, 860 , 792 
영등포구,265. 영등포유통상가 사거리,202212," 1,027 ", 974 
영등포구,266. 영등포청과시장 사거리,202212, 941 , 858 
영등포구,267. 삼성화재 사옥 옆,202212, 831 , 823 
영등포구,268. 그랜드컨벤션센터 앞,202212," 1,642 "," 1,707 "
영등포구,270. 증권거래소후문교차로,202212, 915 , 936 
영등포구,271. 샛강생태공원방문자센터 앞,202212, 235 , 159 
영등포구,272. 당산육갑문,202212," 1,527 "," 1,479 "
영등포구,275. 신동아아파트,202212," 1,652 "," 1,609 "
영등포구,276. 영등포로터리2,202212," 1,405 "," 1,368 "
영등포구,278. 쌍용플레티넘오피스텔,202212," 1,174 "," 1,116 "
영등포구,279. 영등포 푸르지오 아파트,202212, 853 , 809 
영등포구,280. 양평동6차현대아파트 앞,202212," 1,668 "," 1,641 "
영등포구,281. 신동아아파트 앞,202212, 594 , 589 
영등포구,282. 신한은행 대림동지점,202212, 345 , 335 
영등포구,283. 아크로타워 스퀘어(영등포시장),202212," 1,894 "," 1,854 "
영등포구,284. 센트럴 푸르지오 시티 앞,202212," 1,164 "," 1,110 "
영등포구,285. 대림3동사거리(하나은행),202212, 464 , 515 
영등포구,286. 우성아파트 교차로,202212, 625 , 677 
영등포구,287. 영등포전화국사거리 (서강어린이공원),202212," 1,275 "," 1,303 "
영등포구,288. 쌍용예가(구청별관),202212, 808 , 827 
영등포구,289. 대림3동사거리,202212, 769 , 828 
영등포구,290. 당산동 SK V1 빌딩,202212," 1,326 "," 1,348 "
영등포구,291. 문래동 하이테크 시티,202212," 1,896 "," 1,895 "
영등포구,292. 영일 어린이공원,202212, 792 , 788 
영등포구,293. 충북 미래관,202212," 1,964 "," 1,743 "
영등포구,295.영등포공원 분수대 앞,202212, 144 , 140 
영등포구,296.KT플라자 영등포점,202212," 1,137 "," 1,158 "
영등포구,297.국회3문,202212, 81 , 79 
영등포구,298.KBS 연구동 건너편,202212, 366 , 300 
영등포구,299.여의도 순복음교회,202212, 68 , 72 
영등포구,3201.당산skv1센터,202212, 922 , 951 
영등포구,3202.당산롯데캐슬프레스티지,202212," 1,460 "," 1,427 "
영등포구,3203.도림동배드민턴체육관,202212, 592 , 581 
영등포구,3204.도림고가도로 밑,202212, 515 , 498 
영등포구,3205.문래현대2차,202212, 906 , 851 
영등포구,3206.문래동 주민센터,202212, 775 , 788 
영등포구,3207.양남사거리1,202212, 489 , 508 
영등포구,3211.신길 래미안 프레비뉴,202212, 470 , 466 
영등포구,3212.신풍역 6번출구,202212," 1,040 "," 1,041 "
영등포구,3214.영등포 푸르지오,202212, 689 , 636 
영등포구,3215.강변삼성래미안,202212, 700 , 610 
영등포구,3219.영등포역 1번출구,202212," 2,024 "," 2,126 "
영등포구,3220.래미안에스티움 앞 (신풍로),202212, 724 , 714 
영등포구,3221.서울특별시 남부교육지원청,202212, 366 , 323 
영등포구,4552. 코레일유통본사,202212, 859 , 894 
영등포구,4553. 당산삼성2차아파트,202212," 1,563 "," 1,515 "
영등포구,4555. 대림우성2차아파트,202212, 384 , 403 
영등포구,4556. 리버뷰신안인스빌1차 후문,202212, 922 , 936 
영등포구,4557. 리버뷰신안인스빌2차 후문,202212, 769 , 664 
영등포구,4558. 대영중고 후문,202212, 148 , 182 
영등포구,4559. 신길역 2번출구,202212, 855 , 705 
영등포구,4560. 양평동성원아파트,202212," 1,113 "," 1,148 "
영등포구,4561. 양평역 1번출구,202212," 2,027 "," 1,916 "
영등포구,4563. 여의도 은하아파트,202212, 385 , 397 
영등포구,4564. 63스퀘어,202212," 1,069 "," 1,062 "
영등포구,4565. 영등포 신세계백화점,202212," 2,798 "," 2,856 "
영등포구,4566. 대림성원상떼빌아파트,202212, 946 , 973 
영등포구,4567. 한림대학교 강남성심병원 신관,202212, 790 , 818 
영등포구,4568. 영등포로터리,202212," 1,052 "," 1,039 "
영등포구,4569. 힐스테이트클래시안아파트,202212, 586 , 578 
영등포구,4571. 문래동롯데캐슬아파트,202212," 2,656 "," 2,621 "
영등포구,4573. 두산위브아파트,202212, 363 , 330 
영등포구,4574. 영등포시장역 포레나영등포,202212," 1,996 "," 1,988 "
영등포구,4575. 대림동 e편한세상영등포아델포레,202212," 1,197 "," 1,209 "
영등포구,4576.보라매sk뷰 108동 앞,202212, 504 , 497 
영등포구,4578.보라매sk뷰,202212, 263 , 233 
영등포구,4579. 국회의사당 본관,202212, 273 , 235 
영등포구,4580. 국회3문,202212, 220 , 254 
영등포구,4581. 국회소통관,202212, 181 , 182 
영등포구,4582. 국회도서관,202212, 218 , 192 
영등포구,4583. 의정관,202212, 95 , 83 
영등포구,4584. 국회2문,202212, 94 , 77 
영등포구,4585. 국회6문,202212, 88 , 88 
영등포구,4588.양남사거리2,202212, 528 , 546 
영등포구,4589. KRX한국거래소(1),202212, 475 , 455 
영등포구,4591. 신길자이아파트,202212, 429 , 102 
영등포구,4592. 신길우성4차아파트,202212, 973 ," 1,117 "
영등포구,4594. 양평교 영등포대여소,202212," 1,010 "," 1,017 "
영등포구,4598. 오목교 동측 지하보도,202212, 806 , 791 
영등포구,4599. 대림우성아파트 사거리,202212, 330 , 352 
영등포구,4600. 영등포구 총괄 우체국,202212, 897 , 870 
영등포구,4601.양평역2번출구 뒤,202212, 477 , 412 
영등포구,5851. 도림천 건널목 위,202212, 679 , 589 
영등포구,5852. 대림동현대2차 201동 앞,202212, 156 , 137 
영등포구,5853. 여의도역2번출구 앞,202212, 669 , 637 
영등포구,5854. 신한금융투자 앞,202212," 1,900 "," 1,963 "
영등포구,5855. 하이투자증권 앞,202212, 673 , 679 
영등포구,5857. U레지던스 앞,202212, 757 , 812 
영등포구,5858. 영등포역5번출구,202212," 2,237 "," 2,534 "
영등포구,5859. 여의도 삼부아파트,202212, 638 , 678 
영등포구,5860. 어울림병원 앞,202212, 447 , 441 
영등포구,5861. 보라주유소 앞,202212, 258 , 270 
영등포구,5862. 당산역11번출구,202212, 280 , 280 
용산구,4602. 숙명여대앞 버스정류소 주변,202212, 156 , 45 
용산구,4603. 한강GS에클라트 건너편 교통섬,202212, 382 , 382 
용산구,4604. 원효로다목적체육관 앞,202212, 324 , 395 
용산구,"4605. 노들섬 다목적홀(동쪽) 숲, 앞",202212, 109 , 97 
용산구,4607. 국립중앙박물관 -용산가족공원 앞,202212, 117 , 113 
용산구,4608. 국립중앙박물관 정문 앞,202212, 93 , 62 
용산구,4609. 파크타워 104동 앞,202212, 138 , 145 
용산구,4610. 한남나인원 105동 앞,202212, 128 , 259 
용산구,4611. 국제루터교회 앞,202212, 83 , 79 
용산구,4612. 한남 준 J.FSS 앞,202212, 52 , 45 
용산구,4613. 서울갤러리아 앞,202212, 87 , 66 
용산구,4615. 크라운호텔앞 버스정류소,202212, 199 , 234 
용산구,4616. 신용산지하차도 앞,202212, 369 , 391 
용산구,4617. 동원베네스트 건너편,202212, 59 , 65 
용산구,4618. 풍전아파트 건너편,202212, 347 , 376 
용산구,4619. 한강트럼프월드3차 앞,202212, 387 , 378 
용산구,4620. 삼각지역 14번 출구 앞(교통섬),202212, 478 , 477 
용산구,4621. 남산도서관 앞,202212, 329 , 49 
용산구,4622. 한강중학교 앞 버스정류장,202212, 128 , 195 
용산구,4623. 라인프랜즈이태원점 앞,202212, 78 , 64 
용산구,4625. 용산공원갤러리앞,202212, 123 , 120 
용산구,4627. 효창공원앞역 5번출구 옆,202212, 163 , 151 
용산구,4629. 한강초교보도육교 앞,202212, 225 , 282 
용산구,4632. 용산 푸르지오 파크타운 1단지 앞,202212, 193 , 119 
용산구,4633. 센트럴파크타워 앞,202212, 560 , 704 
용산구,4634. 이태원역 3번 출구,202212, 234 , 156 
용산구,4636. 용산구꿈나무종합타운 앞,202212, 276 , 316 
용산구,4637. 용산시티파크 101동 앞,202212, 208 , 175 
용산구,4638. 청파동삼거리 앞,202212, 376 , 378 
용산구,4639. 동빙고근린공원,202212, 142 , 177 
용산구,4640. 원효로2가 교차로,202212, 260 , 299 
용산구,4641. 아메리칸센터,202212, 234 , 286 
용산구,4642. 용산더프라임아파트 101동 앞,202212, 185 , 199 
용산구,800. 목월공원 앞,202212, 474 , 455 
용산구,802. 한강진역 2번 출구 앞,202212, 226 , 99 
용산구,803. 한남초교 앞 보도육교,202212, 29 , 34 
용산구,805. 문배어린이공원 앞,202212, 544 , 569 
용산구,806. 전자랜드 본관 앞,202212, 489 , 522 
용산구,807. 서울역 12번 출구 앞,202212, 566 , 593 
용산구,808. 서빙고동 금호맨션 앞,202212, 81 , 86 
용산구,809. 한남 유수지 복개주차장,202212, 338 , 380 
용산구,810. 이태원지하보도,202212, 307 , 291 
용산구,811. 녹사평역1번출구,202212, 304 , 80 
용산구,812. 용산전쟁기념관,202212, 76 , 75 
용산구,813. 삼각지역 3번출구,202212, 403 , 400 
용산구,815. LIG강촌아파트 103동앞,202212, 496 , 481 
용산구,816. 신용산역 6번출구 앞,202212, 856 , 985 
용산구,817. 삼각지역 4번출구 앞,202212, 524 , 537 
용산구,818. 숙명여대 입구 교차로,202212, 781 , 890 
용산구,819. 선린인터넷 고등학교,202212, 724 , 708 
용산구,820. 청파동입구 교차로,202212, 445 , 442 
용산구,822. 이촌1동 마을공원,202212, 196 , 192 
용산구,823. 효창동주민센터 앞,202212, 115 , 59 
용산구,825. 서빙고동 주민센터 앞,202212, 547 , 615 
용산구,827. 국군복지단,202212, 209 , 172 
용산구,828. 숙대입구역 8번,202212, 453 , 577 
용산구,829. 베르가모앞,202212, 662 , 631 
용산구,830. 청암자이아파트앞,202212, 240 , 212 
용산구,831. 이태원관광특구입구,202212, 114 , 95 
용산구,832. 이촌1동 주민센터 뒤,202212, 570 , 565 
용산구,834. 효창공원앞역 3번출구 뒤,202212, 855 , 882 
용산구,835. 남영역 건너편,202212, 659 , 665 
용산구,836. 현대자동차서비스 앞,202212, 195 , 183 
용산구,837. 한남나들목 입구,202212, 496 , 520 
용산구,838. 숙대입구역 4번출구,202212, 711 , 879 
용산구,839. 보광동 삼성리버빌아파트 앞,202212, 331 , 318 
용산구,840. 용산 파크타워 앞,202212, 208 , 197 
용산구,841. 신용산역 1번 출구,202212, 758 , 875 
용산구,843. 녹사평역 광장,202212, 282 , 123 
용산구,844. 이촌2동 동원베네스트 아파트 앞,202212, 465 , 522 
용산구,845. 용산 선인상가,202212, 409 , 420 
용산구,846. 용산중학교,202212, 629 , 634 
용산구,848. 삼각지12번 출구,202212, 251 , 320 
용산구,849. 삼각지 자이아파트,202212, 646 , 650 
용산구,850. KCC용산월츠타워 ,202212, 244 , 262 
용산구,851.효창 푸르지오 앞,202212, 154 , 54 
용산구,852.청암자이APT(103동),202212, 547 , 455 
용산구,853.용산역 맞은편,202212," 1,606 "," 1,712 "
용산구,854.HID 유족동지회 앞,202212, 56 , 29 
용산구,855.이촌역5번출구 앞,202212, 63 , 51 
용산구,857. 현대 안성타워,202212, 284 , 60 
용산구,858.녹사평역3번 출구,202212, 112 , 65 
용산구,860.LG한강 자이아파트 앞,202212, 515 , 506 
용산구,863.이촌역2번 출구,202212, 166 , 134 
용산구,864.순천향대학병원(한남오거리),202212, 315 , 379 
용산구,865.하얏트호텔 앞,202212, 61 , 20 
용산구,866.브라운스톤 남산아파트,202212, 289 , 195 
용산구,867.서빙고역 광장(1번출구),202212, 115 , 128 
용산구,869.노들섬 동측 앞,202212, 86 , 80 
용산구,870.노들섬 서측 앞,202212, 440 , 451 
은평구,4652. 신사두산위브2차아파트 앞,202212, 603 , 568 
은평구,4653. 불광역 9번 출구 맞은편,202212, 476 , 471 
은평구,4657. 본 서부병원 교차로 사거리,202212, 992 , 986 
은평구,4658. 녹번역1번출구앞,202212, 245 , 223 
은평구,4659. 신진과학기술고등학교 버스정류장(응암시장 방면),202212, 649 , 693 
은평구,"4663. 불광역3,6호선 버스정류장(동명여고 방면)",202212, 424 , 390 
은평구,4665. 응암역3번 출구(서부경찰서 방면),202212, 172 , 203 
은평구,4667. 폭포동입구 교차로,202212, 185 , 89 
은평구,4668. 기자촌사거리,202212, 85 , 26 
은평구,4671. 청구성심병원 앞,202212, 389 , 420 
은평구,4672. 준빌딩 앞,202212, 126 , 126 
은평구,4674. 녹번역e편한세상 캐슬 정문 앞,202212, 524 , 520 
은평구,4676. 갈현1동 주민센터,202212, 280 , 266 
은평구,4677. 백련산 SK뷰 아이파크 해모로 아파트 앞,202212, 619 , 689 
은평구,4678. 백련산로 녹번센트레빌 ,202212, 314 , 277 
은평구,4681.박석고개(은평소방서) 앞,202212, 149 , 98 
은평구,4683. 은평 성모병원 사거리,202212, 166 , 170 
은평구,4684. 응암2동주민센터 버스정류장(영락중학교 방면),202212, 288 , 56 
은평구,4685. DMC역 5번 출구(수색역 방향),202212, 663 , 624 
은평구,4686. 우물골 근린공원,202212, 202 , 188 
은평구,4687. 역촌센트레빌아파트 101동 앞,202212, 177 , 41 
은평구,4689. 은평서해그랑블아파트앞,202212, 239 , 234 
은평구,900. 은평예술회관,202212, 719 , 698 
은평구,902. 진관동 은빛초등학교,202212, 275 , 265 
은평구,903. 은평뉴타운 아이파크,202212, 372 , 377 
은평구,904. 은평뉴타운 푸르지오,202212, 349 , 319 
은평구,905. 구파발역 2번출구,202212, 948 ," 1,267 "
은평구,906. 연신내역 5번출구,202212," 1,354 "," 1,538 "
은평구,907. CJ 드림시티,202212," 1,770 "," 2,122 "
은평구,908. 구산역 4번출구,202212, 721 , 725 
은평구,909. 백련산 힐스테이트 3차,202212, 345 , 113 
은평구,911. 은평평화공원(역촌역4번출구),202212," 1,091 "," 1,096 "
은평구,912. 응암오거리,202212," 1,155 "," 1,339 "
은평구,913. 이마트 버스정류장(서부경찰서 방면),202212," 1,437 "," 1,440 "
은평구,914. 새절역 2번출구,202212," 1,129 "," 1,315 "
은평구,915. 증산역 4번출구,202212, 819 , 879 
은평구,916. 평생학습관 앞,202212, 727 , 779 
은평구,917. 녹번역 3번출구,202212, 774 , 734 
은평구,919. 서울혁신파크,202212, 454 , 446 
은평구,921. 신도고등학교,202212, 109 , 53 
은평구,922. 연신내역 4번출구,202212, 235 , 226 
은평구,923. 국민은행 연서지점,202212, 406 , 414 
은평구,924. 메뚜기다리,202212, 56 , 30 
은평구,925. 불광역 2번출구,202212, 408 , 403 
은평구,927. 연신내역 3번출구 인근,202212, 360 , 367 
은평구,928. 은평역사한옥박물관,202212, 87 , 47 
은평구,930. 구 서부경찰서 건너편,202212, 613 , 657 
은평구,931. 역촌파출소,202212," 2,120 "," 2,237 "
은평구,932. 예일여중,202212, 572 , 602 
은평구,933. 역촌종합시장 버스정류장(예일여고 방면),202212," 1,146 "," 1,283 "
은평구,934. 신사동 성당,202212, 139 , 80 
은평구,937. 상림마을 롯데캐슬2단지 옆,202212, 33 , 49 
은평구,938. 금암 문화공원,202212, 75 , 88 
은평구,939. 은평구청 교차로,202212, 513 , 514 
은평구,941. 은평뉴타운 도서관,202212, 240 , 90 
은평구,942. 상림마을 생태공원,202212, 197 , 151 
은평구,945. 기자촌 사거리,202212, 102 , 36 
은평구,946. 독바위역 ,202212, 360 , 303 
은평구,947. 연신내 선일하이츠빌 정류소,202212, 221 , 204 
은평구,948. 디지털미디어 시티역 4번출구(DMC역),202212, 482 , 462 
은평구,949. 연신내역 1번 출구 ,202212, 582 , 735 
은평구,950. 구산역 2번 출구 예일여고 버스정류장,202212, 682 , 686 
은평구,952. 서울연신중학교,202212, 148 , 139 
은평구,953. 서울연신초등학교,202212, 321 , 267 
은평구,954. 은평뉴타운구파발9단지,202212, 239 , 316 
은평구,956. 응암시장교차로,202212," 1,193 "," 1,430 "
은평구,958. 본 서부병원 버스정류장(은평 세무서 방면),202212, 707 , 734 
은평구,959. 구파발10단지 인근,202212, 129 , 127 
은평구,960. 구파발역 환승센터,202212, 327 , 390 
은평구,961. 불광역 9번 출구,202212, 742 , 725 
은평구,962. 은평뉴타운 힐데스하임,202212, 508 , 529 
은평구,963. 대호프라자아파트,202212, 448 , 422 
은평구,964. 북한산힐스테이트 7차아파트,202212, 289 , 182 
은평구,965. 서울특별시 은평병원,202212, 302 , 111 
은평구,966. 서울혁신파크1,202212, 108 , 103 
은평구,967. 서울혁신파크2,202212, 173 , 157 
은평구,968. 은평뉴타운 상림마을 13단지,202212, 83 , 50 
은평구,969. 은평 지웰테라스,202212, 32 , 18 
은평구,971. 역촌 센트레빌 아파트,202212, 197 , 28 
은평구,972. 수색역,202212, 893 , 849 
은평구,973.제각말푸르지오 5-1단지 아파트,202212, 96 , 36 
은평구,974.연신초등학교옆 마을마당,202212, 114 , 50 
은평구,975.백련산 힐스테이트상가앞,202212, 241 , 62 
은평구,976.진관고등학교앞,202212, 306 , 354 
은평구,977.신도중학교앞,202212, 141 , 25 
은평구,978.녹번 힐스테이트상가앞,202212, 159 , 83 
은평구,979.원풍빌라앞,202212, 326 , 284 
은평구,982. 녹번초등학교(서오릉로),202212, 523 , 538 
은평구,984.상신초등학교앞 버스정류장,202212, 586 , 570 
은평구,985. 은평세무서 버스정류장(은평구청 방면),202212, 858 , 892 
은평구,989. 신응교(가좌로) 앞,202212, 627 , 800 
은평구,991.흥국사 정류장,202212, 22 , 34 
은평구,992.북한산입구 정류장,202212, 51 , 57 
은평구,993.은평뉴타운 은뜨락아파트앞,202212, 239 , 98 
은평구,994.북한산생태공원입구(교통섬),202212, 155 , 150 
은평구,995.은평다목적체육관,202212, 189 , 148 
은평구,996.응암역2번출구 국민은행 앞,202212," 1,739 "," 2,221 "
종로구,301. 경복궁역 7번출구 앞,202212, 560 , 438 
종로구,302. 경복궁역 4번출구 뒤,202212, 993 , 963 
종로구,303. 광화문역 1번출구 앞,202212," 1,671 "," 1,633 "
종로구,305. 종로구청 옆,202212, 989 , 994 
종로구,307. 서울역사박물관 앞,202212, 611 , 598 
종로구,308. 광화문 S타워 앞,202212," 1,137 "," 1,194 "
종로구,309. 광화문역 6번출구 옆 B,202212, 332 , 349 
종로구,314. 국립현대미술관,202212, 574 , 561 
종로구,316. 종각역 1번출구 앞,202212," 1,314 "," 1,305 "
종로구,326. 안국역 5번출구 앞,202212, 918 , 768 
종로구,327. 낙원상가 옆,202212, 989 , 989 
종로구,328. 탑골공원 앞,202212, 387 , 378 
종로구,329. 청계2가 사거리 옆,202212, 818 , 727 
종로구,334. 종로3가역 2번출구 뒤,202212, 838 , 849 
종로구,335. 종로3가역 15번출구 앞,202212, 644 , 664 
종로구,337. 창경궁 입구,202212, 353 , 362 
종로구,338. 세운스퀘어 앞,202212, 602 , 599 
종로구,339. 종로4가 사거리,202212, 671 , 652 
종로구,340. 혜화동 로터리,202212, 842 , 857 
종로구,3401.창신두산아파트,202212, 121 , 120 
종로구,3402.이화공영주차장,202212, 305 , 280 
종로구,3403.서울특별시 교육청,202212, 96 , 48 
종로구,3404.서울특별시 중부교육지원청,202212, 69 , 90 
종로구,3405.파크팰리스,202212, 645 , 593 
종로구,3407.안국동사거리(신),202212, 732 , 791 
종로구,3408.종로타워빌딩,202212, 773 , 780 
종로구,341. 혜화역 3번출구 뒤,202212, 726 , 708 
종로구,3410.종로3가역 8번출구,202212," 1,683 "," 1,692 "
종로구,3411.종묘,202212, 520 , 546 
종로구,3412.세운상가,202212, 377 , 433 
종로구,3413.종로플레이스,202212," 1,465 "," 1,766 "
종로구,3414.종로5가역 4번출구,202212, 758 , 777 
종로구,3415.동대문역6번출구,202212, 856 ," 1,095 "
종로구,3416.동묘앞역 6번출구,202212," 1,305 "," 1,350 "
종로구,3417.창신3동주민센터,202212, 727 , 723 
종로구,3418.창신역2번 출구,202212, 89 , 63 
종로구,3419.국립어린이과학관,202212, 248 , 225 
종로구,342. 대학로 마로니에공원,202212," 1,382 "," 1,461 "
종로구,3420. 성균관대입구사거리,202212, 668 , 665 
종로구,3421.혜화역 1번출구,202212," 1,080 "," 1,082 "
종로구,3422.성균관대 정문,202212," 1,193 ", 967 
종로구,3423.현대그룹(본사),202212, 513 , 461 
종로구,3425.광화문 풍림스페이스본 1단지앞,202212, 406 , 312 
종로구,3426.독립문역 2번출구 뒤,202212, 160 , 128 
종로구,3427.인왕산 아이파크 정문,202212, 132 , 111 
종로구,3428.서울미술관,202212, 52 , 33 
종로구,3429.HW컨벤션센터 앞,202212, 121 , 58 
종로구,343. 예일빌딩(율곡로) 앞,202212, 532 , 515 
종로구,3430.구기치안센터 앞,202212, 107 , 50 
종로구,3431.로제우스 레포츠센터,202212, 73 , 44 
종로구,3432.종로2가 사거리,202212, 715 , 667 
종로구,344. 성균관대 E하우스 앞,202212, 679 , 629 
종로구,345. 서울보증보험본사 앞,202212, 854 , 863 
종로구,348. 독립문역 사거리,202212, 669 , 470 
종로구,349. 사직동주민센터,202212, 307 , 297 
종로구,351. 청운초교 앞 삼거리,202212, 329 , 319 
종로구,352. 중앙고입구 삼거리,202212, 120 , 61 
종로구,353. 재동초교 앞 삼거리,202212, 494 , 487 
종로구,354. 포르투갈 대사관 앞,202212, 631 , 408 
종로구,355. 서울사대부속초교 앞,202212, 689 , 709 
종로구,356. KT혜화지사 앞,202212, 662 , 698 
종로구,358. 성대입구 사거리,202212, 523 , 513 
종로구,359. 원남동사거리,202212, 705 , 772 
종로구,361. 동묘앞역 1번출구 뒤,202212," 1,932 "," 2,013 "
종로구,362. 청계8가 사거리,202212," 1,219 "," 1,244 "
종로구,363. 신설동역 11번출구 뒤,202212," 1,067 "," 1,118 "
종로구,364. 창신역 1번출구 앞,202212, 318 , 256 
종로구,367. 독립문역 3-1번출구 ,202212, 952 , 577 
종로구,368. SK 서린빌딩 앞,202212, 930 ," 1,053 "
종로구,369. 광화문 시민열린마당,202212, 526 , 519 
종로구,385. 종각역 5번출구,202212, 740 , 794 
종로구,388. 동성중학교 앞,202212, 243 , 221 
종로구,393. 동대문역 8번 출구,202212," 1,512 "," 1,489 "
종로구,394. 경희궁 자이 3단지,202212, 678 , 821 
종로구,395. 경희궁 자이 2단지,202212, 587 , 599 
종로구,397. 종묘공영주차장 건너편,202212, 201 , 213 
종로구,446. 상명대입구,202212, 313 , 275 
종로구,447. 신영동삼거리,202212, 48 , 39 
종로구,449. 일성아파트,202212, 148 , 49 
종로구,450. 효자동 삼거리,202212, 461 , 287 
종로구,451. 청와대앞길,202212, 107 , 67 
종로구,452. 동대문 종합시장 버스정류장,202212, 419 , 420 
종로구,453. 종로오가 지하쇼핑센터 14번출구,202212, 685 , 717 
종로구,454. 종로2가 버스정류장 (종각방향),202212, 813 , 790 
종로구,455. 종로6가역 버스정류장(동대문 방향),202212, 703 , 743 
종로구,456. 숭인2동 주민센터 입구,202212, 855 , 861 
종로구,457. 종로꽃시장 입구 옆,202212, 576 , 644 
종로구,458. 광화문역 5번출구,202212," 1,214 "," 1,260 "
종로구,461. 서울지방경찰청,202212, 699 , 623 
종로구,462. 신영동삼거리(북악터널방향),202212, 33 , 31 
종로구,464. 삼청동 골목,202212, 440 , 397 
종로구,465. 삼청공원 앞,202212, 77 , 58 
종로구,4703. 쌍용아파트2단지 정문,202212, 214 , 13 
종로구,4705. 웰니스센터(민방위교육장 앞),202212, 819 , 805 
종로구,4707. 청계3가 사거리,202212, 481 , 490 
종로구,4708. 조계사앞사거리,202212, 759 , 765 
종로구,4709. 천지인 오피스텔 앞,202212, 50 , 43 
종로구,4710. 자교교회 앞,202212, 704 , 716 
종로구,4711. 올림픽기념 국민생활관 로터리,202212, 857 , 828 
종로구,4713. 현대 뜨레비앙 아파트 앞,202212, 642 , 634 
종로구,4715. 돈의문 박물관 마을,202212, 288 , 236 
종로구,4718. 광화문역 6번출구 옆 A,202212, 560 , 564 
종로구,4719. 종로문화원 건너편,202212, 388 , 382 
종로구,486. 평창동주민센터 앞,202212, 116 , 98 
중구,300. 정동사거리,202212, 582 , 573 
중구,3013.서울지방고용노동청 앞,202212, 622 , 646 
중구,310. 청계광장 옆,202212, 738 , 728 
중구,318. 광교사거리 남측,202212, 555 , 568 
중구,320. 을지로입구역 4번출구 앞,202212, 785 , 774 
중구,321. KEB 하나금융그룹 명동사옥 옆,202212, 576 , 542 
중구,322. 명동성당 앞,202212, 346 , 344 
중구,324. 신세계백화점 본점 앞,202212, 462 , 552 
중구,331. 을지로2가 사거리 북측,202212, 491 , 508 
중구,332. 을지로2가 사거리 남측,202212, 469 , 467 
중구,336. 충무로역 6번출구 앞,202212, 467 , 467 
중구,346. 맥스타일 앞,202212, 720 , 722 
중구,347. 동대문역사문화공원역 9번출구 앞,202212, 322 , 295 
중구,370. 시청역(2호선) 9번출구 뒤,202212," 1,492 "," 1,497 "
중구,371. 동대입구역 6번출구 뒤,202212, 238 , 266 
중구,372. 약수역 3번출구 뒤,202212, 294 , 307 
중구,374. 청구역 2번출구 앞,202212," 1,005 "," 1,051 "
중구,379. 서울역9번출구,202212, 524 , 533 
중구,380. CJ제일제당 앞,202212, 784 , 772 
중구,381. 장충체육관,202212, 97 , 54 
중구,382. 약수역 10번출구 앞,202212, 255 , 254 
중구,383. 신당역 12번 출구 뒤,202212," 1,907 "," 1,965 "
중구,384. 종로학원본원 ,202212, 100 , 99 
중구,387. 훈련원공원주차장 앞,202212, 628 , 632 
중구,389. 을지로4가역 1번출구,202212, 562 , 568 
중구,390. 충무로역 1번출구,202212, 556 , 527 
중구,391. 시립미술관,202212, 384 , 383 
중구,398. 을지로3가역 3번출구,202212, 828 , 891 
중구,399. 서울역 센트럴 자이아파트,202212, 649 , 321 
중구,428. 명보사거리,202212, 229 , 242 
중구,429. 송도병원,202212, 104 , 41 
중구,430. 장충동먹자골목 앞,202212, 417 , 452 
중구,431. 청계천 영도교,202212," 1,976 "," 1,924 "
중구,433. 을지로입구역 2번출구,202212, 741 , 712 
중구,434. 신당 래미안 버스정류장,202212, 350 , 17 
중구,435. SK 남산빌딩,202212, 197 , 164 
중구,441.염천교사거리,202212, 378 , 419 
중구,442.서울역 서부,202212, 231 , 223 
중구,443.호암아트홀,202212, 140 , 134 
중구,445.대한상공회의소,202212, 761 , 821 
중구,466.롯데호텔,202212, 221 , 251 
중구,467.한국은행,202212, 107 , 133 
중구,468.웨스틴 조선호텔,202212, 307 , 315 
중구,469.회현역 1번출구,202212, 168 , 152 
중구,470.회현역 7번출구,202212, 179 , 131 
중구,471.회현사거리 남측,202212, 404 , 423 
중구,472.삼일교(시그니쳐 타워),202212, 563 , 562 
중구,473.을지로4가역 9번출구,202212," 1,046 ", 999 
중구,474.동대문역사문화공원역 1번출구 뒤편,202212, 906 , 893 
중구,475.DDP 패션몰,202212, 797 , 707 
중구,4752. 삼성사이버빌리지아파트,202212, 198 , 112 
중구,4753. 시청역 10번출구,202212, 336 , 300 
중구,476.광희문,202212, 552 , 541 
중구,4760. 서울역 7번출구,202212, 83 , 93 
중구,4761. 중부경찰서앞사거리 건너편,202212, 179 , 186 
중구,4762. 국제빌딩,202212, 207 , 225 
중구,4765. 동대문디자인플라자,202212," 1,093 "," 1,153 "
중구,4766. 서소문성지역사박물관,202212, 106 , 87 
중구,4768. 서울도시건축전시관,202212," 1,365 "," 1,326 "
중구,477.앰배서더 호텔 주변,202212, 334 , 85 
중구,4772. 중앙일보,202212, 129 , 124 
중구,4774. 을지로입구역 8번출구,202212, 405 , 426 
중구,4775. 을지로지하쇼핑센터,202212, 301 , 276 
중구,4776. 신세계면세점,202212, 241 , 209 
중구,4777. 약수동 주민센터,202212, 95 , 82 
중구,4778. 대신파이낸스센터,202212, 637 , 660 
중구,4781. 브라운스위트레지던스,202212, 216 , 250 
중구,4782. 서소문역사공원,202212, 130 , 132 
중구,4784. 중부경찰서앞 사거리,202212, 233 , 230 
중구,4785. 롯데시티호텔,202212, 294 , 295 
중구,479.동대입구역 3번 출구,202212, 167 , 168 
중구,4791. 명동역9번 출구,202212, 562 , 541 
중구,4792. 퇴계로4가 교차로(중구청),202212, 912 , 907 
중구,4793. 동대문역사문화공원역 5번출구,202212, 562 , 518 
중구,4794. 서울역 서부교차로(3),202212, 700 , 805 
중구,4796. 부산은행,202212," 1,042 "," 1,046 "
중구,4797. KG타워 앞,202212, 563 , 611 
중구,4798. 황학동롯데캐슬,202212," 1,165 "," 1,172 "
중구,480.약수역 6번 출구,202212, 293 , 280 
중구,4800. 필동 삼거리,202212, 361 , 358 
중구,4801. 충정로역 2호선(엘리베이터 앞),202212, 185 , 105 
중구,481.신당역 10번 출구,202212," 1,077 "," 1,069 "
중구,483.남산타운아파트 버스정류장,202212, 179 , 65 
중구,484.도동삼거리,202212, 58 , 42 
중구,485.서울역5번출구,202212, 488 , 529 
중구,6053. 중부세무서 앞,202212, 115 , 110 
중구,826. 서울역 서부교차로2,202212, 582 , 699 
중랑구,1401. 극동늘푸른아파트,202212, 679 , 824 
중랑구,1402. 금란주차장 앞,202212, 563 , 555 
중랑구,1403. 중화빌딩 앞 (동부시장),202212, 513 , 599 
중랑구,1404. 동일로 지하차도,202212," 1,053 "," 1,058 "
중랑구,1405. 망우역 1번출구,202212, 448 , 438 
중랑구,1406. 망우청소년수련관,202212, 75 , 62 
중랑구,1407. 먹골역 1번출구 뒤,202212, 677 , 733 
중랑구,1408. 먹골역 6번출구 앞,202212, 477 , 513 
중랑구,1410. 면목 대원칸타빌아파트,202212, 123 , 52 
중랑구,1411. 상봉시장앞 교차로 한성빌딩 앞,202212, 742 , 741 
중랑구,1413. 봉화산역 5번출구 뒤,202212, 572 , 611 
중랑구,1414. 사가정역 2번출구,202212," 1,344 "," 1,370 "
중랑구,1416. 상봉역 3번출구,202212," 1,102 "," 1,128 "
중랑구,1418. 새솔초등학교,202212, 243 , 34 
중랑구,1420. 신내어울공원 앞,202212, 385 , 417 
중랑구,1421. 신내역 4번출구,202212, 229 , 199 
중랑구,1422. 신내우디안아파트 1단지,202212, 118 , 41 
중랑구,1424. 양원역 2번출구,202212, 80 , 74 
중랑구,1425. 용마문화복지센터,202212, 343 , 241 
중랑구,1426. 면목도시개발아파트 1동 앞,202212, 129 , 43 
중랑구,1427. 용마산역 1번출구,202212, 147 , 78 
중랑구,1428. 원묵고등학교,202212, 647 , 333 
중랑구,1429. 장안중학교,202212, 571 , 605 
중랑구,1430. 중랑구청,202212, 477 , 250 
중랑구,1431. 중랑구청 사거리,202212, 597 , 442 
중랑구,1433. 중화역 2번출구,202212, 727 , 867 
중랑구,1435. 능산삼거리,202212, 154 , 154 
중랑구,1436. 동원베네스트 건물 앞,202212, 244 , 152 
중랑구,1437. 늘푸른공원 앞,202212, 540 , 608 
중랑구,1438. 홈플러스 신내점 앞,202212," 1,013 "," 1,161 "
중랑구,1440. 면목2동 사거리,202212, 743 , 816 
중랑구,1441. 신내능말공원,202212, 214 , 123 
중랑구,1442. 중랑구 중소기업 창업센터,202212," 1,149 "," 1,224 "
중랑구,1444. 면목4치안센터,202212, 636 , 742 
중랑구,1445. 용마지구대,202212, 114 , 129 
중랑구,1446. 중랑전화국 교차로,202212," 1,233 "," 1,328 "
중랑구,1447. 면목역 3번출구,202212," 1,232 "," 1,249 "
중랑구,1448. 코스트코 상봉점,202212, 996 , 989 
중랑구,1449. 상봉역 1번출구,202212," 1,534 "," 1,556 "
중랑구,1450. 화랑대역 7번출구,202212, 601 , 722 
중랑구,1451. 중랑세무서,202212," 1,012 "," 1,019 "
중랑구,1452. 겸재교 진입부,202212, 984 ," 1,160 "
중랑구,1453. 중랑캠핑숲,202212, 95 , 61 
중랑구,1454. 한국전력공사(동대문 중랑지사),202212, 514 , 486 
중랑구,1455. 상봉역 2번 출구,202212," 1,151 "," 1,197 "
중랑구,1456. 상아빌딩(우림시장 교차로),202212, 746 , 804 
중랑구,1457. 동원사거리,202212, 318 , 313 
중랑구,1458. 상봉터미널2,202212," 1,245 "," 1,271 "
중랑구,1459. 용마한신아파트사거리,202212, 134 , 88 
중랑구,1461.동양엔파트 앞,202212, 609 , 623 
중랑구,1462.동부시장 북문 앞,202212," 1,037 "," 1,062 "
중랑구,1463.중랑구민회관,202212, 126 , 119 
중랑구,1464.중화역 4번출구,202212, 415 , 496 
중랑구,1465.중랑공영차고지 옆,202212, 544 , 691 
중랑구,1466.두산대림아파트 삼거리,202212, 209 , 190 
중랑구,1467.sk신내 주유소앞(용마산로),202212, 118 , 130 
중랑구,1468.먹골역 7번 출구,202212, 374 , 408 
중랑구,1469.먹골역 4번출구,202212, 456 , 463 
중랑구,1470.중화동 우리은행 앞,202212, 560 , 555 
중랑구,1471.동양쇼핑 정류소 앞,202212, 712 , 810 
중랑구,1472.영성빌딩(PAT),202212, 480 , 573 
중랑구,1473.중랑역 1번 출구(중화문화복지센터),202212, 583 , 666 
중랑구,1474.서울중랑우체국,202212, 426 , 428 
중랑구,1477.면목삼익아파트 앞,202212, 167 , 191 
중랑구,1478.홈플러스 상봉점 앞,202212, 726 , 712 
중랑구,1479.면목 홈플러스 2 ,202212, 128 , 134 
중랑구,1480. 용마지구대 옆,202212, 292 , 308 
중랑구,4802. 새우개마을,202212, 79 , 70 
중랑구,4804. 동서울농협 앞,202212, 812 , 851 
중랑구,4807. 라코지스테이 앞,202212, 317 , 317 
중랑구,4808. 신내2동 주민센터 앞,202212, 381 , 381 
중랑구,"4809. 동성1,2차 아파트 앞",202212, 562 , 457 
중랑구,4811. 한양수자인아파트 앞,202212, 213 , 102 
중랑구,4812. 묵동 이마트 앞,202212, 704 , 708 
중랑구,4813. 망우지구대,202212, 942 , 957 
중랑구,4815. 중랑데시앙플렉스 앞,202212, 227 , 176 
중랑구,4819. 면목동 새싹어린이공원 앞,202212, 714 , 732 
중랑구,4820. 망우역 2번 출구,202212, 839 , 853 
중랑구,4821. 동원초등학교 정문 앞,202212, 156 , 176 
중랑구,4823. 방정환교육지원센터 옆,202212, 477 , 478 
중랑구,4824. 상봉신협 앞,202212, 730 , 736 
중랑구,4825. 신내동 벽산아파트 후문 앞,202212, 467 , 466 
중랑구,4826. 홈플러스 면목점,202212, 321 , 322 
중랑구,4827. 신내SK V1센터 앞,202212, 195 , 175 
중랑구,4828. 신내동 한살림 중랑지구 앞,202212, 491 , 510 
중랑구,4829. 신내동 한살림 중랑지구 북축,202212, 235 , 213 
중랑구,4830. 신내 우디안 111동 앞,202212, 104 , 20 
중랑구,4834. 용마복지센터 앞,202212, 54 , 58 
중랑구,4835. 망우동 본죽 앞,202212, 427 , 415 
중랑구,4836. 양원역 1번 출구,202212, 341 , 336 
중랑구,4837. 양원지구 힐데스하임 앞,202212, 292 , 291 
중랑구,4838.동원사거리 행복오피스텔 앞,202212, 301 , 227 
중랑구,4840. 서울시 북부병원 앞,202212, 177 , 196 
중랑구,4841. 중화수경공원,202212, 225 , 233 
